625
0	5e+24	293817	293817	0	0.146909	0.146909	0	3.67272e-08	3.67272e-08	0
1	5e+24	350363	2e+11	0	0.175182	0.0954435	0	4.37954e-08	2.38609e-08	0
2	5e+24	379376	4e+11	0	0.189688	0.0735524	0	4.7422e-08	1.83881e-08	0
3	5e+24	397704	6e+11	0	0.198852	0.0594943	0	4.9713e-08	1.48736e-08	0
4	5e+24	410504	8e+11	0	0.205252	0.0489734	0	5.1313e-08	1.22434e-08	0
5	5e+24	419912	1e+12	0	0.209956	0.0404324	0	5.2489e-08	1.01081e-08	0
6	5e+24	427005	1.2e+12	0	0.213502	0.0331326	0	5.33756e-08	8.28314e-09	0
7	5e+24	432392	1.4e+12	0	0.216196	0.0266626	0	5.4049e-08	6.66565e-09	0
8	5e+24	436448	1.6e+12	0	0.218224	0.020766	0	5.4556e-08	5.1915e-09	0
9	5e+24	439410	1.8e+12	0	0.219705	0.015268	0	5.49262e-08	3.817e-09	0
10	5e+24	441432	2e+12	0	0.220716	0.0100399	0	5.5179e-08	2.50998e-09	0
11	5e+24	442610	2.2e+12	0	0.221305	0.00497967	0	5.53263e-08	1.24492e-09	0
12	5e+24	442997	2.4e+12	0	0.221499	-1.03546e-18	0	5.53746e-08	-2.41126e-24	0
13	5e+24	442610	2.6e+12	0	0.221305	-0.00497967	0	5.53263e-08	-1.24492e-09	0
14	5e+24	441432	2.8e+12	0	0.220716	-0.0100399	0	5.5179e-08	-2.50998e-09	0
15	5e+24	439410	3e+12	0	0.219705	-0.015268	0	5.49262e-08	-3.817e-09	0
16	5e+24	436448	3.2e+12	0	0.218224	-0.020766	0	5.4556e-08	-5.1915e-09	0
17	5e+24	432392	3.4e+12	0	0.216196	-0.0266626	0	5.4049e-08	-6.66565e-09	0
18	5e+24	427005	3.6e+12	0	0.213502	-0.0331326	0	5.33756e-08	-8.28314e-09	0
19	5e+24	419912	3.8e+12	0	0.209956	-0.0404324	0	5.2489e-08	-1.01081e-08	0
20	5e+24	410504	4e+12	0	0.205252	-0.0489734	0	5.1313e-08	-1.22434e-08	0
21	5e+24	397704	4.2e+12	0	0.198852	-0.0594943	0	4.9713e-08	-1.48736e-08	0
22	5e+24	379376	4.4e+12	0	0.189688	-0.0735524	0	4.7422e-08	-1.83881e-08	0
23	5e+24	350363	4.6e+12	0	0.175182	-0.0954435	0	4.37954e-08	-2.38609e-08	0
24	5e+24	293817	4.8e+12	0	0.146909	-0.146909	0	3.67272e-08	-3.67272e-08	0
25	5e+24	2e+11	350363	0	0.0954435	0.175182	0	2.38609e-08	4.37954e-08	0
26	5e+24	2e+11	2e+11	0	0.111883	0.111883	0	2.79708e-08	2.79708e-08	0
27	5e+24	2e+11	4e+11	0	0.123372	0.0839854	0	3.08431e-08	2.09964e-08	0
28	5e+24	2e+11	6e+11	0	0.13145	0.0667212	0	3.28626e-08	1.66803e-08	0
29	5e+24	2e+11	8e+11	0	0.137347	0.0542514	0	3.43368e-08	1.35629e-08	0
30	5e+24	2e+11	1e+12	0	0.141776	0.0444019	0	3.54439e-08	1.11005e-08	0
31	5e+24	2e+11	1.2e+12	0	0.145154	0.0361557	0	3.62884e-08	9.03893e-09	0
32	5e+24	2e+11	1.4e+12	0	0.147737	0.0289598	0	3.69343e-08	7.23994e-09	0
33	5e+24	2e+11	1.6e+12	0	0.14969	0.0224776	0	3.74225e-08	5.61941e-09	0
34	5e+24	2e+11	1.8e+12	0	0.15112	0.0164857	0	3.778e-08	4.12142e-09	0
35	5e+24	2e+11	2e+12	0	0.152098	0.0108226	0	3.80244e-08	2.70564e-09	0
36	5e+24	2e+11	2.2e+12	0	0.152668	0.00536267	0	3.8167e-08	1.34067e-09	0
37	5e+24	2e+11	2.4e+12	0	0.152855	1.29717e-17	0	3.82138e-08	8.53838e-24	0
38	5e+24	2e+11	2.6e+12	0	0.152668	-0.00536267	0	3.8167e-08	-1.34067e-09	0
39	5e+24	2e+11	2.8e+12	0	0.152098	-0.0108226	0	3.80244e-08	-2.70564e-09	0
40	5e+24	2e+11	3e+12	0	0.15112	-0.0164857	0	3.778e-08	-4.12142e-09	0
41	5e+24	2e+11	3.2e+12	0	0.14969	-0.0224776	0	3.74225e-08	-5.61941e-09	0
42	5e+24	2e+11	3.4e+12	0	0.147737	-0.0289598	0	3.69343e-08	-7.23994e-09	0
43	5e+24	2e+11	3.6e+12	0	0.145154	-0.0361557	0	3.62884e-08	-9.03893e-09	0
44	5e+24	2e+11	3.8e+12	0	0.141776	-0.0444019	0	3.54439e-08	-1.11005e-08	0
45	5e+24	2e+11	4e+12	0	0.137347	-0.0542514	0	3.43368e-08	-1.35629e-08	0
46	5e+24	2e+11	4.2e+12	0	0.13145	-0.0667212	0	3.28626e-08	-1.66803e-08	0
47	5e+24	2e+11	4.4e+12	0	0.123372	-0.0839854	0	3.08431e-08	-2.09964e-08	0
48	5e+24	2e+11	4.6e+12	0	0.111883	-0.111883	0	2.79708e-08	-2.79708e-08	0
49	5e+24	2e+11	4.8e+12	0	0.0954435	-0.175182	0	2.38609e-08	-4.37954e-08	0
50	5e+24	4e+11	379376	0	0.0735524	0.189688	0	1.83881e-08	4.7422e-08	0
51	5e+24	4e+11	2e+11	0	0.0839854	0.123372	0	2.09964e-08	3.08431e-08	0
52	5e+24	4e+11	4e+11	0	0.0924903	0.0924903	0	2.31226e-08	2.31226e-08	0
53	5e+24	4e+11	6e+11	0	0.099113	0.0730529	0	2.47783e-08	1.82632e-08	0
54	5e+24	4e+11	8e+11	0	0.104236	0.0590498	0	2.60589e-08	1.47624e-08	0
55	5e+24	4e+11	1e+12	0	0.108213	0.048086	0	2.70533e-08	1.20215e-08	0
56	5e+24	4e+11	1.2e+12	0	0.111309	0.0389963	0	2.78272e-08	9.74907e-09	0
57	5e+24	4e+11	1.4e+12	0	0.113706	0.0311347	0	2.84265e-08	7.78368e-09	0
58	5e+24	4e+11	1.6e+12	0	0.115533	0.0241061	0	2.88832e-08	6.02653e-09	0
59	5e+24	4e+11	1.8e+12	0	0.116878	0.0176478	0	2.92194e-08	4.41194e-09	0
60	5e+24	4e+11	2e+12	0	0.1178	0.0115709	0	2.945e-08	2.89273e-09	0
61	5e+24	4e+11	2.2e+12	0	0.118339	0.00572927	0	2.95848e-08	1.43232e-09	0
62	5e+24	4e+11	2.4e+12	0	0.118516	2.21542e-17	0	2.96291e-08	1.01184e-23	0
63	5e+24	4e+11	2.6e+12	0	0.118339	-0.00572927	0	2.95848e-08	-1.43232e-09	0
64	5e+24	4e+11	2.8e+12	0	0.1178	-0.0115709	0	2.945e-08	-2.89273e-09	0
65	5e+24	4e+11	3e+12	0	0.116878	-0.0176478	0	2.92194e-08	-4.41194e-09	0
66	5e+24	4e+11	3.2e+12	0	0.115533	-0.0241061	0	2.88832e-08	-6.02653e-09	0
67	5e+24	4e+11	3.4e+12	0	0.113706	-0.0311347	0	2.84265e-08	-7.78368e-09	0
68	5e+24	4e+11	3.6e+12	0	0.111309	-0.0389963	0	2.78272e-08	-9.74907e-09	0
69	5e+24	4e+11	3.8e+12	0	0.108213	-0.048086	0	2.70533e-08	-1.20215e-08	0
70	5e+24	4e+11	4e+12	0	0.104236	-0.0590498	0	2.60589e-08	-1.47624e-08	0
71	5e+24	4e+11	4.2e+12	0	0.099113	-0.0730529	0	2.47783e-08	-1.82632e-08	0
72	5e+24	4e+11	4.4e+12	0	0.0924903	-0.0924903	0	2.31226e-08	-2.31226e-08	0
73	5e+24	4e+11	4.6e+12	0	0.0839854	-0.123372	0	2.09964e-08	-3.08431e-08	0
74	5e+24	4e+11	4.8e+12	0	0.0735524	-0.189688	0	1.83881e-08	-4.7422e-08	0
75	5e+24	6e+11	397704	0	0.0594943	0.198852	0	1.48736e-08	4.9713e-08	0
76	5e+24	6e+11	2e+11	0	0.0667212	0.13145	0	1.66803e-08	3.28626e-08	0
77	5e+24	6e+11	4e+11	0	0.0730529	0.099113	0	1.82632e-08	2.47783e-08	0
78	5e+24	6e+11	6e+11	0	0.0783312	0.0783312	0	1.95828e-08	1.95828e-08	0
79	5e+24	6e+11	8e+11	0	0.0826238	0.0632237	0	2.06559e-08	1.58059e-08	0
80	5e+24	6e+11	1e+12	0	0.0860726	0.0513775	0	2.15182e-08	1.28444e-08	0
81	5e+24	6e+11	1.2e+12	0	0.0888185	0.0415781	0	2.22046e-08	1.03945e-08	0
82	5e+24	6e+11	1.4e+12	0	0.0909779	0.033134	0	2.27445e-08	8.2835e-09	0
83	5e+24	6e+11	1.6e+12	0	0.0926406	0.0256143	0	2.31602e-08	6.40358e-09	0
84	5e+24	6e+11	1.8e+12	0	0.0938731	0.0187293	0	2.34683e-08	4.68233e-09	0
85	5e+24	6e+11	2e+12	0	0.0947224	0.0122695	0	2.36806e-08	3.06739e-09	0
86	5e+24	6e+11	2.2e+12	0	0.0952201	0.00607209	0	2.3805e-08	1.51802e-09	0
87	5e+24	6e+11	2.4e+12	0	0.095384	-2.79496e-17	0	2.3846e-08	-1.1923e-23	0
88	5e+24	6e+11	2.6e+12	0	0.0952201	-0.00607209	0	2.3805e-08	-1.51802e-09	0
89	5e+24	6e+11	2.8e+12	0	0.0947224	-0.0122695	0	2.36806e-08	-3.06739e-09	0
90	5e+24	6e+11	3e+12	0	0.0938731	-0.0187293	0	2.34683e-08	-4.68233e-09	0
91	5e+24	6e+11	3.2e+12	0	0.0926406	-0.0256143	0	2.31602e-08	-6.40358e-09	0
92	5e+24	6e+11	3.4e+12	0	0.0909779	-0.033134	0	2.27445e-08	-8.2835e-09	0
93	5e+24	6e+11	3.6e+12	0	0.0888185	-0.0415781	0	2.22046e-08	-1.03945e-08	0
94	5e+24	6e+11	3.8e+12	0	0.0860726	-0.0513775	0	2.15182e-08	-1.28444e-08	0
95	5e+24	6e+11	4e+12	0	0.0826238	-0.0632237	0	2.06559e-08	-1.58059e-08	0
96	5e+24	6e+11	4.2e+12	0	0.0783312	-0.0783312	0	1.95828e-08	-1.95828e-08	0
97	5e+24	6e+11	4.4e+12	0	0.0730529	-0.099113	0	1.82632e-08	-2.47783e-08	0
98	5e+24	6e+11	4.6e+12	0	0.0667212	-0.13145	0	1.66803e-08	-3.28626e-08	0
99	5e+24	6e+11	4.8e+12	0	0.0594943	-0.198852	0	1.48736e-08	-4.9713e-08	0
100	5e+24	8e+11	410504	0	0.0489734	0.205252	0	1.22434e-08	5.1313e-08	0
101	5e+24	8e+11	2e+11	0	0.0542514	0.137347	0	1.35629e-08	3.43368e-08	0
102	5e+24	8e+11	4e+11	0	0.0590498	0.104236	0	1.47624e-08	2.60589e-08	0
103	5e+24	8e+11	6e+11	0	0.0632237	0.0826238	0	1.58059e-08	2.06559e-08	0
104	5e+24	8e+11	8e+11	0	0.0667476	0.0667476	0	1.66869e-08	1.66869e-08	0
105	5e+24	8e+11	1e+12	0	0.0696628	0.0542312	0	1.74157e-08	1.35578e-08	0
106	5e+24	8e+11	1.2e+12	0	0.0720345	0.0438583	0	1.80086e-08	1.09646e-08	0
107	5e+24	8e+11	1.4e+12	0	0.073929	0.0349226	0	1.84823e-08	8.73064e-09	0
108	5e+24	8e+11	1.6e+12	0	0.075404	0.0269756	0	1.8851e-08	6.7439e-09	0
109	5e+24	8e+11	1.8e+12	0	0.0765058	0.0197114	0	1.91265e-08	4.92785e-09	0
110	5e+24	8e+11	2e+12	0	0.0772691	0.0129064	0	1.93173e-08	3.22659e-09	0
111	5e+24	8e+11	2.2e+12	0	0.0777177	0.00638526	0	1.94294e-08	1.59632e-09	0
112	5e+24	8e+11	2.4e+12	0	0.0778657	-6.40768e-17	0	1.94664e-08	-2.81274e-23	0
113	5e+24	8e+11	2.6e+12	0	0.0777177	-0.00638526	0	1.94294e-08	-1.59632e-09	0
114	5e+24	8e+11	2.8e+12	0	0.0772691	-0.0129064	0	1.93173e-08	-3.22659e-09	0
115	5e+24	8e+11	3e+12	0	0.0765058	-0.0197114	0	1.91265e-08	-4.92785e-09	0
116	5e+24	8e+11	3.2e+12	0	0.075404	-0.0269756	0	1.8851e-08	-6.7439e-09	0
117	5e+24	8e+11	3.4e+12	0	0.073929	-0.0349226	0	1.84823e-08	-8.73064e-09	0
118	5e+24	8e+11	3.6e+12	0	0.0720345	-0.0438583	0	1.80086e-08	-1.09646e-08	0
119	5e+24	8e+11	3.8e+12	0	0.0696628	-0.0542312	0	1.74157e-08	-1.35578e-08	0
120	5e+24	8e+11	4e+12	0	0.0667476	-0.0667476	0	1.66869e-08	-1.66869e-08	0
121	5e+24	8e+11	4.2e+12	0	0.0632237	-0.0826238	0	1.58059e-08	-2.06559e-08	0
122	5e+24	8e+11	4.4e+12	0	0.0590498	-0.104236	0	1.47624e-08	-2.60589e-08	0
123	5e+24	8e+11	4.6e+12	0	0.0542514	-0.137347	0	1.35629e-08	-3.43368e-08	0
124	5e+24	8e+11	4.8e+12	0	0.0489734	-0.205252	0	1.22434e-08	-5.1313e-08	0
125	5e+24	1e+12	419912	0	0.0404324	0.209956	0	1.01081e-08	5.2489e-08	0
126	5e+24	1e+12	2e+11	0	0.0444019	0.141776	0	1.11005e-08	3.54439e-08	0
127	5e+24	1e+12	4e+11	0	0.048086	0.108213	0	1.20215e-08	2.70533e-08	0
128	5e+24	1e+12	6e+11	0	0.0513775	0.0860726	0	1.28444e-08	2.15182e-08	0
129	5e+24	1e+12	8e+11	0	0.0542312	0.0696628	0	1.35578e-08	1.74157e-08	0
130	5e+24	1e+12	1e+12	0	0.0566468	0.0566468	0	1.41617e-08	1.41617e-08	0
131	5e+24	1e+12	1.2e+12	0	0.0586488	0.0458223	0	1.46622e-08	1.14556e-08	0
132	5e+24	1e+12	1.4e+12	0	0.0602709	0.0364828	0	1.50677e-08	9.12071e-09	0
133	5e+24	1e+12	1.6e+12	0	0.0615473	0.028174	0	1.53868e-08	7.0435e-09	0
134	5e+24	1e+12	1.8e+12	0	0.0625081	0.0205815	0	1.5627e-08	5.14538e-09	0
135	5e+24	1e+12	2e+12	0	0.0631772	0.013473	0	1.57943e-08	3.36824e-09	0
136	5e+24	1e+12	2.2e+12	0	0.0635718	0.00666456	0	1.58929e-08	1.66614e-09	0
137	5e+24	1e+12	2.4e+12	0	0.0637022	-4.73344e-17	0	1.59255e-08	-2.10947e-23	0
138	5e+24	1e+12	2.6e+12	0	0.0635718	-0.00666456	0	1.58929e-08	-1.66614e-09	0
139	5e+24	1e+12	2.8e+12	0	0.0631772	-0.013473	0	1.57943e-08	-3.36824e-09	0
140	5e+24	1e+12	3e+12	0	0.0625081	-0.0205815	0	1.5627e-08	-5.14538e-09	0
141	5e+24	1e+12	3.2e+12	0	0.0615473	-0.028174	0	1.53868e-08	-7.0435e-09	0
142	5e+24	1e+12	3.4e+12	0	0.0602709	-0.0364828	0	1.50677e-08	-9.12071e-09	0
143	5e+24	1e+12	3.6e+12	0	0.0586488	-0.0458223	0	1.46622e-08	-1.14556e-08	0
144	5e+24	1e+12	3.8e+12	0	0.0566468	-0.0566468	0	1.41617e-08	-1.41617e-08	0
145	5e+24	1e+12	4e+12	0	0.0542312	-0.0696628	0	1.35578e-08	-1.74157e-08	0
146	5e+24	1e+12	4.2e+12	0	0.0513775	-0.0860726	0	1.28444e-08	-2.15182e-08	0
147	5e+24	1e+12	4.4e+12	0	0.048086	-0.108213	0	1.20215e-08	-2.70533e-08	0
148	5e+24	1e+12	4.6e+12	0	0.0444019	-0.141776	0	1.11005e-08	-3.54439e-08	0
149	5e+24	1e+12	4.8e+12	0	0.0404324	-0.209956	0	1.01081e-08	-5.2489e-08	0
150	5e+24	1.2e+12	427005	0	0.0331326	0.213502	0	8.28314e-09	5.33756e-08	0
151	5e+24	1.2e+12	2e+11	0	0.0361557	0.145154	0	9.03893e-09	3.62884e-08	0
152	5e+24	1.2e+12	4e+11	0	0.0389963	0.111309	0	9.74907e-09	2.78272e-08	0
153	5e+24	1.2e+12	6e+11	0	0.0415781	0.0888185	0	1.03945e-08	2.22046e-08	0
154	5e+24	1.2e+12	8e+11	0	0.0438583	0.0720345	0	1.09646e-08	1.80086e-08	0
155	5e+24	1.2e+12	1e+12	0	0.0458223	0.0586488	0	1.14556e-08	1.46622e-08	0
156	5e+24	1.2e+12	1.2e+12	0	0.0474744	0.0474744	0	1.18686e-08	1.18686e-08	0
157	5e+24	1.2e+12	1.4e+12	0	0.0488293	0.0378105	0	1.22073e-08	9.45264e-09	0
158	5e+24	1.2e+12	1.6e+12	0	0.0499056	0.0292027	0	1.24764e-08	7.30066e-09	0
159	5e+24	1.2e+12	1.8e+12	0	0.0507214	0.021333	0	1.26803e-08	5.33325e-09	0
160	5e+24	1.2e+12	2e+12	0	0.0512924	0.0139643	0	1.28231e-08	3.49108e-09	0
161	5e+24	1.2e+12	2.2e+12	0	0.0516302	0.00690734	0	1.29075e-08	1.72683e-09	0
162	5e+24	1.2e+12	2.4e+12	0	0.051742	-3.35641e-17	0	1.29355e-08	-1.85453e-23	0
163	5e+24	1.2e+12	2.6e+12	0	0.0516302	-0.00690734	0	1.29075e-08	-1.72683e-09	0
164	5e+24	1.2e+12	2.8e+12	0	0.0512924	-0.0139643	0	1.28231e-08	-3.49108e-09	0
165	5e+24	1.2e+12	3e+12	0	0.0507214	-0.021333	0	1.26803e-08	-5.33325e-09	0
166	5e+24	1.2e+12	3.2e+12	0	0.0499056	-0.0292027	0	1.24764e-08	-7.30066e-09	0
167	5e+24	1.2e+12	3.4e+12	0	0.0488293	-0.0378105	0	1.22073e-08	-9.45264e-09	0
168	5e+24	1.2e+12	3.6e+12	0	0.0474744	-0.0474744	0	1.18686e-08	-1.18686e-08	0
169	5e+24	1.2e+12	3.8e+12	0	0.0458223	-0.0586488	0	1.14556e-08	-1.46622e-08	0
170	5e+24	1.2e+12	4e+12	0	0.0438583	-0.0720345	0	1.09646e-08	-1.80086e-08	0
171	5e+24	1.2e+12	4.2e+12	0	0.0415781	-0.0888185	0	1.03945e-08	-2.22046e-08	0
172	5e+24	1.2e+12	4.4e+12	0	0.0389963	-0.111309	0	9.74907e-09	-2.78272e-08	0
173	5e+24	1.2e+12	4.6e+12	0	0.0361557	-0.145154	0	9.03893e-09	-3.62884e-08	0
174	5e+24	1.2e+12	4.8e+12	0	0.0331326	-0.213502	0	8.28314e-09	-5.33756e-08	0
175	5e+24	1.4e+12	432392	0	0.0266626	0.216196	0	6.66565e-09	5.4049e-08	0
176	5e+24	1.4e+12	2e+11	0	0.0289598	0.147737	0	7.23994e-09	3.69343e-08	0
177	5e+24	1.4e+12	4e+11	0	0.0311347	0.113706	0	7.78368e-09	2.84265e-08	0
178	5e+24	1.4e+12	6e+11	0	0.033134	0.0909779	0	8.2835e-09	2.27445e-08	0
179	5e+24	1.4e+12	8e+11	0	0.0349226	0.073929	0	8.73064e-09	1.84823e-08	0
180	5e+24	1.4e+12	1e+12	0	0.0364828	0.0602709	0	9.12071e-09	1.50677e-08	0
181	5e+24	1.4e+12	1.2e+12	0	0.0378105	0.0488293	0	9.45264e-09	1.22073e-08	0
182	5e+24	1.4e+12	1.4e+12	0	0.0389101	0.0389101	0	9.72754e-09	9.72754e-09	0
183	5e+24	1.4e+12	1.6e+12	0	0.0397905	0.030061	0	9.94763e-09	7.51526e-09	0
184	5e+24	1.4e+12	1.8e+12	0	0.0404619	0.0219636	0	1.01155e-08	5.49089e-09	0
185	5e+24	1.4e+12	2e+12	0	0.0409338	0.0143782	0	1.02335e-08	3.59455e-09	0
186	5e+24	1.4e+12	2.2e+12	0	0.0412138	0.00711228	0	1.03035e-08	1.77807e-09	0
187	5e+24	1.4e+12	2.4e+12	0	0.0413066	-5.52057e-17	0	1.03267e-08	-2.9848e-23	0
188	5e+24	1.4e+12	2.6e+12	0	0.0412138	-0.00711228	0	1.03035e-08	-1.77807e-09	0
189	5e+24	1.4e+12	2.8e+12	0	0.0409338	-0.0143782	0	1.02335e-08	-3.59455e-09	0
190	5e+24	1.4e+12	3e+12	0	0.0404619	-0.0219636	0	1.01155e-08	-5.49089e-09	0
191	5e+24	1.4e+12	3.2e+12	0	0.0397905	-0.030061	0	9.94763e-09	-7.51526e-09	0
192	5e+24	1.4e+12	3.4e+12	0	0.0389101	-0.0389101	0	9.72754e-09	-9.72754e-09	0
193	5e+24	1.4e+12	3.6e+12	0	0.0378105	-0.0488293	0	9.45264e-09	-1.22073e-08	0
194	5e+24	1.4e+12	3.8e+12	0	0.0364828	-0.0602709	0	9.12071e-09	-1.50677e-08	0
195	5e+24	1.4e+12	4e+12	0	0.0349226	-0.073929	0	8.73064e-09	-1.84823e-08	0
196	5e+24	1.4e+12	4.2e+12	0	0.033134	-0.0909779	0	8.2835e-09	-2.27445e-08	0
197	5e+24	1.4e+12	4.4e+12	0	0.0311347	-0.113706	0	7.78368e-09	-2.84265e-08	0
198	5e+24	1.4e+12	4.6e+12	0	0.0289598	-0.147737	0	7.23994e-09	-3.69343e-08	0
199	5e+24	1.4e+12	4.8e+12	0	0.0266626	-0.216196	0	6.66565e-09	-5.4049e-08	0
200	5e+24	1.6e+12	436448	0	0.020766	0.218224	0	5.1915e-09	5.4556e-08	0
201	5e+24	1.6e+12	2e+11	0	0.0224776	0.14969	0	5.61941e-09	3.74225e-08	0
202	5e+24	1.6e+12	4e+11	0	0.0241061	0.115533	0	6.02653e-09	2.88832e-08	0
203	5e+24	1.6e+12	6e+11	0	0.0256143	0.0926406	0	6.40358e-09	2.31602e-08	0
204	5e+24	1.6e+12	8e+11	0	0.0269756	0.075404	0	6.7439e-09	1.8851e-08	0
205	5e+24	1.6e+12	1e+12	0	0.028174	0.0615473	0	7.0435e-09	1.53868e-08	0
206	5e+24	1.6e+12	1.2e+12	0	0.0292027	0.0499056	0	7.30066e-09	1.24764e-08	0
207	5e+24	1.6e+12	1.4e+12	0	0.030061	0.0397905	0	7.51526e-09	9.94763e-09	0
208	5e+24	1.6e+12	1.6e+12	0	0.0307526	0.0307526	0	7.68815e-09	7.68815e-09	0
209	5e+24	1.6e+12	1.8e+12	0	0.0312826	0.022474	0	7.82065e-09	5.61851e-09	0
210	5e+24	1.6e+12	2e+12	0	0.0316565	0.0147143	0	7.91413e-09	3.67858e-09	0
211	5e+24	1.6e+12	2.2e+12	0	0.0318789	0.00727904	0	7.96971e-09	1.81976e-09	0
212	5e+24	1.6e+12	2.4e+12	0	0.0319526	-6.5975e-17	0	7.98816e-09	-2.59027e-23	0
213	5e+24	1.6e+12	2.6e+12	0	0.0318789	-0.00727904	0	7.96971e-09	-1.81976e-09	0
214	5e+24	1.6e+12	2.8e+12	0	0.0316565	-0.0147143	0	7.91413e-09	-3.67858e-09	0
215	5e+24	1.6e+12	3e+12	0	0.0312826	-0.022474	0	7.82065e-09	-5.61851e-09	0
216	5e+24	1.6e+12	3.2e+12	0	0.0307526	-0.0307526	0	7.68815e-09	-7.68815e-09	0
217	5e+24	1.6e+12	3.4e+12	0	0.030061	-0.0397905	0	7.51526e-09	-9.94763e-09	0
218	5e+24	1.6e+12	3.6e+12	0	0.0292027	-0.0499056	0	7.30066e-09	-1.24764e-08	0
219	5e+24	1.6e+12	3.8e+12	0	0.028174	-0.0615473	0	7.0435e-09	-1.53868e-08	0
220	5e+24	1.6e+12	4e+12	0	0.0269756	-0.075404	0	6.7439e-09	-1.8851e-08	0
221	5e+24	1.6e+12	4.2e+12	0	0.0256143	-0.0926406	0	6.40358e-09	-2.31602e-08	0
222	5e+24	1.6e+12	4.4e+12	0	0.0241061	-0.115533	0	6.02653e-09	-2.88832e-08	0
223	5e+24	1.6e+12	4.6e+12	0	0.0224776	-0.14969	0	5.61941e-09	-3.74225e-08	0
224	5e+24	1.6e+12	4.8e+12	0	0.020766	-0.218224	0	5.1915e-09	-5.4556e-08	0
225	5e+24	1.8e+12	439410	0	0.015268	0.219705	0	3.817e-09	5.49262e-08	0
226	5e+24	1.8e+12	2e+11	0	0.0164857	0.15112	0	4.12142e-09	3.778e-08	0
227	5e+24	1.8e+12	4e+11	0	0.0176478	0.116878	0	4.41194e-09	2.92194e-08	0
228	5e+24	1.8e+12	6e+11	0	0.0187293	0.0938731	0	4.68233e-09	2.34683e-08	0
229	5e+24	1.8e+12	8e+11	0	0.0197114	0.0765058	0	4.92785e-09	1.91265e-08	0
230	5e+24	1.8e+12	1e+12	0	0.0205815	0.0625081	0	5.14538e-09	1.5627e-08	0
231	5e+24	1.8e+12	1.2e+12	0	0.021333	0.0507214	0	5.33325e-09	1.26803e-08	0
232	5e+24	1.8e+12	1.4e+12	0	0.0219636	0.0404619	0	5.49089e-09	1.01155e-08	0
233	5e+24	1.8e+12	1.6e+12	0	0.022474	0.0312826	0	5.61851e-09	7.82065e-09	0
234	5e+24	1.8e+12	1.8e+12	0	0.0228667	0.0228667	0	5.71668e-09	5.71668e-09	0
235	5e+24	1.8e+12	2e+12	0	0.0231445	0.0149736	0	5.78613e-09	3.74339e-09	0
236	5e+24	1.8e+12	2.2e+12	0	0.02331	0.00740787	0	5.8275e-09	1.85197e-09	0
237	5e+24	1.8e+12	2.4e+12	0	0.023365	-9.37263e-17	0	5.84124e-09	-3.48579e-23	0
238	5e+24	1.8e+12	2.6e+12	0	0.02331	-0.00740787	0	5.8275e-09	-1.85197e-09	0
239	5e+24	1.8e+12	2.8e+12	0	0.0231445	-0.0149736	0	5.78613e-09	-3.74339e-09	0
240	5e+24	1.8e+12	3e+12	0	0.0228667	-0.0228667	0	5.71668e-09	-5.71668e-09	0
241	5e+24	1.8e+12	3.2e+12	0	0.022474	-0.0312826	0	5.61851e-09	-7.82065e-09	0
242	5e+24	1.8e+12	3.4e+12	0	0.0219636	-0.0404619	0	5.49089e-09	-1.01155e-08	0
243	5e+24	1.8e+12	3.6e+12	0	0.021333	-0.0507214	0	5.33325e-09	-1.26803e-08	0
244	5e+24	1.8e+12	3.8e+12	0	0.0205815	-0.0625081	0	5.14538e-09	-1.5627e-08	0
245	5e+24	1.8e+12	4e+12	0	0.0197114	-0.0765058	0	4.92785e-09	-1.91265e-08	0
246	5e+24	1.8e+12	4.2e+12	0	0.0187293	-0.0938731	0	4.68233e-09	-2.34683e-08	0
247	5e+24	1.8e+12	4.4e+12	0	0.0176478	-0.116878	0	4.41194e-09	-2.92194e-08	0
248	5e+24	1.8e+12	4.6e+12	0	0.0164857	-0.15112	0	4.12142e-09	-3.778e-08	0
249	5e+24	1.8e+12	4.8e+12	0	0.015268	-0.219705	0	3.817e-09	-5.49262e-08	0
250	5e+24	2e+12	441432	0	0.0100399	0.220716	0	2.50998e-09	5.5179e-08	0
251	5e+24	2e+12	2e+11	0	0.0108226	0.152098	0	2.70564e-09	3.80244e-08	0
252	5e+24	2e+12	4e+11	0	0.0115709	0.1178	0	2.89273e-09	2.945e-08	0
253	5e+24	2e+12	6e+11	0	0.0122695	0.0947224	0	3.06739e-09	2.36806e-08	0
254	5e+24	2e+12	8e+11	0	0.0129064	0.0772691	0	3.22659e-09	1.93173e-08	0
255	5e+24	2e+12	1e+12	0	0.013473	0.0631772	0	3.36824e-09	1.57943e-08	0
256	5e+24	2e+12	1.2e+12	0	0.0139643	0.0512924	0	3.49108e-09	1.28231e-08	0
257	5e+24	2e+12	1.4e+12	0	0.0143782	0.0409338	0	3.59455e-09	1.02335e-08	0
258	5e+24	2e+12	1.6e+12	0	0.0147143	0.0316565	0	3.67858e-09	7.91413e-09	0
259	5e+24	2e+12	1.8e+12	0	0.0149736	0.0231445	0	3.74339e-09	5.78613e-09	0
260	5e+24	2e+12	2e+12	0	0.0151574	0.0151574	0	3.78934e-09	3.78934e-09	0
261	5e+24	2e+12	2.2e+12	0	0.015267	0.0074993	0	3.81675e-09	1.87483e-09	0
262	5e+24	2e+12	2.4e+12	0	0.0153034	-1.7888e-16	0	3.82586e-09	-6.88789e-23	0
263	5e+24	2e+12	2.6e+12	0	0.015267	-0.0074993	0	3.81675e-09	-1.87483e-09	0
264	5e+24	2e+12	2.8e+12	0	0.0151574	-0.0151574	0	3.78934e-09	-3.78934e-09	0
265	5e+24	2e+12	3e+12	0	0.0149736	-0.0231445	0	3.74339e-09	-5.78613e-09	0
266	5e+24	2e+12	3.2e+12	0	0.0147143	-0.0316565	0	3.67858e-09	-7.91413e-09	0
267	5e+24	2e+12	3.4e+12	0	0.0143782	-0.0409338	0	3.59455e-09	-1.02335e-08	0
268	5e+24	2e+12	3.6e+12	0	0.0139643	-0.0512924	0	3.49108e-09	-1.28231e-08	0
269	5e+24	2e+12	3.8e+12	0	0.013473	-0.0631772	0	3.36824e-09	-1.57943e-08	0
270	5e+24	2e+12	4e+12	0	0.0129064	-0.0772691	0	3.22659e-09	-1.93173e-08	0
271	5e+24	2e+12	4.2e+12	0	0.0122695	-0.0947224	0	3.06739e-09	-2.36806e-08	0
272	5e+24	2e+12	4.4e+12	0	0.0115709	-0.1178	0	2.89273e-09	-2.945e-08	0
273	5e+24	2e+12	4.6e+12	0	0.0108226	-0.152098	0	2.70564e-09	-3.80244e-08	0
274	5e+24	2e+12	4.8e+12	0	0.0100399	-0.220716	0	2.50998e-09	-5.5179e-08	0
275	5e+24	2.2e+12	442610	0	0.00497967	0.221305	0	1.24492e-09	5.53263e-08	0
276	5e+24	2.2e+12	2e+11	0	0.00536267	0.152668	0	1.34067e-09	3.8167e-08	0
277	5e+24	2.2e+12	4e+11	0	0.00572927	0.118339	0	1.43232e-09	2.95848e-08	0
278	5e+24	2.2e+12	6e+11	0	0.00607209	0.0952201	0	1.51802e-09	2.3805e-08	0
279	5e+24	2.2e+12	8e+11	0	0.00638526	0.0777177	0	1.59632e-09	1.94294e-08	0
280	5e+24	2.2e+12	1e+12	0	0.00666456	0.0635718	0	1.66614e-09	1.58929e-08	0
281	5e+24	2.2e+12	1.2e+12	0	0.00690734	0.0516302	0	1.72683e-09	1.29075e-08	0
282	5e+24	2.2e+12	1.4e+12	0	0.00711228	0.0412138	0	1.77807e-09	1.03035e-08	0
283	5e+24	2.2e+12	1.6e+12	0	0.00727904	0.0318789	0	1.81976e-09	7.96971e-09	0
284	5e+24	2.2e+12	1.8e+12	0	0.00740787	0.02331	0	1.85197e-09	5.8275e-09	0
285	5e+24	2.2e+12	2e+12	0	0.0074993	0.015267	0	1.87483e-09	3.81675e-09	0
286	5e+24	2.2e+12	2.2e+12	0	0.00755389	0.00755389	0	1.88847e-09	1.88847e-09	0
287	5e+24	2.2e+12	2.4e+12	0	0.00757203	-2.44926e-16	0	1.89301e-09	-9.30094e-23	0
288	5e+24	2.2e+12	2.6e+12	0	0.00755389	-0.00755389	0	1.88847e-09	-1.88847e-09	0
289	5e+24	2.2e+12	2.8e+12	0	0.0074993	-0.015267	0	1.87483e-09	-3.81675e-09	0
290	5e+24	2.2e+12	3e+12	0	0.00740787	-0.02331	0	1.85197e-09	-5.8275e-09	0
291	5e+24	2.2e+12	3.2e+12	0	0.00727904	-0.0318789	0	1.81976e-09	-7.96971e-09	0
292	5e+24	2.2e+12	3.4e+12	0	0.00711228	-0.0412138	0	1.77807e-09	-1.03035e-08	0
293	5e+24	2.2e+12	3.6e+12	0	0.00690734	-0.0516302	0	1.72683e-09	-1.29075e-08	0
294	5e+24	2.2e+12	3.8e+12	0	0.00666456	-0.0635718	0	1.66614e-09	-1.58929e-08	0
295	5e+24	2.2e+12	4e+12	0	0.00638526	-0.0777177	0	1.59632e-09	-1.94294e-08	0
296	5e+24	2.2e+12	4.2e+12	0	0.00607209	-0.0952201	0	1.51802e-09	-2.3805e-08	0
297	5e+24	2.2e+12	4.4e+12	0	0.00572927	-0.118339	0	1.43232e-09	-2.95848e-08	0
298	5e+24	2.2e+12	4.6e+12	0	0.00536267	-0.152668	0	1.34067e-09	-3.8167e-08	0
299	5e+24	2.2e+12	4.8e+12	0	0.00497967	-0.221305	0	1.24492e-09	-5.53263e-08	0
300	5e+24	2.4e+12	442997	0	-9.08486e-18	0.221499	0	-6.10126e-24	5.53746e-08	0
301	5e+24	2.4e+12	2e+11	0	8.12465e-18	0.152855	0	2.56022e-23	3.82138e-08	0
302	5e+24	2.4e+12	4e+11	0	3.08459e-17	0.118516	0	-1.21799e-23	2.96291e-08	0
303	5e+24	2.4e+12	6e+11	0	-2.18096e-17	0.095384	0	-7.12716e-24	2.3846e-08	0
304	5e+24	2.4e+12	8e+11	0	-5.54405e-17	0.0778657	0	-2.02433e-23	1.94664e-08	0
305	5e+24	2.4e+12	1e+12	0	-3.98247e-17	0.0637022	0	-1.71624e-23	1.59255e-08	0
306	5e+24	2.4e+12	1.2e+12	0	-4.1421e-17	0.051742	0	-3.52925e-23	1.29355e-08	0
307	5e+24	2.4e+12	1.4e+12	0	-5.3914e-17	0.0413066	0	-2.6746e-23	1.03267e-08	0
308	5e+24	2.4e+12	1.6e+12	0	-6.83297e-17	0.0319526	0	-4.55935e-23	7.98816e-09	0
309	5e+24	2.4e+12	1.8e+12	0	-9.62134e-17	0.023365	0	-3.90245e-23	5.84124e-09	0
310	5e+24	2.4e+12	2e+12	0	-1.85366e-16	0.0153034	0	-7.14639e-23	3.82586e-09	0
311	5e+24	2.4e+12	2.2e+12	0	-2.4421e-16	0.00757203	0	-1.07152e-22	1.89301e-09	0
312	5e+24	2.4e+12	2.4e+12	0	-2.14909e-16	-2.15355e-16	0	-8.96909e-23	-6.99097e-23	0
313	5e+24	2.4e+12	2.6e+12	0	-2.46311e-16	-0.00757203	0	-6.17833e-23	-1.89301e-09	0
314	5e+24	2.4e+12	2.8e+12	0	-1.82122e-16	-0.0153034	0	-7.95644e-23	-3.82586e-09	0
315	5e+24	2.4e+12	3e+12	0	-9.34494e-17	-0.023365	0	-2.74908e-23	-5.84124e-09	0
316	5e+24	2.4e+12	3.2e+12	0	-5.94751e-17	-0.0319526	0	-1.16064e-23	-7.98816e-09	0
317	5e+24	2.4e+12	3.4e+12	0	-5.26493e-17	-0.0413066	0	-2.9688e-23	-1.03267e-08	0
318	5e+24	2.4e+12	3.6e+12	0	-3.32709e-17	-0.051742	0	-7.36708e-24	-1.29355e-08	0
319	5e+24	2.4e+12	3.8e+12	0	-4.78552e-17	-0.0637022	0	-3.23958e-23	-1.59255e-08	0
320	5e+24	2.4e+12	4e+12	0	-6.51742e-17	-0.0778657	0	-1.21104e-23	-1.94664e-08	0
321	5e+24	2.4e+12	4.2e+12	0	-3.87124e-17	-0.095384	0	-2.35165e-23	-2.3846e-08	0
322	5e+24	2.4e+12	4.4e+12	0	1.74225e-17	-0.118516	0	1.81269e-23	-2.96291e-08	0
323	5e+24	2.4e+12	4.6e+12	0	1.71465e-17	-0.152855	0	4.12298e-24	-3.82138e-08	0
324	5e+24	2.4e+12	4.8e+12	0	2.43447e-18	-0.221499	0	1.2621e-23	-5.53746e-08	0
325	5e+24	2.6e+12	442610	0	-0.00497967	0.221305	0	-1.24492e-09	5.53263e-08	0
326	5e+24	2.6e+12	2e+11	0	-0.00536267	0.152668	0	-1.34067e-09	3.8167e-08	0
327	5e+24	2.6e+12	4e+11	0	-0.00572927	0.118339	0	-1.43232e-09	2.95848e-08	0
328	5e+24	2.6e+12	6e+11	0	-0.00607209	0.0952201	0	-1.51802e-09	2.3805e-08	0
329	5e+24	2.6e+12	8e+11	0	-0.00638526	0.0777177	0	-1.59632e-09	1.94294e-08	0
330	5e+24	2.6e+12	1e+12	0	-0.00666456	0.0635718	0	-1.66614e-09	1.58929e-08	0
331	5e+24	2.6e+12	1.2e+12	0	-0.00690734	0.0516302	0	-1.72683e-09	1.29075e-08	0
332	5e+24	2.6e+12	1.4e+12	0	-0.00711228	0.0412138	0	-1.77807e-09	1.03035e-08	0
333	5e+24	2.6e+12	1.6e+12	0	-0.00727904	0.0318789	0	-1.81976e-09	7.96971e-09	0
334	5e+24	2.6e+12	1.8e+12	0	-0.00740787	0.02331	0	-1.85197e-09	5.8275e-09	0
335	5e+24	2.6e+12	2e+12	0	-0.0074993	0.015267	0	-1.87483e-09	3.81675e-09	0
336	5e+24	2.6e+12	2.2e+12	0	-0.00755389	0.00755389	0	-1.88847e-09	1.88847e-09	0
337	5e+24	2.6e+12	2.4e+12	0	-0.00757203	-2.45098e-16	0	-1.89301e-09	-9.06474e-23	0
338	5e+24	2.6e+12	2.6e+12	0	-0.00755389	-0.00755389	0	-1.88847e-09	-1.88847e-09	0
339	5e+24	2.6e+12	2.8e+12	0	-0.0074993	-0.015267	0	-1.87483e-09	-3.81675e-09	0
340	5e+24	2.6e+12	3e+12	0	-0.00740787	-0.02331	0	-1.85197e-09	-5.8275e-09	0
341	5e+24	2.6e+12	3.2e+12	0	-0.00727904	-0.0318789	0	-1.81976e-09	-7.96971e-09	0
342	5e+24	2.6e+12	3.4e+12	0	-0.00711228	-0.0412138	0	-1.77807e-09	-1.03035e-08	0
343	5e+24	2.6e+12	3.6e+12	0	-0.00690734	-0.0516302	0	-1.72683e-09	-1.29075e-08	0
344	5e+24	2.6e+12	3.8e+12	0	-0.00666456	-0.0635718	0	-1.66614e-09	-1.58929e-08	0
345	5e+24	2.6e+12	4e+12	0	-0.00638526	-0.0777177	0	-1.59632e-09	-1.94294e-08	0
346	5e+24	2.6e+12	4.2e+12	0	-0.00607209	-0.0952201	0	-1.51802e-09	-2.3805e-08	0
347	5e+24	2.6e+12	4.4e+12	0	-0.00572927	-0.118339	0	-1.43232e-09	-2.95848e-08	0
348	5e+24	2.6e+12	4.6e+12	0	-0.00536267	-0.152668	0	-1.34067e-09	-3.8167e-08	0
349	5e+24	2.6e+12	4.8e+12	0	-0.00497967	-0.221305	0	-1.24492e-09	-5.53263e-08	0
350	5e+24	2.8e+12	441432	0	-0.0100399	0.220716	0	-2.50998e-09	5.5179e-08	0
351	5e+24	2.8e+12	2e+11	0	-0.0108226	0.152098	0	-2.70564e-09	3.80244e-08	0
352	5e+24	2.8e+12	4e+11	0	-0.0115709	0.1178	0	-2.89273e-09	2.945e-08	0
353	5e+24	2.8e+12	6e+11	0	-0.0122695	0.0947224	0	-3.06739e-09	2.36806e-08	0
354	5e+24	2.8e+12	8e+11	0	-0.0129064	0.0772691	0	-3.22659e-09	1.93173e-08	0
355	5e+24	2.8e+12	1e+12	0	-0.013473	0.0631772	0	-3.36824e-09	1.57943e-08	0
356	5e+24	2.8e+12	1.2e+12	0	-0.0139643	0.0512924	0	-3.49108e-09	1.28231e-08	0
357	5e+24	2.8e+12	1.4e+12	0	-0.0143782	0.0409338	0	-3.59455e-09	1.02335e-08	0
358	5e+24	2.8e+12	1.6e+12	0	-0.0147143	0.0316565	0	-3.67858e-09	7.91413e-09	0
359	5e+24	2.8e+12	1.8e+12	0	-0.0149736	0.0231445	0	-3.74339e-09	5.78613e-09	0
360	5e+24	2.8e+12	2e+12	0	-0.0151574	0.0151574	0	-3.78934e-09	3.78934e-09	0
361	5e+24	2.8e+12	2.2e+12	0	-0.015267	0.0074993	0	-3.81675e-09	1.87483e-09	0
362	5e+24	2.8e+12	2.4e+12	0	-0.0153034	-1.78422e-16	0	-3.82586e-09	-7.11052e-23	0
363	5e+24	2.8e+12	2.6e+12	0	-0.015267	-0.0074993	0	-3.81675e-09	-1.87483e-09	0
364	5e+24	2.8e+12	2.8e+12	0	-0.0151574	-0.0151574	0	-3.78934e-09	-3.78934e-09	0
365	5e+24	2.8e+12	3e+12	0	-0.0149736	-0.0231445	0	-3.74339e-09	-5.78613e-09	0
366	5e+24	2.8e+12	3.2e+12	0	-0.0147143	-0.0316565	0	-3.67858e-09	-7.91413e-09	0
367	5e+24	2.8e+12	3.4e+12	0	-0.0143782	-0.0409338	0	-3.59455e-09	-1.02335e-08	0
368	5e+24	2.8e+12	3.6e+12	0	-0.0139643	-0.0512924	0	-3.49108e-09	-1.28231e-08	0
369	5e+24	2.8e+12	3.8e+12	0	-0.013473	-0.0631772	0	-3.36824e-09	-1.57943e-08	0
370	5e+24	2.8e+12	4e+12	0	-0.0129064	-0.0772691	0	-3.22659e-09	-1.93173e-08	0
371	5e+24	2.8e+12	4.2e+12	0	-0.0122695	-0.0947224	0	-3.06739e-09	-2.36806e-08	0
372	5e+24	2.8e+12	4.4e+12	0	-0.0115709	-0.1178	0	-2.89273e-09	-2.945e-08	0
373	5e+24	2.8e+12	4.6e+12	0	-0.0108226	-0.152098	0	-2.70564e-09	-3.80244e-08	0
374	5e+24	2.8e+12	4.8e+12	0	-0.0100399	-0.220716	0	-2.50998e-09	-5.5179e-08	0
375	5e+24	3e+12	439410	0	-0.015268	0.219705	0	-3.817e-09	5.49262e-08	0
376	5e+24	3e+12	2e+11	0	-0.0164857	0.15112	0	-4.12142e-09	3.778e-08	0
377	5e+24	3e+12	4e+11	0	-0.0176478	0.116878	0	-4.41194e-09	2.92194e-08	0
378	5e+24	3e+12	6e+11	0	-0.0187293	0.0938731	0	-4.68233e-09	2.34683e-08	0
379	5e+24	3e+12	8e+11	0	-0.0197114	0.0765058	0	-4.92785e-09	1.91265e-08	0
380	5e+24	3e+12	1e+12	0	-0.0205815	0.0625081	0	-5.14538e-09	1.5627e-08	0
381	5e+24	3e+12	1.2e+12	0	-0.021333	0.0507214	0	-5.33325e-09	1.26803e-08	0
382	5e+24	3e+12	1.4e+12	0	-0.0219636	0.0404619	0	-5.49089e-09	1.01155e-08	0
383	5e+24	3e+12	1.6e+12	0	-0.022474	0.0312826	0	-5.61851e-09	7.82065e-09	0
384	5e+24	3e+12	1.8e+12	0	-0.0228667	0.0228667	0	-5.71668e-09	5.71668e-09	0
385	5e+24	3e+12	2e+12	0	-0.0231445	0.0149736	0	-5.78613e-09	3.74339e-09	0
386	5e+24	3e+12	2.2e+12	0	-0.02331	0.00740787	0	-5.8275e-09	1.85197e-09	0
387	5e+24	3e+12	2.4e+12	0	-0.023365	-9.41868e-17	0	-5.84124e-09	-3.88323e-23	0
388	5e+24	3e+12	2.6e+12	0	-0.02331	-0.00740787	0	-5.8275e-09	-1.85197e-09	0
389	5e+24	3e+12	2.8e+12	0	-0.0231445	-0.0149736	0	-5.78613e-09	-3.74339e-09	0
390	5e+24	3e+12	3e+12	0	-0.0228667	-0.0228667	0	-5.71668e-09	-5.71668e-09	0
391	5e+24	3e+12	3.2e+12	0	-0.022474	-0.0312826	0	-5.61851e-09	-7.82065e-09	0
392	5e+24	3e+12	3.4e+12	0	-0.0219636	-0.0404619	0	-5.49089e-09	-1.01155e-08	0
393	5e+24	3e+12	3.6e+12	0	-0.021333	-0.0507214	0	-5.33325e-09	-1.26803e-08	0
394	5e+24	3e+12	3.8e+12	0	-0.0205815	-0.0625081	0	-5.14538e-09	-1.5627e-08	0
395	5e+24	3e+12	4e+12	0	-0.0197114	-0.0765058	0	-4.92785e-09	-1.91265e-08	0
396	5e+24	3e+12	4.2e+12	0	-0.0187293	-0.0938731	0	-4.68233e-09	-2.34683e-08	0
397	5e+24	3e+12	4.4e+12	0	-0.0176478	-0.116878	0	-4.41194e-09	-2.92194e-08	0
398	5e+24	3e+12	4.6e+12	0	-0.0164857	-0.15112	0	-4.12142e-09	-3.778e-08	0
399	5e+24	3e+12	4.8e+12	0	-0.015268	-0.219705	0	-3.817e-09	-5.49262e-08	0
400	5e+24	3.2e+12	436448	0	-0.020766	0.218224	0	-5.1915e-09	5.4556e-08	0
401	5e+24	3.2e+12	2e+11	0	-0.0224776	0.14969	0	-5.61941e-09	3.74225e-08	0
402	5e+24	3.2e+12	4e+11	0	-0.0241061	0.115533	0	-6.02653e-09	2.88832e-08	0
403	5e+24	3.2e+12	6e+11	0	-0.0256143	0.0926406	0	-6.40358e-09	2.31602e-08	0
404	5e+24	3.2e+12	8e+11	0	-0.0269756	0.075404	0	-6.7439e-09	1.8851e-08	0
405	5e+24	3.2e+12	1e+12	0	-0.028174	0.0615473	0	-7.0435e-09	1.53868e-08	0
406	5e+24	3.2e+12	1.2e+12	0	-0.0292027	0.0499056	0	-7.30066e-09	1.24764e-08	0
407	5e+24	3.2e+12	1.4e+12	0	-0.030061	0.0397905	0	-7.51526e-09	9.94763e-09	0
408	5e+24	3.2e+12	1.6e+12	0	-0.0307526	0.0307526	0	-7.68815e-09	7.68815e-09	0
409	5e+24	3.2e+12	1.8e+12	0	-0.0312826	0.022474	0	-7.82065e-09	5.61851e-09	0
410	5e+24	3.2e+12	2e+12	0	-0.0316565	0.0147143	0	-7.91413e-09	3.67858e-09	0
411	5e+24	3.2e+12	2.2e+12	0	-0.0318789	0.00727904	0	-7.96971e-09	1.81976e-09	0
412	5e+24	3.2e+12	2.4e+12	0	-0.0319526	-6.5141e-17	0	-7.98816e-09	-2.82534e-23	0
413	5e+24	3.2e+12	2.6e+12	0	-0.0318789	-0.00727904	0	-7.96971e-09	-1.81976e-09	0
414	5e+24	3.2e+12	2.8e+12	0	-0.0316565	-0.0147143	0	-7.91413e-09	-3.67858e-09	0
415	5e+24	3.2e+12	3e+12	0	-0.0312826	-0.022474	0	-7.82065e-09	-5.61851e-09	0
416	5e+24	3.2e+12	3.2e+12	0	-0.0307526	-0.0307526	0	-7.68815e-09	-7.68815e-09	0
417	5e+24	3.2e+12	3.4e+12	0	-0.030061	-0.0397905	0	-7.51526e-09	-9.94763e-09	0
418	5e+24	3.2e+12	3.6e+12	0	-0.0292027	-0.0499056	0	-7.30066e-09	-1.24764e-08	0
419	5e+24	3.2e+12	3.8e+12	0	-0.028174	-0.0615473	0	-7.0435e-09	-1.53868e-08	0
420	5e+24	3.2e+12	4e+12	0	-0.0269756	-0.075404	0	-6.7439e-09	-1.8851e-08	0
421	5e+24	3.2e+12	4.2e+12	0	-0.0256143	-0.0926406	0	-6.40358e-09	-2.31602e-08	0
422	5e+24	3.2e+12	4.4e+12	0	-0.0241061	-0.115533	0	-6.02653e-09	-2.88832e-08	0
423	5e+24	3.2e+12	4.6e+12	0	-0.0224776	-0.14969	0	-5.61941e-09	-3.74225e-08	0
424	5e+24	3.2e+12	4.8e+12	0	-0.020766	-0.218224	0	-5.1915e-09	-5.4556e-08	0
425	5e+24	3.4e+12	432392	0	-0.0266626	0.216196	0	-6.66565e-09	5.4049e-08	0
426	5e+24	3.4e+12	2e+11	0	-0.0289598	0.147737	0	-7.23994e-09	3.69343e-08	0
427	5e+24	3.4e+12	4e+11	0	-0.0311347	0.113706	0	-7.78368e-09	2.84265e-08	0
428	5e+24	3.4e+12	6e+11	0	-0.033134	0.0909779	0	-8.2835e-09	2.27445e-08	0
429	5e+24	3.4e+12	8e+11	0	-0.0349226	0.073929	0	-8.73064e-09	1.84823e-08	0
430	5e+24	3.4e+12	1e+12	0	-0.0364828	0.0602709	0	-9.12071e-09	1.50677e-08	0
431	5e+24	3.4e+12	1.2e+12	0	-0.0378105	0.0488293	0	-9.45264e-09	1.22073e-08	0
432	5e+24	3.4e+12	1.4e+12	0	-0.0389101	0.0389101	0	-9.72754e-09	9.72754e-09	0
433	5e+24	3.4e+12	1.6e+12	0	-0.0397905	0.030061	0	-9.94763e-09	7.51526e-09	0
434	5e+24	3.4e+12	1.8e+12	0	-0.0404619	0.0219636	0	-1.01155e-08	5.49089e-09	0
435	5e+24	3.4e+12	2e+12	0	-0.0409338	0.0143782	0	-1.02335e-08	3.59455e-09	0
436	5e+24	3.4e+12	2.2e+12	0	-0.0412138	0.00711228	0	-1.03035e-08	1.77807e-09	0
437	5e+24	3.4e+12	2.4e+12	0	-0.0413066	-5.44375e-17	0	-1.03267e-08	-2.7297e-23	0
438	5e+24	3.4e+12	2.6e+12	0	-0.0412138	-0.00711228	0	-1.03035e-08	-1.77807e-09	0
439	5e+24	3.4e+12	2.8e+12	0	-0.0409338	-0.0143782	0	-1.02335e-08	-3.59455e-09	0
440	5e+24	3.4e+12	3e+12	0	-0.0404619	-0.0219636	0	-1.01155e-08	-5.49089e-09	0
441	5e+24	3.4e+12	3.2e+12	0	-0.0397905	-0.030061	0	-9.94763e-09	-7.51526e-09	0
442	5e+24	3.4e+12	3.4e+12	0	-0.0389101	-0.0389101	0	-9.72754e-09	-9.72754e-09	0
443	5e+24	3.4e+12	3.6e+12	0	-0.0378105	-0.0488293	0	-9.45264e-09	-1.22073e-08	0
444	5e+24	3.4e+12	3.8e+12	0	-0.0364828	-0.0602709	0	-9.12071e-09	-1.50677e-08	0
445	5e+24	3.4e+12	4e+12	0	-0.0349226	-0.073929	0	-8.73064e-09	-1.84823e-08	0
446	5e+24	3.4e+12	4.2e+12	0	-0.033134	-0.0909779	0	-8.2835e-09	-2.27445e-08	0
447	5e+24	3.4e+12	4.4e+12	0	-0.0311347	-0.113706	0	-7.78368e-09	-2.84265e-08	0
448	5e+24	3.4e+12	4.6e+12	0	-0.0289598	-0.147737	0	-7.23994e-09	-3.69343e-08	0
449	5e+24	3.4e+12	4.8e+12	0	-0.0266626	-0.216196	0	-6.66565e-09	-5.4049e-08	0
450	5e+24	3.6e+12	427005	0	-0.0331326	0.213502	0	-8.28314e-09	5.33756e-08	0
451	5e+24	3.6e+12	2e+11	0	-0.0361557	0.145154	0	-9.03893e-09	3.62884e-08	0
452	5e+24	3.6e+12	4e+11	0	-0.0389963	0.111309	0	-9.74907e-09	2.78272e-08	0
453	5e+24	3.6e+12	6e+11	0	-0.0415781	0.0888185	0	-1.03945e-08	2.22046e-08	0
454	5e+24	3.6e+12	8e+11	0	-0.0438583	0.0720345	0	-1.09646e-08	1.80086e-08	0
455	5e+24	3.6e+12	1e+12	0	-0.0458223	0.0586488	0	-1.14556e-08	1.46622e-08	0
456	5e+24	3.6e+12	1.2e+12	0	-0.0474744	0.0474744	0	-1.18686e-08	1.18686e-08	0
457	5e+24	3.6e+12	1.4e+12	0	-0.0488293	0.0378105	0	-1.22073e-08	9.45264e-09	0
458	5e+24	3.6e+12	1.6e+12	0	-0.0499056	0.0292027	0	-1.24764e-08	7.30066e-09	0
459	5e+24	3.6e+12	1.8e+12	0	-0.0507214	0.021333	0	-1.26803e-08	5.33325e-09	0
460	5e+24	3.6e+12	2e+12	0	-0.0512924	0.0139643	0	-1.28231e-08	3.49108e-09	0
461	5e+24	3.6e+12	2.2e+12	0	-0.0516302	0.00690734	0	-1.29075e-08	1.72683e-09	0
462	5e+24	3.6e+12	2.4e+12	0	-0.051742	-3.37019e-17	0	-1.29355e-08	-2.15713e-23	0
463	5e+24	3.6e+12	2.6e+12	0	-0.0516302	-0.00690734	0	-1.29075e-08	-1.72683e-09	0
464	5e+24	3.6e+12	2.8e+12	0	-0.0512924	-0.0139643	0	-1.28231e-08	-3.49108e-09	0
465	5e+24	3.6e+12	3e+12	0	-0.0507214	-0.021333	0	-1.26803e-08	-5.33325e-09	0
466	5e+24	3.6e+12	3.2e+12	0	-0.0499056	-0.0292027	0	-1.24764e-08	-7.30066e-09	0
467	5e+24	3.6e+12	3.4e+12	0	-0.0488293	-0.0378105	0	-1.22073e-08	-9.45264e-09	0
468	5e+24	3.6e+12	3.6e+12	0	-0.0474744	-0.0474744	0	-1.18686e-08	-1.18686e-08	0
469	5e+24	3.6e+12	3.8e+12	0	-0.0458223	-0.0586488	0	-1.14556e-08	-1.46622e-08	0
470	5e+24	3.6e+12	4e+12	0	-0.0438583	-0.0720345	0	-1.09646e-08	-1.80086e-08	0
471	5e+24	3.6e+12	4.2e+12	0	-0.0415781	-0.0888185	0	-1.03945e-08	-2.22046e-08	0
472	5e+24	3.6e+12	4.4e+12	0	-0.0389963	-0.111309	0	-9.74907e-09	-2.78272e-08	0
473	5e+24	3.6e+12	4.6e+12	0	-0.0361557	-0.145154	0	-9.03893e-09	-3.62884e-08	0
474	5e+24	3.6e+12	4.8e+12	0	-0.0331326	-0.213502	0	-8.28314e-09	-5.33756e-08	0
475	5e+24	3.8e+12	419912	0	-0.0404324	0.209956	0	-1.01081e-08	5.2489e-08	0
476	5e+24	3.8e+12	2e+11	0	-0.0444019	0.141776	0	-1.11005e-08	3.54439e-08	0
477	5e+24	3.8e+12	4e+11	0	-0.048086	0.108213	0	-1.20215e-08	2.70533e-08	0
478	5e+24	3.8e+12	6e+11	0	-0.0513775	0.0860726	0	-1.28444e-08	2.15182e-08	0
479	5e+24	3.8e+12	8e+11	0	-0.0542312	0.0696628	0	-1.35578e-08	1.74157e-08	0
480	5e+24	3.8e+12	1e+12	0	-0.0566468	0.0566468	0	-1.41617e-08	1.41617e-08	0
481	5e+24	3.8e+12	1.2e+12	0	-0.0586488	0.0458223	0	-1.46622e-08	1.14556e-08	0
482	5e+24	3.8e+12	1.4e+12	0	-0.0602709	0.0364828	0	-1.50677e-08	9.12071e-09	0
483	5e+24	3.8e+12	1.6e+12	0	-0.0615473	0.028174	0	-1.53868e-08	7.0435e-09	0
484	5e+24	3.8e+12	1.8e+12	0	-0.0625081	0.0205815	0	-1.5627e-08	5.14538e-09	0
485	5e+24	3.8e+12	2e+12	0	-0.0631772	0.013473	0	-1.57943e-08	3.36824e-09	0
486	5e+24	3.8e+12	2.2e+12	0	-0.0635718	0.00666456	0	-1.58929e-08	1.66614e-09	0
487	5e+24	3.8e+12	2.4e+12	0	-0.0637022	-4.66113e-17	0	-1.59255e-08	-2.08992e-23	0
488	5e+24	3.8e+12	2.6e+12	0	-0.0635718	-0.00666456	0	-1.58929e-08	-1.66614e-09	0
489	5e+24	3.8e+12	2.8e+12	0	-0.0631772	-0.013473	0	-1.57943e-08	-3.36824e-09	0
490	5e+24	3.8e+12	3e+12	0	-0.0625081	-0.0205815	0	-1.5627e-08	-5.14538e-09	0
491	5e+24	3.8e+12	3.2e+12	0	-0.0615473	-0.028174	0	-1.53868e-08	-7.0435e-09	0
492	5e+24	3.8e+12	3.4e+12	0	-0.0602709	-0.0364828	0	-1.50677e-08	-9.12071e-09	0
493	5e+24	3.8e+12	3.6e+12	0	-0.0586488	-0.0458223	0	-1.46622e-08	-1.14556e-08	0
494	5e+24	3.8e+12	3.8e+12	0	-0.0566468	-0.0566468	0	-1.41617e-08	-1.41617e-08	0
495	5e+24	3.8e+12	4e+12	0	-0.0542312	-0.0696628	0	-1.35578e-08	-1.74157e-08	0
496	5e+24	3.8e+12	4.2e+12	0	-0.0513775	-0.0860726	0	-1.28444e-08	-2.15182e-08	0
497	5e+24	3.8e+12	4.4e+12	0	-0.048086	-0.108213	0	-1.20215e-08	-2.70533e-08	0
498	5e+24	3.8e+12	4.6e+12	0	-0.0444019	-0.141776	0	-1.11005e-08	-3.54439e-08	0
499	5e+24	3.8e+12	4.8e+12	0	-0.0404324	-0.209956	0	-1.01081e-08	-5.2489e-08	0
500	5e+24	4e+12	410504	0	-0.0489734	0.205252	0	-1.22434e-08	5.1313e-08	0
501	5e+24	4e+12	2e+11	0	-0.0542514	0.137347	0	-1.35629e-08	3.43368e-08	0
502	5e+24	4e+12	4e+11	0	-0.0590498	0.104236	0	-1.47624e-08	2.60589e-08	0
503	5e+24	4e+12	6e+11	0	-0.0632237	0.0826238	0	-1.58059e-08	2.06559e-08	0
504	5e+24	4e+12	8e+11	0	-0.0667476	0.0667476	0	-1.66869e-08	1.66869e-08	0
505	5e+24	4e+12	1e+12	0	-0.0696628	0.0542312	0	-1.74157e-08	1.35578e-08	0
506	5e+24	4e+12	1.2e+12	0	-0.0720345	0.0438583	0	-1.80086e-08	1.09646e-08	0
507	5e+24	4e+12	1.4e+12	0	-0.073929	0.0349226	0	-1.84823e-08	8.73064e-09	0
508	5e+24	4e+12	1.6e+12	0	-0.075404	0.0269756	0	-1.8851e-08	6.7439e-09	0
509	5e+24	4e+12	1.8e+12	0	-0.0765058	0.0197114	0	-1.91265e-08	4.92785e-09	0
510	5e+24	4e+12	2e+12	0	-0.0772691	0.0129064	0	-1.93173e-08	3.22659e-09	0
511	5e+24	4e+12	2.2e+12	0	-0.0777177	0.00638526	0	-1.94294e-08	1.59632e-09	0
512	5e+24	4e+12	2.4e+12	0	-0.0778657	-6.3904e-17	0	-1.94664e-08	-2.40012e-23	0
513	5e+24	4e+12	2.6e+12	0	-0.0777177	-0.00638526	0	-1.94294e-08	-1.59632e-09	0
514	5e+24	4e+12	2.8e+12	0	-0.0772691	-0.0129064	0	-1.93173e-08	-3.22659e-09	0
515	5e+24	4e+12	3e+12	0	-0.0765058	-0.0197114	0	-1.91265e-08	-4.92785e-09	0
516	5e+24	4e+12	3.2e+12	0	-0.075404	-0.0269756	0	-1.8851e-08	-6.7439e-09	0
517	5e+24	4e+12	3.4e+12	0	-0.073929	-0.0349226	0	-1.84823e-08	-8.73064e-09	0
518	5e+24	4e+12	3.6e+12	0	-0.0720345	-0.0438583	0	-1.80086e-08	-1.09646e-08	0
519	5e+24	4e+12	3.8e+12	0	-0.0696628	-0.0542312	0	-1.74157e-08	-1.35578e-08	0
520	5e+24	4e+12	4e+12	0	-0.0667476	-0.0667476	0	-1.66869e-08	-1.66869e-08	0
521	5e+24	4e+12	4.2e+12	0	-0.0632237	-0.0826238	0	-1.58059e-08	-2.06559e-08	0
522	5e+24	4e+12	4.4e+12	0	-0.0590498	-0.104236	0	-1.47624e-08	-2.60589e-08	0
523	5e+24	4e+12	4.6e+12	0	-0.0542514	-0.137347	0	-1.35629e-08	-3.43368e-08	0
524	5e+24	4e+12	4.8e+12	0	-0.0489734	-0.205252	0	-1.22434e-08	-5.1313e-08	0
525	5e+24	4.2e+12	397704	0	-0.0594943	0.198852	0	-1.48736e-08	4.9713e-08	0
526	5e+24	4.2e+12	2e+11	0	-0.0667212	0.13145	0	-1.66803e-08	3.28626e-08	0
527	5e+24	4.2e+12	4e+11	0	-0.0730529	0.099113	0	-1.82632e-08	2.47783e-08	0
528	5e+24	4.2e+12	6e+11	0	-0.0783312	0.0783312	0	-1.95828e-08	1.95828e-08	0
529	5e+24	4.2e+12	8e+11	0	-0.0826238	0.0632237	0	-2.06559e-08	1.58059e-08	0
530	5e+24	4.2e+12	1e+12	0	-0.0860726	0.0513775	0	-2.15182e-08	1.28444e-08	0
531	5e+24	4.2e+12	1.2e+12	0	-0.0888185	0.0415781	0	-2.22046e-08	1.03945e-08	0
532	5e+24	4.2e+12	1.4e+12	0	-0.0909779	0.033134	0	-2.27445e-08	8.2835e-09	0
533	5e+24	4.2e+12	1.6e+12	0	-0.0926406	0.0256143	0	-2.31602e-08	6.40358e-09	0
534	5e+24	4.2e+12	1.8e+12	0	-0.0938731	0.0187293	0	-2.34683e-08	4.68233e-09	0
535	5e+24	4.2e+12	2e+12	0	-0.0947224	0.0122695	0	-2.36806e-08	3.06739e-09	0
536	5e+24	4.2e+12	2.2e+12	0	-0.0952201	0.00607209	0	-2.3805e-08	1.51802e-09	0
537	5e+24	4.2e+12	2.4e+12	0	-0.095384	-2.73687e-17	0	-2.3846e-08	-1.09278e-23	0
538	5e+24	4.2e+12	2.6e+12	0	-0.0952201	-0.00607209	0	-2.3805e-08	-1.51802e-09	0
539	5e+24	4.2e+12	2.8e+12	0	-0.0947224	-0.0122695	0	-2.36806e-08	-3.06739e-09	0
540	5e+24	4.2e+12	3e+12	0	-0.0938731	-0.0187293	0	-2.34683e-08	-4.68233e-09	0
541	5e+24	4.2e+12	3.2e+12	0	-0.0926406	-0.0256143	0	-2.31602e-08	-6.40358e-09	0
542	5e+24	4.2e+12	3.4e+12	0	-0.0909779	-0.033134	0	-2.27445e-08	-8.2835e-09	0
543	5e+24	4.2e+12	3.6e+12	0	-0.0888185	-0.0415781	0	-2.22046e-08	-1.03945e-08	0
544	5e+24	4.2e+12	3.8e+12	0	-0.0860726	-0.0513775	0	-2.15182e-08	-1.28444e-08	0
545	5e+24	4.2e+12	4e+12	0	-0.0826238	-0.0632237	0	-2.06559e-08	-1.58059e-08	0
546	5e+24	4.2e+12	4.2e+12	0	-0.0783312	-0.0783312	0	-1.95828e-08	-1.95828e-08	0
547	5e+24	4.2e+12	4.4e+12	0	-0.0730529	-0.099113	0	-1.82632e-08	-2.47783e-08	0
548	5e+24	4.2e+12	4.6e+12	0	-0.0667212	-0.13145	0	-1.66803e-08	-3.28626e-08	0
549	5e+24	4.2e+12	4.8e+12	0	-0.0594943	-0.198852	0	-1.48736e-08	-4.9713e-08	0
550	5e+24	4.4e+12	379376	0	-0.0735524	0.189688	0	-1.83881e-08	4.7422e-08	0
551	5e+24	4.4e+12	2e+11	0	-0.0839854	0.123372	0	-2.09964e-08	3.08431e-08	0
552	5e+24	4.4e+12	4e+11	0	-0.0924903	0.0924903	0	-2.31226e-08	2.31226e-08	0
553	5e+24	4.4e+12	6e+11	0	-0.099113	0.0730529	0	-2.47783e-08	1.82632e-08	0
554	5e+24	4.4e+12	8e+11	0	-0.104236	0.0590498	0	-2.60589e-08	1.47624e-08	0
555	5e+24	4.4e+12	1e+12	0	-0.108213	0.048086	0	-2.70533e-08	1.20215e-08	0
556	5e+24	4.4e+12	1.2e+12	0	-0.111309	0.0389963	0	-2.78272e-08	9.74907e-09	0
557	5e+24	4.4e+12	1.4e+12	0	-0.113706	0.0311347	0	-2.84265e-08	7.78368e-09	0
558	5e+24	4.4e+12	1.6e+12	0	-0.115533	0.0241061	0	-2.88832e-08	6.02653e-09	0
559	5e+24	4.4e+12	1.8e+12	0	-0.116878	0.0176478	0	-2.92194e-08	4.41194e-09	0
560	5e+24	4.4e+12	2e+12	0	-0.1178	0.0115709	0	-2.945e-08	2.89273e-09	0
561	5e+24	4.4e+12	2.2e+12	0	-0.118339	0.00572927	0	-2.95848e-08	1.43232e-09	0
562	5e+24	4.4e+12	2.4e+12	0	-0.118516	2.20457e-17	0	-2.96291e-08	8.47214e-24	0
563	5e+24	4.4e+12	2.6e+12	0	-0.118339	-0.00572927	0	-2.95848e-08	-1.43232e-09	0
564	5e+24	4.4e+12	2.8e+12	0	-0.1178	-0.0115709	0	-2.945e-08	-2.89273e-09	0
565	5e+24	4.4e+12	3e+12	0	-0.116878	-0.0176478	0	-2.92194e-08	-4.41194e-09	0
566	5e+24	4.4e+12	3.2e+12	0	-0.115533	-0.0241061	0	-2.88832e-08	-6.02653e-09	0
567	5e+24	4.4e+12	3.4e+12	0	-0.113706	-0.0311347	0	-2.84265e-08	-7.78368e-09	0
568	5e+24	4.4e+12	3.6e+12	0	-0.111309	-0.0389963	0	-2.78272e-08	-9.74907e-09	0
569	5e+24	4.4e+12	3.8e+12	0	-0.108213	-0.048086	0	-2.70533e-08	-1.20215e-08	0
570	5e+24	4.4e+12	4e+12	0	-0.104236	-0.0590498	0	-2.60589e-08	-1.47624e-08	0
571	5e+24	4.4e+12	4.2e+12	0	-0.099113	-0.0730529	0	-2.47783e-08	-1.82632e-08	0
572	5e+24	4.4e+12	4.4e+12	0	-0.0924903	-0.0924903	0	-2.31226e-08	-2.31226e-08	0
573	5e+24	4.4e+12	4.6e+12	0	-0.0839854	-0.123372	0	-2.09964e-08	-3.08431e-08	0
574	5e+24	4.4e+12	4.8e+12	0	-0.0735524	-0.189688	0	-1.83881e-08	-4.7422e-08	0
575	5e+24	4.6e+12	350363	0	-0.0954435	0.175182	0	-2.38609e-08	4.37954e-08	0
576	5e+24	4.6e+12	2e+11	0	-0.111883	0.111883	0	-2.79708e-08	2.79708e-08	0
577	5e+24	4.6e+12	4e+11	0	-0.123372	0.0839854	0	-3.08431e-08	2.09964e-08	0
578	5e+24	4.6e+12	6e+11	0	-0.13145	0.0667212	0	-3.28626e-08	1.66803e-08	0
579	5e+24	4.6e+12	8e+11	0	-0.137347	0.0542514	0	-3.43368e-08	1.35629e-08	0
580	5e+24	4.6e+12	1e+12	0	-0.141776	0.0444019	0	-3.54439e-08	1.11005e-08	0
581	5e+24	4.6e+12	1.2e+12	0	-0.145154	0.0361557	0	-3.62884e-08	9.03893e-09	0
582	5e+24	4.6e+12	1.4e+12	0	-0.147737	0.0289598	0	-3.69343e-08	7.23994e-09	0
583	5e+24	4.6e+12	1.6e+12	0	-0.14969	0.0224776	0	-3.74225e-08	5.61941e-09	0
584	5e+24	4.6e+12	1.8e+12	0	-0.15112	0.0164857	0	-3.778e-08	4.12142e-09	0
585	5e+24	4.6e+12	2e+12	0	-0.152098	0.0108226	0	-3.80244e-08	2.70564e-09	0
586	5e+24	4.6e+12	2.2e+12	0	-0.152668	0.00536267	0	-3.8167e-08	1.34067e-09	0
587	5e+24	4.6e+12	2.4e+12	0	-0.152855	1.30871e-17	0	-3.82138e-08	8.02624e-24	0
588	5e+24	4.6e+12	2.6e+12	0	-0.152668	-0.00536267	0	-3.8167e-08	-1.34067e-09	0
589	5e+24	4.6e+12	2.8e+12	0	-0.152098	-0.0108226	0	-3.80244e-08	-2.70564e-09	0
590	5e+24	4.6e+12	3e+12	0	-0.15112	-0.0164857	0	-3.778e-08	-4.12142e-09	0
591	5e+24	4.6e+12	3.2e+12	0	-0.14969	-0.0224776	0	-3.74225e-08	-5.61941e-09	0
592	5e+24	4.6e+12	3.4e+12	0	-0.147737	-0.0289598	0	-3.69343e-08	-7.23994e-09	0
593	5e+24	4.6e+12	3.6e+12	0	-0.145154	-0.0361557	0	-3.62884e-08	-9.03893e-09	0
594	5e+24	4.6e+12	3.8e+12	0	-0.141776	-0.0444019	0	-3.54439e-08	-1.11005e-08	0
595	5e+24	4.6e+12	4e+12	0	-0.137347	-0.0542514	0	-3.43368e-08	-1.35629e-08	0
596	5e+24	4.6e+12	4.2e+12	0	-0.13145	-0.0667212	0	-3.28626e-08	-1.66803e-08	0
597	5e+24	4.6e+12	4.4e+12	0	-0.123372	-0.0839854	0	-3.08431e-08	-2.09964e-08	0
598	5e+24	4.6e+12	4.6e+12	0	-0.111883	-0.111883	0	-2.79708e-08	-2.79708e-08	0
599	5e+24	4.6e+12	4.8e+12	0	-0.0954435	-0.175182	0	-2.38609e-08	-4.37954e-08	0
600	5e+24	4.8e+12	293817	0	-0.146909	0.146909	0	-3.67272e-08	3.67272e-08	0
601	5e+24	4.8e+12	2e+11	0	-0.175182	0.0954435	0	-4.37954e-08	2.38609e-08	0
602	5e+24	4.8e+12	4e+11	0	-0.189688	0.0735524	0	-4.7422e-08	1.83881e-08	0
603	5e+24	4.8e+12	6e+11	0	-0.198852	0.0594943	0	-4.9713e-08	1.48736e-08	0
604	5e+24	4.8e+12	8e+11	0	-0.205252	0.0489734	0	-5.1313e-08	1.22434e-08	0
605	5e+24	4.8e+12	1e+12	0	-0.209956	0.0404324	0	-5.2489e-08	1.01081e-08	0
606	5e+24	4.8e+12	1.2e+12	0	-0.213502	0.0331326	0	-5.33756e-08	8.28314e-09	0
607	5e+24	4.8e+12	1.4e+12	0	-0.216196	0.0266626	0	-5.4049e-08	6.66565e-09	0
608	5e+24	4.8e+12	1.6e+12	0	-0.218224	0.020766	0	-5.4556e-08	5.1915e-09	0
609	5e+24	4.8e+12	1.8e+12	0	-0.219705	0.015268	0	-5.49262e-08	3.817e-09	0
610	5e+24	4.8e+12	2e+12	0	-0.220716	0.0100399	0	-5.5179e-08	2.50998e-09	0
611	5e+24	4.8e+12	2.2e+12	0	-0.221305	0.00497967	0	-5.53263e-08	1.24492e-09	0
612	5e+24	4.8e+12	2.4e+12	0	-0.221499	-1.97414e-18	0	-5.53746e-08	-3.16655e-25	0
613	5e+24	4.8e+12	2.6e+12	0	-0.221305	-0.00497967	0	-5.53263e-08	-1.24492e-09	0
614	5e+24	4.8e+12	2.8e+12	0	-0.220716	-0.0100399	0	-5.5179e-08	-2.50998e-09	0
615	5e+24	4.8e+12	3e+12	0	-0.219705	-0.015268	0	-5.49262e-08	-3.817e-09	0
616	5e+24	4.8e+12	3.2e+12	0	-0.218224	-0.020766	0	-5.4556e-08	-5.1915e-09	0
617	5e+24	4.8e+12	3.4e+12	0	-0.216196	-0.0266626	0	-5.4049e-08	-6.66565e-09	0
618	5e+24	4.8e+12	3.6e+12	0	-0.213502	-0.0331326	0	-5.33756e-08	-8.28314e-09	0
619	5e+24	4.8e+12	3.8e+12	0	-0.209956	-0.0404324	0	-5.2489e-08	-1.01081e-08	0
620	5e+24	4.8e+12	4e+12	0	-0.205252	-0.0489734	0	-5.1313e-08	-1.22434e-08	0
621	5e+24	4.8e+12	4.2e+12	0	-0.198852	-0.0594943	0	-4.9713e-08	-1.48736e-08	0
622	5e+24	4.8e+12	4.4e+12	0	-0.189688	-0.0735524	0	-4.7422e-08	-1.83881e-08	0
623	5e+24	4.8e+12	4.6e+12	0	-0.175182	-0.0954435	0	-4.37954e-08	-2.38609e-08	0
624	5e+24	4.8e+12	4.8e+12	0	-0.146909	-0.146909	0	-3.67272e-08	-3.67272e-08	0
