625
0	5e+24	4.59097e+07	4.59097e+07	0	1.83642	1.83642	0	3.67309e-08	3.67309e-08	0
1	5e+24	5.47452e+07	2.0003e+11	0	2.18984	1.19305	0	4.37999e-08	2.38614e-08	0
2	5e+24	5.92785e+07	4.00023e+11	0	2.37118	0.919409	0	4.74268e-08	1.83884e-08	0
3	5e+24	6.21422e+07	6.00019e+11	0	2.48573	0.743682	0	4.97177e-08	1.48737e-08	0
4	5e+24	6.41422e+07	8.00015e+11	0	2.56573	0.61217	0	5.13177e-08	1.22435e-08	0
5	5e+24	6.56122e+07	1.00001e+12	0	2.62453	0.505406	0	5.24937e-08	1.01082e-08	0
6	5e+24	6.67205e+07	1.20001e+12	0	2.66886	0.414158	0	5.33803e-08	8.28321e-09	0
7	5e+24	6.75623e+07	1.40001e+12	0	2.70253	0.333283	0	5.40537e-08	6.6657e-09	0
8	5e+24	6.81959e+07	1.60001e+12	0	2.72788	0.259576	0	5.45607e-08	5.19154e-09	0
9	5e+24	6.86588e+07	1.8e+12	0	2.74639	0.190851	0	5.49309e-08	3.81703e-09	0
10	5e+24	6.89747e+07	2e+12	0	2.75903	0.125499	0	5.51837e-08	2.51e-09	0
11	5e+24	6.91588e+07	2.2e+12	0	2.76639	0.062246	0	5.53309e-08	1.24493e-09	0
12	5e+24	6.92193e+07	2.4e+12	0	2.76881	-1.16203e-15	0	5.53793e-08	-5.93203e-23	0
13	5e+24	6.91588e+07	2.6e+12	0	2.76639	-0.062246	0	5.53309e-08	-1.24493e-09	0
14	5e+24	6.89747e+07	2.8e+12	0	2.75903	-0.125499	0	5.51837e-08	-2.51e-09	0
15	5e+24	6.86588e+07	3e+12	0	2.74639	-0.190851	0	5.49309e-08	-3.81703e-09	0
16	5e+24	6.81959e+07	3.19999e+12	0	2.72788	-0.259576	0	5.45607e-08	-5.19154e-09	0
17	5e+24	6.75623e+07	3.39999e+12	0	2.70253	-0.333283	0	5.40537e-08	-6.6657e-09	0
18	5e+24	6.67205e+07	3.59999e+12	0	2.66886	-0.414158	0	5.33803e-08	-8.28321e-09	0
19	5e+24	6.56122e+07	3.79999e+12	0	2.62453	-0.505406	0	5.24937e-08	-1.01082e-08	0
20	5e+24	6.41422e+07	3.99998e+12	0	2.56573	-0.61217	0	5.13177e-08	-1.22435e-08	0
21	5e+24	6.21422e+07	4.19998e+12	0	2.48573	-0.743682	0	4.97177e-08	-1.48737e-08	0
22	5e+24	5.92785e+07	4.39998e+12	0	2.37118	-0.919409	0	4.74268e-08	-1.83884e-08	0
23	5e+24	5.47452e+07	4.59997e+12	0	2.18984	-1.19305	0	4.37999e-08	-2.38614e-08	0
24	5e+24	4.59097e+07	4.79995e+12	0	1.83642	-1.83642	0	3.67309e-08	-3.67309e-08	0
25	5e+24	2.0003e+11	5.47452e+07	0	1.19305	2.18984	0	2.38614e-08	4.37999e-08	0
26	5e+24	2.00035e+11	2.00035e+11	0	1.39855	1.39855	0	2.79714e-08	2.79714e-08	0
27	5e+24	2.00039e+11	4.00026e+11	0	1.54217	1.04982	0	3.08438e-08	2.09966e-08	0
28	5e+24	2.00041e+11	6.00021e+11	0	1.64314	0.834017	0	3.28634e-08	1.66804e-08	0
29	5e+24	2.00043e+11	8.00017e+11	0	1.71685	0.678144	0	3.43376e-08	1.35629e-08	0
30	5e+24	2.00044e+11	1.00001e+12	0	1.77221	0.555025	0	3.54447e-08	1.11005e-08	0
31	5e+24	2.00045e+11	1.20001e+12	0	1.81443	0.451947	0	3.62892e-08	9.03898e-09	0
32	5e+24	2.00046e+11	1.40001e+12	0	1.84673	0.361997	0	3.69351e-08	7.23997e-09	0
33	5e+24	2.00047e+11	1.60001e+12	0	1.87114	0.280971	0	3.74233e-08	5.61944e-09	0
34	5e+24	2.00047e+11	1.80001e+12	0	1.88901	0.206071	0	3.77808e-08	4.12144e-09	0
35	5e+24	2.00048e+11	2e+12	0	1.90123	0.135282	0	3.80252e-08	2.70565e-09	0
36	5e+24	2.00048e+11	2.2e+12	0	1.90836	0.0670335	0	3.81678e-08	1.34067e-09	0
37	5e+24	2.00048e+11	2.4e+12	0	1.9107	-1.77533e-17	0	3.82146e-08	-1.49975e-23	0
38	5e+24	2.00048e+11	2.6e+12	0	1.90836	-0.0670335	0	3.81678e-08	-1.34067e-09	0
39	5e+24	2.00048e+11	2.8e+12	0	1.90123	-0.135282	0	3.80252e-08	-2.70565e-09	0
40	5e+24	2.00047e+11	2.99999e+12	0	1.88901	-0.206071	0	3.77808e-08	-4.12144e-09	0
41	5e+24	2.00047e+11	3.19999e+12	0	1.87114	-0.280971	0	3.74233e-08	-5.61944e-09	0
42	5e+24	2.00046e+11	3.39999e+12	0	1.84673	-0.361997	0	3.69351e-08	-7.23997e-09	0
43	5e+24	2.00045e+11	3.59999e+12	0	1.81443	-0.451947	0	3.62892e-08	-9.03898e-09	0
44	5e+24	2.00044e+11	3.79999e+12	0	1.77221	-0.555025	0	3.54447e-08	-1.11005e-08	0
45	5e+24	2.00043e+11	3.99998e+12	0	1.71685	-0.678144	0	3.43376e-08	-1.35629e-08	0
46	5e+24	2.00041e+11	4.19998e+12	0	1.64314	-0.834017	0	3.28634e-08	-1.66804e-08	0
47	5e+24	2.00039e+11	4.39997e+12	0	1.54217	-1.04982	0	3.08438e-08	-2.09966e-08	0
48	5e+24	2.00035e+11	4.59997e+12	0	1.39855	-1.39855	0	2.79714e-08	-2.79714e-08	0
49	5e+24	2.0003e+11	4.79995e+12	0	1.19305	-2.18984	0	2.38614e-08	-4.37999e-08	0
50	5e+24	4.00023e+11	5.92785e+07	0	0.919409	2.37118	0	1.83884e-08	4.74268e-08	0
51	5e+24	4.00026e+11	2.00039e+11	0	1.04982	1.54217	0	2.09966e-08	3.08438e-08	0
52	5e+24	4.00029e+11	4.00029e+11	0	1.15613	1.15613	0	2.31229e-08	2.31229e-08	0
53	5e+24	4.00031e+11	6.00023e+11	0	1.23892	0.913164	0	2.47786e-08	1.82634e-08	0
54	5e+24	4.00033e+11	8.00018e+11	0	1.30295	0.738124	0	2.60593e-08	1.47625e-08	0
55	5e+24	4.00034e+11	1.00002e+12	0	1.35267	0.601077	0	2.70537e-08	1.20216e-08	0
56	5e+24	4.00035e+11	1.20001e+12	0	1.39137	0.487454	0	2.78276e-08	9.74912e-09	0
57	5e+24	4.00036e+11	1.40001e+12	0	1.42133	0.389184	0	2.84269e-08	7.78371e-09	0
58	5e+24	4.00036e+11	1.60001e+12	0	1.44417	0.301327	0	2.88836e-08	6.02656e-09	0
59	5e+24	4.00037e+11	1.80001e+12	0	1.46098	0.220597	0	2.92198e-08	4.41196e-09	0
60	5e+24	4.00037e+11	2e+12	0	1.47251	0.144637	0	2.94504e-08	2.89274e-09	0
61	5e+24	4.00037e+11	2.2e+12	0	1.47924	0.0716159	0	2.95852e-08	1.43232e-09	0
62	5e+24	4.00037e+11	2.4e+12	0	1.48146	8.48741e-16	0	2.96295e-08	2.05753e-23	0
63	5e+24	4.00037e+11	2.6e+12	0	1.47924	-0.0716159	0	2.95852e-08	-1.43232e-09	0
64	5e+24	4.00037e+11	2.8e+12	0	1.47251	-0.144637	0	2.94504e-08	-2.89274e-09	0
65	5e+24	4.00037e+11	2.99999e+12	0	1.46098	-0.220597	0	2.92198e-08	-4.41196e-09	0
66	5e+24	4.00036e+11	3.19999e+12	0	1.44417	-0.301327	0	2.88836e-08	-6.02656e-09	0
67	5e+24	4.00036e+11	3.39999e+12	0	1.42133	-0.389184	0	2.84269e-08	-7.78371e-09	0
68	5e+24	4.00035e+11	3.59999e+12	0	1.39137	-0.487454	0	2.78276e-08	-9.74912e-09	0
69	5e+24	4.00034e+11	3.79998e+12	0	1.35267	-0.601077	0	2.70537e-08	-1.20216e-08	0
70	5e+24	4.00033e+11	3.99998e+12	0	1.30295	-0.738124	0	2.60593e-08	-1.47625e-08	0
71	5e+24	4.00031e+11	4.19998e+12	0	1.23892	-0.913164	0	2.47786e-08	-1.82634e-08	0
72	5e+24	4.00029e+11	4.39997e+12	0	1.15613	-1.15613	0	2.31229e-08	-2.31229e-08	0
73	5e+24	4.00026e+11	4.59996e+12	0	1.04982	-1.54217	0	2.09966e-08	-3.08438e-08	0
74	5e+24	4.00023e+11	4.79994e+12	0	0.919409	-2.37118	0	1.83884e-08	-4.74268e-08	0
75	5e+24	6.00019e+11	6.21422e+07	0	0.743682	2.48573	0	1.48737e-08	4.97177e-08	0
76	5e+24	6.00021e+11	2.00041e+11	0	0.834017	1.64314	0	1.66804e-08	3.28634e-08	0
77	5e+24	6.00023e+11	4.00031e+11	0	0.913164	1.23892	0	1.82634e-08	2.47786e-08	0
78	5e+24	6.00024e+11	6.00024e+11	0	0.979142	0.979142	0	1.9583e-08	1.9583e-08	0
79	5e+24	6.00026e+11	8.0002e+11	0	1.0328	0.790297	0	2.06561e-08	1.5806e-08	0
80	5e+24	6.00027e+11	1.00002e+12	0	1.07591	0.64222	0	2.15184e-08	1.28445e-08	0
81	5e+24	6.00028e+11	1.20001e+12	0	1.11023	0.519727	0	2.22048e-08	1.03946e-08	0
82	5e+24	6.00028e+11	1.40001e+12	0	1.13723	0.414175	0	2.27447e-08	8.28353e-09	0
83	5e+24	6.00029e+11	1.60001e+12	0	1.15801	0.320179	0	2.31604e-08	6.4036e-09	0
84	5e+24	6.00029e+11	1.80001e+12	0	1.17342	0.234117	0	2.34685e-08	4.68235e-09	0
85	5e+24	6.0003e+11	2e+12	0	1.18403	0.153369	0	2.36808e-08	3.0674e-09	0
86	5e+24	6.0003e+11	2.2e+12	0	1.19025	0.0759013	0	2.38053e-08	1.51803e-09	0
87	5e+24	6.0003e+11	2.4e+12	0	1.1923	1.85362e-16	0	2.38462e-08	1.9467e-23	0
88	5e+24	6.0003e+11	2.6e+12	0	1.19025	-0.0759013	0	2.38053e-08	-1.51803e-09	0
89	5e+24	6.0003e+11	2.8e+12	0	1.18403	-0.153369	0	2.36808e-08	-3.0674e-09	0
90	5e+24	6.00029e+11	2.99999e+12	0	1.17342	-0.234117	0	2.34685e-08	-4.68235e-09	0
91	5e+24	6.00029e+11	3.19999e+12	0	1.15801	-0.320179	0	2.31604e-08	-6.4036e-09	0
92	5e+24	6.00028e+11	3.39999e+12	0	1.13723	-0.414175	0	2.27447e-08	-8.28353e-09	0
93	5e+24	6.00028e+11	3.59999e+12	0	1.11023	-0.519727	0	2.22048e-08	-1.03946e-08	0
94	5e+24	6.00027e+11	3.79998e+12	0	1.07591	-0.64222	0	2.15184e-08	-1.28445e-08	0
95	5e+24	6.00026e+11	3.99998e+12	0	1.0328	-0.790297	0	2.06561e-08	-1.5806e-08	0
96	5e+24	6.00024e+11	4.19998e+12	0	0.979142	-0.979142	0	1.9583e-08	-1.9583e-08	0
97	5e+24	6.00023e+11	4.39997e+12	0	0.913164	-1.23892	0	1.82634e-08	-2.47786e-08	0
98	5e+24	6.00021e+11	4.59996e+12	0	0.834017	-1.64314	0	1.66804e-08	-3.28634e-08	0
99	5e+24	6.00019e+11	4.79994e+12	0	0.743682	-2.48573	0	1.48737e-08	-4.97177e-08	0
100	5e+24	8.00015e+11	6.41422e+07	0	0.61217	2.56573	0	1.22435e-08	5.13177e-08	0
101	5e+24	8.00017e+11	2.00043e+11	0	0.678144	1.71685	0	1.35629e-08	3.43376e-08	0
102	5e+24	8.00018e+11	4.00033e+11	0	0.738124	1.30295	0	1.47625e-08	2.60593e-08	0
103	5e+24	8.0002e+11	6.00026e+11	0	0.790297	1.0328	0	1.5806e-08	2.06561e-08	0
104	5e+24	8.00021e+11	8.00021e+11	0	0.834347	0.834347	0	1.6687e-08	1.6687e-08	0
105	5e+24	8.00022e+11	1.00002e+12	0	0.870787	0.677891	0	1.74158e-08	1.35579e-08	0
106	5e+24	8.00023e+11	1.20001e+12	0	0.900433	0.54823	0	1.80088e-08	1.09646e-08	0
107	5e+24	8.00023e+11	1.40001e+12	0	0.924115	0.436533	0	1.84824e-08	8.73068e-09	0
108	5e+24	8.00024e+11	1.60001e+12	0	0.942553	0.337195	0	1.88512e-08	6.74392e-09	0
109	5e+24	8.00024e+11	1.80001e+12	0	0.956325	0.246393	0	1.91266e-08	4.92787e-09	0
110	5e+24	8.00024e+11	2e+12	0	0.965866	0.16133	0	1.93174e-08	3.2266e-09	0
111	5e+24	8.00024e+11	2.2e+12	0	0.971474	0.0798159	0	1.94296e-08	1.59632e-09	0
112	5e+24	8.00024e+11	2.4e+12	0	0.973324	-4.56148e-16	0	1.94666e-08	1.1335e-23	0
113	5e+24	8.00024e+11	2.6e+12	0	0.971474	-0.0798159	0	1.94296e-08	-1.59632e-09	0
114	5e+24	8.00024e+11	2.8e+12	0	0.965866	-0.16133	0	1.93174e-08	-3.2266e-09	0
115	5e+24	8.00024e+11	2.99999e+12	0	0.956325	-0.246393	0	1.91266e-08	-4.92787e-09	0
116	5e+24	8.00024e+11	3.19999e+12	0	0.942553	-0.337195	0	1.88512e-08	-6.74392e-09	0
117	5e+24	8.00023e+11	3.39999e+12	0	0.924115	-0.436533	0	1.84824e-08	-8.73068e-09	0
118	5e+24	8.00023e+11	3.59999e+12	0	0.900433	-0.54823	0	1.80088e-08	-1.09646e-08	0
119	5e+24	8.00022e+11	3.79998e+12	0	0.870787	-0.677891	0	1.74158e-08	-1.35579e-08	0
120	5e+24	8.00021e+11	3.99998e+12	0	0.834347	-0.834347	0	1.6687e-08	-1.6687e-08	0
121	5e+24	8.0002e+11	4.19997e+12	0	0.790297	-1.0328	0	1.5806e-08	-2.06561e-08	0
122	5e+24	8.00018e+11	4.39997e+12	0	0.738124	-1.30295	0	1.47625e-08	-2.60593e-08	0
123	5e+24	8.00017e+11	4.59996e+12	0	0.678144	-1.71685	0	1.35629e-08	-3.43376e-08	0
124	5e+24	8.00015e+11	4.79994e+12	0	0.61217	-2.56573	0	1.22435e-08	-5.13177e-08	0
125	5e+24	1.00001e+12	6.56122e+07	0	0.505406	2.62453	0	1.01082e-08	5.24937e-08	0
126	5e+24	1.00001e+12	2.00044e+11	0	0.555025	1.77221	0	1.11005e-08	3.54447e-08	0
127	5e+24	1.00002e+12	4.00034e+11	0	0.601077	1.35267	0	1.20216e-08	2.70537e-08	0
128	5e+24	1.00002e+12	6.00027e+11	0	0.64222	1.07591	0	1.28445e-08	2.15184e-08	0
129	5e+24	1.00002e+12	8.00022e+11	0	0.677891	0.870787	0	1.35579e-08	1.74158e-08	0
130	5e+24	1.00002e+12	1.00002e+12	0	0.708087	0.708087	0	1.41618e-08	1.41618e-08	0
131	5e+24	1.00002e+12	1.20001e+12	0	0.733112	0.57278	0	1.46623e-08	1.14556e-08	0
132	5e+24	1.00002e+12	1.40001e+12	0	0.753388	0.456036	0	1.50678e-08	9.12075e-09	0
133	5e+24	1.00002e+12	1.60001e+12	0	0.769343	0.352176	0	1.53869e-08	7.04353e-09	0
134	5e+24	1.00002e+12	1.80001e+12	0	0.781353	0.257269	0	1.56271e-08	5.1454e-09	0
135	5e+24	1.00002e+12	2e+12	0	0.789717	0.168412	0	1.57944e-08	3.36825e-09	0
136	5e+24	1.00002e+12	2.2e+12	0	0.794649	0.0833071	0	1.58931e-08	1.66615e-09	0
137	5e+24	1.00002e+12	2.4e+12	0	0.796279	1.89364e-16	0	1.59257e-08	2.69431e-23	0
138	5e+24	1.00002e+12	2.6e+12	0	0.794649	-0.0833071	0	1.58931e-08	-1.66615e-09	0
139	5e+24	1.00002e+12	2.8e+12	0	0.789717	-0.168412	0	1.57944e-08	-3.36825e-09	0
140	5e+24	1.00002e+12	2.99999e+12	0	0.781353	-0.257269	0	1.56271e-08	-5.1454e-09	0
141	5e+24	1.00002e+12	3.19999e+12	0	0.769343	-0.352176	0	1.53869e-08	-7.04353e-09	0
142	5e+24	1.00002e+12	3.39999e+12	0	0.753388	-0.456036	0	1.50678e-08	-9.12075e-09	0
143	5e+24	1.00002e+12	3.59999e+12	0	0.733112	-0.57278	0	1.46623e-08	-1.14556e-08	0
144	5e+24	1.00002e+12	3.79998e+12	0	0.708087	-0.708087	0	1.41618e-08	-1.41618e-08	0
145	5e+24	1.00002e+12	3.99998e+12	0	0.677891	-0.870787	0	1.35579e-08	-1.74158e-08	0
146	5e+24	1.00002e+12	4.19997e+12	0	0.64222	-1.07591	0	1.28445e-08	-2.15184e-08	0
147	5e+24	1.00002e+12	4.39997e+12	0	0.601077	-1.35267	0	1.20216e-08	-2.70537e-08	0
148	5e+24	1.00001e+12	4.59996e+12	0	0.555025	-1.77221	0	1.11005e-08	-3.54447e-08	0
149	5e+24	1.00001e+12	4.79993e+12	0	0.505406	-2.62453	0	1.01082e-08	-5.24937e-08	0
150	5e+24	1.20001e+12	6.67205e+07	0	0.414158	2.66886	0	8.28321e-09	5.33803e-08	0
151	5e+24	1.20001e+12	2.00045e+11	0	0.451947	1.81443	0	9.03898e-09	3.62892e-08	0
152	5e+24	1.20001e+12	4.00035e+11	0	0.487454	1.39137	0	9.74912e-09	2.78276e-08	0
153	5e+24	1.20001e+12	6.00028e+11	0	0.519727	1.11023	0	1.03946e-08	2.22048e-08	0
154	5e+24	1.20001e+12	8.00023e+11	0	0.54823	0.900433	0	1.09646e-08	1.80088e-08	0
155	5e+24	1.20001e+12	1.00002e+12	0	0.57278	0.733112	0	1.14556e-08	1.46623e-08	0
156	5e+24	1.20001e+12	1.20001e+12	0	0.593431	0.593431	0	1.18687e-08	1.18687e-08	0
157	5e+24	1.20002e+12	1.40001e+12	0	0.610367	0.472633	0	1.22074e-08	9.45268e-09	0
158	5e+24	1.20002e+12	1.60001e+12	0	0.623821	0.365034	0	1.24765e-08	7.3007e-09	0
159	5e+24	1.20002e+12	1.80001e+12	0	0.634019	0.266663	0	1.26804e-08	5.33327e-09	0
160	5e+24	1.20002e+12	2e+12	0	0.641156	0.174554	0	1.28232e-08	3.49109e-09	0
161	5e+24	1.20002e+12	2.2e+12	0	0.645378	0.0863418	0	1.29076e-08	1.72684e-09	0
162	5e+24	1.20002e+12	2.4e+12	0	0.646776	5.18387e-16	0	1.29356e-08	1.80364e-23	0
163	5e+24	1.20002e+12	2.6e+12	0	0.645378	-0.0863418	0	1.29076e-08	-1.72684e-09	0
164	5e+24	1.20002e+12	2.8e+12	0	0.641156	-0.174554	0	1.28232e-08	-3.49109e-09	0
165	5e+24	1.20002e+12	2.99999e+12	0	0.634019	-0.266663	0	1.26804e-08	-5.33327e-09	0
166	5e+24	1.20002e+12	3.19999e+12	0	0.623821	-0.365034	0	1.24765e-08	-7.3007e-09	0
167	5e+24	1.20002e+12	3.39999e+12	0	0.610367	-0.472633	0	1.22074e-08	-9.45268e-09	0
168	5e+24	1.20001e+12	3.59999e+12	0	0.593431	-0.593431	0	1.18687e-08	-1.18687e-08	0
169	5e+24	1.20001e+12	3.79998e+12	0	0.57278	-0.733112	0	1.14556e-08	-1.46623e-08	0
170	5e+24	1.20001e+12	3.99998e+12	0	0.54823	-0.900433	0	1.09646e-08	-1.80088e-08	0
171	5e+24	1.20001e+12	4.19997e+12	0	0.519727	-1.11023	0	1.03946e-08	-2.22048e-08	0
172	5e+24	1.20001e+12	4.39997e+12	0	0.487454	-1.39137	0	9.74912e-09	-2.78276e-08	0
173	5e+24	1.20001e+12	4.59995e+12	0	0.451947	-1.81443	0	9.03898e-09	-3.62892e-08	0
174	5e+24	1.20001e+12	4.79993e+12	0	0.414158	-2.66886	0	8.28321e-09	-5.33803e-08	0
175	5e+24	1.40001e+12	6.75623e+07	0	0.333283	2.70253	0	6.6657e-09	5.40537e-08	0
176	5e+24	1.40001e+12	2.00046e+11	0	0.361997	1.84673	0	7.23997e-09	3.69351e-08	0
177	5e+24	1.40001e+12	4.00036e+11	0	0.389184	1.42133	0	7.78371e-09	2.84269e-08	0
178	5e+24	1.40001e+12	6.00028e+11	0	0.414175	1.13723	0	8.28353e-09	2.27447e-08	0
179	5e+24	1.40001e+12	8.00023e+11	0	0.436533	0.924115	0	8.73068e-09	1.84824e-08	0
180	5e+24	1.40001e+12	1.00002e+12	0	0.456036	0.753388	0	9.12075e-09	1.50678e-08	0
181	5e+24	1.40001e+12	1.20002e+12	0	0.472633	0.610367	0	9.45268e-09	1.22074e-08	0
182	5e+24	1.40001e+12	1.40001e+12	0	0.486378	0.486378	0	9.72759e-09	9.72759e-09	0
183	5e+24	1.40001e+12	1.60001e+12	0	0.497382	0.375763	0	9.94768e-09	7.51529e-09	0
184	5e+24	1.40001e+12	1.80001e+12	0	0.505775	0.274545	0	1.01155e-08	5.49092e-09	0
185	5e+24	1.40001e+12	2e+12	0	0.511674	0.179728	0	1.02335e-08	3.59456e-09	0
186	5e+24	1.40001e+12	2.2e+12	0	0.515174	0.0889036	0	1.03035e-08	1.77808e-09	0
187	5e+24	1.40001e+12	2.4e+12	0	0.516334	-1.1346e-15	0	1.03267e-08	-3.93654e-23	0
188	5e+24	1.40001e+12	2.6e+12	0	0.515174	-0.0889036	0	1.03035e-08	-1.77808e-09	0
189	5e+24	1.40001e+12	2.8e+12	0	0.511674	-0.179728	0	1.02335e-08	-3.59456e-09	0
190	5e+24	1.40001e+12	2.99999e+12	0	0.505775	-0.274545	0	1.01155e-08	-5.49092e-09	0
191	5e+24	1.40001e+12	3.19999e+12	0	0.497382	-0.375763	0	9.94768e-09	-7.51529e-09	0
192	5e+24	1.40001e+12	3.39999e+12	0	0.486378	-0.486378	0	9.72759e-09	-9.72759e-09	0
193	5e+24	1.40001e+12	3.59998e+12	0	0.472633	-0.610367	0	9.45268e-09	-1.22074e-08	0
194	5e+24	1.40001e+12	3.79998e+12	0	0.456036	-0.753388	0	9.12075e-09	-1.50678e-08	0
195	5e+24	1.40001e+12	3.99998e+12	0	0.436533	-0.924115	0	8.73068e-09	-1.84824e-08	0
196	5e+24	1.40001e+12	4.19997e+12	0	0.414175	-1.13723	0	8.28353e-09	-2.27447e-08	0
197	5e+24	1.40001e+12	4.39996e+12	0	0.389184	-1.42133	0	7.78371e-09	-2.84269e-08	0
198	5e+24	1.40001e+12	4.59995e+12	0	0.361997	-1.84673	0	7.23997e-09	-3.69351e-08	0
199	5e+24	1.40001e+12	4.79993e+12	0	0.333283	-2.70253	0	6.6657e-09	-5.40537e-08	0
200	5e+24	1.60001e+12	6.81959e+07	0	0.259576	2.72788	0	5.19154e-09	5.45607e-08	0
201	5e+24	1.60001e+12	2.00047e+11	0	0.280971	1.87114	0	5.61944e-09	3.74233e-08	0
202	5e+24	1.60001e+12	4.00036e+11	0	0.301327	1.44417	0	6.02656e-09	2.88836e-08	0
203	5e+24	1.60001e+12	6.00029e+11	0	0.320179	1.15801	0	6.4036e-09	2.31604e-08	0
204	5e+24	1.60001e+12	8.00024e+11	0	0.337195	0.942553	0	6.74392e-09	1.88512e-08	0
205	5e+24	1.60001e+12	1.00002e+12	0	0.352176	0.769343	0	7.04353e-09	1.53869e-08	0
206	5e+24	1.60001e+12	1.20002e+12	0	0.365034	0.623821	0	7.3007e-09	1.24765e-08	0
207	5e+24	1.60001e+12	1.40001e+12	0	0.375763	0.497382	0	7.51529e-09	9.94768e-09	0
208	5e+24	1.60001e+12	1.60001e+12	0	0.384408	0.384408	0	7.68819e-09	7.68819e-09	0
209	5e+24	1.60001e+12	1.80001e+12	0	0.391033	0.280926	0	7.82069e-09	5.61853e-09	0
210	5e+24	1.60001e+12	2e+12	0	0.395707	0.183929	0	7.91417e-09	3.6786e-09	0
211	5e+24	1.60001e+12	2.2e+12	0	0.398486	0.0909882	0	7.96976e-09	1.81977e-09	0
212	5e+24	1.60001e+12	2.4e+12	0	0.399409	-2.7244e-15	0	7.9882e-09	-1.03501e-22	0
213	5e+24	1.60001e+12	2.6e+12	0	0.398486	-0.0909882	0	7.96976e-09	-1.81977e-09	0
214	5e+24	1.60001e+12	2.8e+12	0	0.395707	-0.183929	0	7.91417e-09	-3.6786e-09	0
215	5e+24	1.60001e+12	2.99999e+12	0	0.391033	-0.280926	0	7.82069e-09	-5.61853e-09	0
216	5e+24	1.60001e+12	3.19999e+12	0	0.384408	-0.384408	0	7.68819e-09	-7.68819e-09	0
217	5e+24	1.60001e+12	3.39999e+12	0	0.375763	-0.497382	0	7.51529e-09	-9.94768e-09	0
218	5e+24	1.60001e+12	3.59998e+12	0	0.365034	-0.623821	0	7.3007e-09	-1.24765e-08	0
219	5e+24	1.60001e+12	3.79998e+12	0	0.352176	-0.769343	0	7.04353e-09	-1.53869e-08	0
220	5e+24	1.60001e+12	3.99998e+12	0	0.337195	-0.942553	0	6.74392e-09	-1.88512e-08	0
221	5e+24	1.60001e+12	4.19997e+12	0	0.320179	-1.15801	0	6.4036e-09	-2.31604e-08	0
222	5e+24	1.60001e+12	4.39996e+12	0	0.301327	-1.44417	0	6.02656e-09	-2.88836e-08	0
223	5e+24	1.60001e+12	4.59995e+12	0	0.280971	-1.87114	0	5.61944e-09	-3.74233e-08	0
224	5e+24	1.60001e+12	4.79993e+12	0	0.259576	-2.72788	0	5.19154e-09	-5.45607e-08	0
225	5e+24	1.8e+12	6.86588e+07	0	0.190851	2.74639	0	3.81703e-09	5.49309e-08	0
226	5e+24	1.80001e+12	2.00047e+11	0	0.206071	1.88901	0	4.12144e-09	3.77808e-08	0
227	5e+24	1.80001e+12	4.00037e+11	0	0.220597	1.46098	0	4.41196e-09	2.92198e-08	0
228	5e+24	1.80001e+12	6.00029e+11	0	0.234117	1.17342	0	4.68235e-09	2.34685e-08	0
229	5e+24	1.80001e+12	8.00024e+11	0	0.246393	0.956325	0	4.92787e-09	1.91266e-08	0
230	5e+24	1.80001e+12	1.00002e+12	0	0.257269	0.781353	0	5.1454e-09	1.56271e-08	0
231	5e+24	1.80001e+12	1.20002e+12	0	0.266663	0.634019	0	5.33327e-09	1.26804e-08	0
232	5e+24	1.80001e+12	1.40001e+12	0	0.274545	0.505775	0	5.49092e-09	1.01155e-08	0
233	5e+24	1.80001e+12	1.60001e+12	0	0.280926	0.391033	0	5.61853e-09	7.82069e-09	0
234	5e+24	1.80001e+12	1.80001e+12	0	0.285834	0.285834	0	5.7167e-09	5.7167e-09	0
235	5e+24	1.80001e+12	2e+12	0	0.289307	0.18717	0	5.78616e-09	3.74341e-09	0
236	5e+24	1.80001e+12	2.2e+12	0	0.291376	0.0925985	0	5.82753e-09	1.85198e-09	0
237	5e+24	1.80001e+12	2.4e+12	0	0.292063	-2.56956e-15	0	5.84127e-09	-9.79934e-23	0
238	5e+24	1.80001e+12	2.6e+12	0	0.291376	-0.0925985	0	5.82753e-09	-1.85198e-09	0
239	5e+24	1.80001e+12	2.8e+12	0	0.289307	-0.18717	0	5.78616e-09	-3.74341e-09	0
240	5e+24	1.80001e+12	2.99999e+12	0	0.285834	-0.285834	0	5.7167e-09	-5.7167e-09	0
241	5e+24	1.80001e+12	3.19999e+12	0	0.280926	-0.391033	0	5.61853e-09	-7.82069e-09	0
242	5e+24	1.80001e+12	3.39999e+12	0	0.274545	-0.505775	0	5.49092e-09	-1.01155e-08	0
243	5e+24	1.80001e+12	3.59998e+12	0	0.266663	-0.634019	0	5.33327e-09	-1.26804e-08	0
244	5e+24	1.80001e+12	3.79998e+12	0	0.257269	-0.781353	0	5.1454e-09	-1.56271e-08	0
245	5e+24	1.80001e+12	3.99998e+12	0	0.246393	-0.956325	0	4.92787e-09	-1.91266e-08	0
246	5e+24	1.80001e+12	4.19997e+12	0	0.234117	-1.17342	0	4.68235e-09	-2.34685e-08	0
247	5e+24	1.80001e+12	4.39996e+12	0	0.220597	-1.46098	0	4.41196e-09	-2.92198e-08	0
248	5e+24	1.80001e+12	4.59995e+12	0	0.206071	-1.88901	0	4.12144e-09	-3.77808e-08	0
249	5e+24	1.8e+12	4.79993e+12	0	0.190851	-2.74639	0	3.81703e-09	-5.49309e-08	0
250	5e+24	2e+12	6.89747e+07	0	0.125499	2.75903	0	2.51e-09	5.51837e-08	0
251	5e+24	2e+12	2.00048e+11	0	0.135282	1.90123	0	2.70565e-09	3.80252e-08	0
252	5e+24	2e+12	4.00037e+11	0	0.144637	1.47251	0	2.89274e-09	2.94504e-08	0
253	5e+24	2e+12	6.0003e+11	0	0.153369	1.18403	0	3.0674e-09	2.36808e-08	0
254	5e+24	2e+12	8.00024e+11	0	0.16133	0.965866	0	3.2266e-09	1.93174e-08	0
255	5e+24	2e+12	1.00002e+12	0	0.168412	0.789717	0	3.36825e-09	1.57944e-08	0
256	5e+24	2e+12	1.20002e+12	0	0.174554	0.641156	0	3.49109e-09	1.28232e-08	0
257	5e+24	2e+12	1.40001e+12	0	0.179728	0.511674	0	3.59456e-09	1.02335e-08	0
258	5e+24	2e+12	1.60001e+12	0	0.183929	0.395707	0	3.6786e-09	7.91417e-09	0
259	5e+24	2e+12	1.80001e+12	0	0.18717	0.289307	0	3.74341e-09	5.78616e-09	0
260	5e+24	2e+12	2e+12	0	0.189467	0.189467	0	3.78936e-09	3.78936e-09	0
261	5e+24	2e+12	2.2e+12	0	0.190838	0.0937414	0	3.81677e-09	1.87483e-09	0
262	5e+24	2e+12	2.4e+12	0	0.191293	-3.57389e-15	0	3.82587e-09	-1.05033e-22	0
263	5e+24	2e+12	2.6e+12	0	0.190838	-0.0937414	0	3.81677e-09	-1.87483e-09	0
264	5e+24	2e+12	2.8e+12	0	0.189467	-0.189467	0	3.78936e-09	-3.78936e-09	0
265	5e+24	2e+12	2.99999e+12	0	0.18717	-0.289307	0	3.74341e-09	-5.78616e-09	0
266	5e+24	2e+12	3.19999e+12	0	0.183929	-0.395707	0	3.6786e-09	-7.91417e-09	0
267	5e+24	2e+12	3.39999e+12	0	0.179728	-0.511674	0	3.59456e-09	-1.02335e-08	0
268	5e+24	2e+12	3.59998e+12	0	0.174554	-0.641156	0	3.49109e-09	-1.28232e-08	0
269	5e+24	2e+12	3.79998e+12	0	0.168412	-0.789717	0	3.36825e-09	-1.57944e-08	0
270	5e+24	2e+12	3.99998e+12	0	0.16133	-0.965866	0	3.2266e-09	-1.93174e-08	0
271	5e+24	2e+12	4.19997e+12	0	0.153369	-1.18403	0	3.0674e-09	-2.36808e-08	0
272	5e+24	2e+12	4.39996e+12	0	0.144637	-1.47251	0	2.89274e-09	-2.94504e-08	0
273	5e+24	2e+12	4.59995e+12	0	0.135282	-1.90123	0	2.70565e-09	-3.80252e-08	0
274	5e+24	2e+12	4.79993e+12	0	0.125499	-2.75903	0	2.51e-09	-5.51837e-08	0
275	5e+24	2.2e+12	6.91588e+07	0	0.062246	2.76639	0	1.24493e-09	5.53309e-08	0
276	5e+24	2.2e+12	2.00048e+11	0	0.0670335	1.90836	0	1.34067e-09	3.81678e-08	0
277	5e+24	2.2e+12	4.00037e+11	0	0.0716159	1.47924	0	1.43232e-09	2.95852e-08	0
278	5e+24	2.2e+12	6.0003e+11	0	0.0759013	1.19025	0	1.51803e-09	2.38053e-08	0
279	5e+24	2.2e+12	8.00024e+11	0	0.0798159	0.971474	0	1.59632e-09	1.94296e-08	0
280	5e+24	2.2e+12	1.00002e+12	0	0.0833071	0.794649	0	1.66615e-09	1.58931e-08	0
281	5e+24	2.2e+12	1.20002e+12	0	0.0863418	0.645378	0	1.72684e-09	1.29076e-08	0
282	5e+24	2.2e+12	1.40001e+12	0	0.0889036	0.515174	0	1.77808e-09	1.03035e-08	0
283	5e+24	2.2e+12	1.60001e+12	0	0.0909882	0.398486	0	1.81977e-09	7.96976e-09	0
284	5e+24	2.2e+12	1.80001e+12	0	0.0925985	0.291376	0	1.85198e-09	5.82753e-09	0
285	5e+24	2.2e+12	2e+12	0	0.0937414	0.190838	0	1.87483e-09	3.81677e-09	0
286	5e+24	2.2e+12	2.2e+12	0	0.0944237	0.0944237	0	1.88848e-09	1.88848e-09	0
287	5e+24	2.2e+12	2.4e+12	0	0.0946505	-4.89122e-15	0	1.89302e-09	-1.13081e-22	0
288	5e+24	2.2e+12	2.6e+12	0	0.0944237	-0.0944237	0	1.88848e-09	-1.88848e-09	0
289	5e+24	2.2e+12	2.8e+12	0	0.0937414	-0.190838	0	1.87483e-09	-3.81677e-09	0
290	5e+24	2.2e+12	2.99999e+12	0	0.0925985	-0.291376	0	1.85198e-09	-5.82753e-09	0
291	5e+24	2.2e+12	3.19999e+12	0	0.0909882	-0.398486	0	1.81977e-09	-7.96976e-09	0
292	5e+24	2.2e+12	3.39999e+12	0	0.0889036	-0.515174	0	1.77808e-09	-1.03035e-08	0
293	5e+24	2.2e+12	3.59998e+12	0	0.0863418	-0.645378	0	1.72684e-09	-1.29076e-08	0
294	5e+24	2.2e+12	3.79998e+12	0	0.0833071	-0.794649	0	1.66615e-09	-1.58931e-08	0
295	5e+24	2.2e+12	3.99998e+12	0	0.0798159	-0.971474	0	1.59632e-09	-1.94296e-08	0
296	5e+24	2.2e+12	4.19997e+12	0	0.0759013	-1.19025	0	1.51803e-09	-2.38053e-08	0
297	5e+24	2.2e+12	4.39996e+12	0	0.0716159	-1.47924	0	1.43232e-09	-2.95852e-08	0
298	5e+24	2.2e+12	4.59995e+12	0	0.0670335	-1.90836	0	1.34067e-09	-3.81678e-08	0
299	5e+24	2.2e+12	4.79993e+12	0	0.062246	-2.76639	0	1.24493e-09	-5.53309e-08	0
300	5e+24	2.4e+12	6.92193e+07	0	-1.18328e-15	2.76881	0	-5.14807e-23	5.53793e-08	0
301	5e+24	2.4e+12	2.00048e+11	0	-1.16606e-17	1.9107	0	-2.25544e-23	3.82146e-08	0
302	5e+24	2.4e+12	4.00037e+11	0	8.43331e-16	1.48146	0	-7.6393e-24	2.96295e-08	0
303	5e+24	2.4e+12	6.0003e+11	0	1.73616e-16	1.1923	0	3.00903e-23	2.38462e-08	0
304	5e+24	2.4e+12	8.00024e+11	0	-4.80364e-16	0.973324	0	2.21335e-25	1.94666e-08	0
305	5e+24	2.4e+12	1.00002e+12	0	2.12902e-16	0.796279	0	1.49135e-23	1.59257e-08	0
306	5e+24	2.4e+12	1.20002e+12	0	5.12211e-16	0.646776	0	2.12127e-23	1.29356e-08	0
307	5e+24	2.4e+12	1.40001e+12	0	-1.12472e-15	0.516334	0	-3.87628e-23	1.03267e-08	0
308	5e+24	2.4e+12	1.60001e+12	0	-2.71766e-15	0.399409	0	-9.06296e-23	7.9882e-09	0
309	5e+24	2.4e+12	1.80001e+12	0	-2.52896e-15	0.292063	0	-1.03407e-22	5.84127e-09	0
310	5e+24	2.4e+12	2e+12	0	-3.56703e-15	0.191293	0	-6.97772e-23	3.82587e-09	0
311	5e+24	2.4e+12	2.2e+12	0	-4.9173e-15	0.0946505	0	-1.35302e-22	1.89302e-09	0
312	5e+24	2.4e+12	2.4e+12	0	-4.06119e-15	-4.07138e-15	0	-9.15715e-23	-7.5044e-23	0
313	5e+24	2.4e+12	2.6e+12	0	-4.893e-15	-0.0946505	0	-1.02328e-22	-1.89302e-09	0
314	5e+24	2.4e+12	2.8e+12	0	-3.60011e-15	-0.191293	0	-1.20962e-22	-3.82587e-09	0
315	5e+24	2.4e+12	2.99999e+12	0	-2.58099e-15	-0.292063	0	-6.71697e-23	-5.84127e-09	0
316	5e+24	2.4e+12	3.19999e+12	0	-2.68623e-15	-0.399409	0	-8.63887e-23	-7.9882e-09	0
317	5e+24	2.4e+12	3.39999e+12	0	-1.1291e-15	-0.516334	0	-3.52586e-23	-1.03267e-08	0
318	5e+24	2.4e+12	3.59998e+12	0	4.913e-16	-0.646776	0	1.85469e-23	-1.29356e-08	0
319	5e+24	2.4e+12	3.79998e+12	0	1.96021e-16	-0.796279	0	4.02669e-23	-1.59257e-08	0
320	5e+24	2.4e+12	3.99998e+12	0	-4.35497e-16	-0.973324	0	1.202e-23	-1.94666e-08	0
321	5e+24	2.4e+12	4.19997e+12	0	2.04054e-16	-1.1923	0	2.62307e-23	-2.38462e-08	0
322	5e+24	2.4e+12	4.39996e+12	0	8.54394e-16	-1.48146	0	2.49059e-23	-2.96295e-08	0
323	5e+24	2.4e+12	4.59995e+12	0	-3.13434e-17	-1.9107	0	-8.43336e-24	-3.82146e-08	0
324	5e+24	2.4e+12	4.79993e+12	0	-1.15134e-15	-2.76881	0	-6.95026e-23	-5.53793e-08	0
325	5e+24	2.6e+12	6.91588e+07	0	-0.062246	2.76639	0	-1.24493e-09	5.53309e-08	0
326	5e+24	2.6e+12	2.00048e+11	0	-0.0670335	1.90836	0	-1.34067e-09	3.81678e-08	0
327	5e+24	2.6e+12	4.00037e+11	0	-0.0716159	1.47924	0	-1.43232e-09	2.95852e-08	0
328	5e+24	2.6e+12	6.0003e+11	0	-0.0759013	1.19025	0	-1.51803e-09	2.38053e-08	0
329	5e+24	2.6e+12	8.00024e+11	0	-0.0798159	0.971474	0	-1.59632e-09	1.94296e-08	0
330	5e+24	2.6e+12	1.00002e+12	0	-0.0833071	0.794649	0	-1.66615e-09	1.58931e-08	0
331	5e+24	2.6e+12	1.20002e+12	0	-0.0863418	0.645378	0	-1.72684e-09	1.29076e-08	0
332	5e+24	2.6e+12	1.40001e+12	0	-0.0889036	0.515174	0	-1.77808e-09	1.03035e-08	0
333	5e+24	2.6e+12	1.60001e+12	0	-0.0909882	0.398486	0	-1.81977e-09	7.96976e-09	0
334	5e+24	2.6e+12	1.80001e+12	0	-0.0925985	0.291376	0	-1.85198e-09	5.82753e-09	0
335	5e+24	2.6e+12	2e+12	0	-0.0937414	0.190838	0	-1.87483e-09	3.81677e-09	0
336	5e+24	2.6e+12	2.2e+12	0	-0.0944237	0.0944237	0	-1.88848e-09	1.88848e-09	0
337	5e+24	2.6e+12	2.4e+12	0	-0.0946505	-4.88722e-15	0	-1.89302e-09	-1.12225e-22	0
338	5e+24	2.6e+12	2.6e+12	0	-0.0944237	-0.0944237	0	-1.88848e-09	-1.88848e-09	0
339	5e+24	2.6e+12	2.8e+12	0	-0.0937414	-0.190838	0	-1.87483e-09	-3.81677e-09	0
340	5e+24	2.6e+12	2.99999e+12	0	-0.0925985	-0.291376	0	-1.85198e-09	-5.82753e-09	0
341	5e+24	2.6e+12	3.19999e+12	0	-0.0909882	-0.398486	0	-1.81977e-09	-7.96976e-09	0
342	5e+24	2.6e+12	3.39999e+12	0	-0.0889036	-0.515174	0	-1.77808e-09	-1.03035e-08	0
343	5e+24	2.6e+12	3.59998e+12	0	-0.0863418	-0.645378	0	-1.72684e-09	-1.29076e-08	0
344	5e+24	2.6e+12	3.79998e+12	0	-0.0833071	-0.794649	0	-1.66615e-09	-1.58931e-08	0
345	5e+24	2.6e+12	3.99998e+12	0	-0.0798159	-0.971474	0	-1.59632e-09	-1.94296e-08	0
346	5e+24	2.6e+12	4.19997e+12	0	-0.0759013	-1.19025	0	-1.51803e-09	-2.38053e-08	0
347	5e+24	2.6e+12	4.39996e+12	0	-0.0716159	-1.47924	0	-1.43232e-09	-2.95852e-08	0
348	5e+24	2.6e+12	4.59995e+12	0	-0.0670335	-1.90836	0	-1.34067e-09	-3.81678e-08	0
349	5e+24	2.6e+12	4.79993e+12	0	-0.062246	-2.76639	0	-1.24493e-09	-5.53309e-08	0
350	5e+24	2.8e+12	6.89747e+07	0	-0.125499	2.75903	0	-2.51e-09	5.51837e-08	0
351	5e+24	2.8e+12	2.00048e+11	0	-0.135282	1.90123	0	-2.70565e-09	3.80252e-08	0
352	5e+24	2.8e+12	4.00037e+11	0	-0.144637	1.47251	0	-2.89274e-09	2.94504e-08	0
353	5e+24	2.8e+12	6.0003e+11	0	-0.153369	1.18403	0	-3.0674e-09	2.36808e-08	0
354	5e+24	2.8e+12	8.00024e+11	0	-0.16133	0.965866	0	-3.2266e-09	1.93174e-08	0
355	5e+24	2.8e+12	1.00002e+12	0	-0.168412	0.789717	0	-3.36825e-09	1.57944e-08	0
356	5e+24	2.8e+12	1.20002e+12	0	-0.174554	0.641156	0	-3.49109e-09	1.28232e-08	0
357	5e+24	2.8e+12	1.40001e+12	0	-0.179728	0.511674	0	-3.59456e-09	1.02335e-08	0
358	5e+24	2.8e+12	1.60001e+12	0	-0.183929	0.395707	0	-3.6786e-09	7.91417e-09	0
359	5e+24	2.8e+12	1.80001e+12	0	-0.18717	0.289307	0	-3.74341e-09	5.78616e-09	0
360	5e+24	2.8e+12	2e+12	0	-0.189467	0.189467	0	-3.78936e-09	3.78936e-09	0
361	5e+24	2.8e+12	2.2e+12	0	-0.190838	0.0937414	0	-3.81677e-09	1.87483e-09	0
362	5e+24	2.8e+12	2.4e+12	0	-0.191293	-3.57777e-15	0	-3.82587e-09	-1.00874e-22	0
363	5e+24	2.8e+12	2.6e+12	0	-0.190838	-0.0937414	0	-3.81677e-09	-1.87483e-09	0
364	5e+24	2.8e+12	2.8e+12	0	-0.189467	-0.189467	0	-3.78936e-09	-3.78936e-09	0
365	5e+24	2.8e+12	2.99999e+12	0	-0.18717	-0.289307	0	-3.74341e-09	-5.78616e-09	0
366	5e+24	2.8e+12	3.19999e+12	0	-0.183929	-0.395707	0	-3.6786e-09	-7.91417e-09	0
367	5e+24	2.8e+12	3.39999e+12	0	-0.179728	-0.511674	0	-3.59456e-09	-1.02335e-08	0
368	5e+24	2.8e+12	3.59998e+12	0	-0.174554	-0.641156	0	-3.49109e-09	-1.28232e-08	0
369	5e+24	2.8e+12	3.79998e+12	0	-0.168412	-0.789717	0	-3.36825e-09	-1.57944e-08	0
370	5e+24	2.8e+12	3.99998e+12	0	-0.16133	-0.965866	0	-3.2266e-09	-1.93174e-08	0
371	5e+24	2.8e+12	4.19997e+12	0	-0.153369	-1.18403	0	-3.0674e-09	-2.36808e-08	0
372	5e+24	2.8e+12	4.39996e+12	0	-0.144637	-1.47251	0	-2.89274e-09	-2.94504e-08	0
373	5e+24	2.8e+12	4.59995e+12	0	-0.135282	-1.90123	0	-2.70565e-09	-3.80252e-08	0
374	5e+24	2.8e+12	4.79993e+12	0	-0.125499	-2.75903	0	-2.51e-09	-5.51837e-08	0
375	5e+24	3e+12	6.86588e+07	0	-0.190851	2.74639	0	-3.81703e-09	5.49309e-08	0
376	5e+24	2.99999e+12	2.00047e+11	0	-0.206071	1.88901	0	-4.12144e-09	3.77808e-08	0
377	5e+24	2.99999e+12	4.00037e+11	0	-0.220597	1.46098	0	-4.41196e-09	2.92198e-08	0
378	5e+24	2.99999e+12	6.00029e+11	0	-0.234117	1.17342	0	-4.68235e-09	2.34685e-08	0
379	5e+24	2.99999e+12	8.00024e+11	0	-0.246393	0.956325	0	-4.92787e-09	1.91266e-08	0
380	5e+24	2.99999e+12	1.00002e+12	0	-0.257269	0.781353	0	-5.1454e-09	1.56271e-08	0
381	5e+24	2.99999e+12	1.20002e+12	0	-0.266663	0.634019	0	-5.33327e-09	1.26804e-08	0
382	5e+24	2.99999e+12	1.40001e+12	0	-0.274545	0.505775	0	-5.49092e-09	1.01155e-08	0
383	5e+24	2.99999e+12	1.60001e+12	0	-0.280926	0.391033	0	-5.61853e-09	7.82069e-09	0
384	5e+24	2.99999e+12	1.80001e+12	0	-0.285834	0.285834	0	-5.7167e-09	5.7167e-09	0
385	5e+24	2.99999e+12	2e+12	0	-0.289307	0.18717	0	-5.78616e-09	3.74341e-09	0
386	5e+24	2.99999e+12	2.2e+12	0	-0.291376	0.0925985	0	-5.82753e-09	1.85198e-09	0
387	5e+24	2.99999e+12	2.4e+12	0	-0.292063	-2.57295e-15	0	-5.84127e-09	-9.83634e-23	0
388	5e+24	2.99999e+12	2.6e+12	0	-0.291376	-0.0925985	0	-5.82753e-09	-1.85198e-09	0
389	5e+24	2.99999e+12	2.8e+12	0	-0.289307	-0.18717	0	-5.78616e-09	-3.74341e-09	0
390	5e+24	2.99999e+12	2.99999e+12	0	-0.285834	-0.285834	0	-5.7167e-09	-5.7167e-09	0
391	5e+24	2.99999e+12	3.19999e+12	0	-0.280926	-0.391033	0	-5.61853e-09	-7.82069e-09	0
392	5e+24	2.99999e+12	3.39999e+12	0	-0.274545	-0.505775	0	-5.49092e-09	-1.01155e-08	0
393	5e+24	2.99999e+12	3.59998e+12	0	-0.266663	-0.634019	0	-5.33327e-09	-1.26804e-08	0
394	5e+24	2.99999e+12	3.79998e+12	0	-0.257269	-0.781353	0	-5.1454e-09	-1.56271e-08	0
395	5e+24	2.99999e+12	3.99998e+12	0	-0.246393	-0.956325	0	-4.92787e-09	-1.91266e-08	0
396	5e+24	2.99999e+12	4.19997e+12	0	-0.234117	-1.17342	0	-4.68235e-09	-2.34685e-08	0
397	5e+24	2.99999e+12	4.39996e+12	0	-0.220597	-1.46098	0	-4.41196e-09	-2.92198e-08	0
398	5e+24	2.99999e+12	4.59995e+12	0	-0.206071	-1.88901	0	-4.12144e-09	-3.77808e-08	0
399	5e+24	3e+12	4.79993e+12	0	-0.190851	-2.74639	0	-3.81703e-09	-5.49309e-08	0
400	5e+24	3.19999e+12	6.81959e+07	0	-0.259576	2.72788	0	-5.19154e-09	5.45607e-08	0
401	5e+24	3.19999e+12	2.00047e+11	0	-0.280971	1.87114	0	-5.61944e-09	3.74233e-08	0
402	5e+24	3.19999e+12	4.00036e+11	0	-0.301327	1.44417	0	-6.02656e-09	2.88836e-08	0
403	5e+24	3.19999e+12	6.00029e+11	0	-0.320179	1.15801	0	-6.4036e-09	2.31604e-08	0
404	5e+24	3.19999e+12	8.00024e+11	0	-0.337195	0.942553	0	-6.74392e-09	1.88512e-08	0
405	5e+24	3.19999e+12	1.00002e+12	0	-0.352176	0.769343	0	-7.04353e-09	1.53869e-08	0
406	5e+24	3.19999e+12	1.20002e+12	0	-0.365034	0.623821	0	-7.3007e-09	1.24765e-08	0
407	5e+24	3.19999e+12	1.40001e+12	0	-0.375763	0.497382	0	-7.51529e-09	9.94768e-09	0
408	5e+24	3.19999e+12	1.60001e+12	0	-0.384408	0.384408	0	-7.68819e-09	7.68819e-09	0
409	5e+24	3.19999e+12	1.80001e+12	0	-0.391033	0.280926	0	-7.82069e-09	5.61853e-09	0
410	5e+24	3.19999e+12	2e+12	0	-0.395707	0.183929	0	-7.91417e-09	3.6786e-09	0
411	5e+24	3.19999e+12	2.2e+12	0	-0.398486	0.0909882	0	-7.96976e-09	1.81977e-09	0
412	5e+24	3.19999e+12	2.4e+12	0	-0.399409	-2.72035e-15	0	-7.9882e-09	-1.04774e-22	0
413	5e+24	3.19999e+12	2.6e+12	0	-0.398486	-0.0909882	0	-7.96976e-09	-1.81977e-09	0
414	5e+24	3.19999e+12	2.8e+12	0	-0.395707	-0.183929	0	-7.91417e-09	-3.6786e-09	0
415	5e+24	3.19999e+12	2.99999e+12	0	-0.391033	-0.280926	0	-7.82069e-09	-5.61853e-09	0
416	5e+24	3.19999e+12	3.19999e+12	0	-0.384408	-0.384408	0	-7.68819e-09	-7.68819e-09	0
417	5e+24	3.19999e+12	3.39999e+12	0	-0.375763	-0.497382	0	-7.51529e-09	-9.94768e-09	0
418	5e+24	3.19999e+12	3.59998e+12	0	-0.365034	-0.623821	0	-7.3007e-09	-1.24765e-08	0
419	5e+24	3.19999e+12	3.79998e+12	0	-0.352176	-0.769343	0	-7.04353e-09	-1.53869e-08	0
420	5e+24	3.19999e+12	3.99998e+12	0	-0.337195	-0.942553	0	-6.74392e-09	-1.88512e-08	0
421	5e+24	3.19999e+12	4.19997e+12	0	-0.320179	-1.15801	0	-6.4036e-09	-2.31604e-08	0
422	5e+24	3.19999e+12	4.39996e+12	0	-0.301327	-1.44417	0	-6.02656e-09	-2.88836e-08	0
423	5e+24	3.19999e+12	4.59995e+12	0	-0.280971	-1.87114	0	-5.61944e-09	-3.74233e-08	0
424	5e+24	3.19999e+12	4.79993e+12	0	-0.259576	-2.72788	0	-5.19154e-09	-5.45607e-08	0
425	5e+24	3.39999e+12	6.75623e+07	0	-0.333283	2.70253	0	-6.6657e-09	5.40537e-08	0
426	5e+24	3.39999e+12	2.00046e+11	0	-0.361997	1.84673	0	-7.23997e-09	3.69351e-08	0
427	5e+24	3.39999e+12	4.00036e+11	0	-0.389184	1.42133	0	-7.78371e-09	2.84269e-08	0
428	5e+24	3.39999e+12	6.00028e+11	0	-0.414175	1.13723	0	-8.28353e-09	2.27447e-08	0
429	5e+24	3.39999e+12	8.00023e+11	0	-0.436533	0.924115	0	-8.73068e-09	1.84824e-08	0
430	5e+24	3.39999e+12	1.00002e+12	0	-0.456036	0.753388	0	-9.12075e-09	1.50678e-08	0
431	5e+24	3.39999e+12	1.20002e+12	0	-0.472633	0.610367	0	-9.45268e-09	1.22074e-08	0
432	5e+24	3.39999e+12	1.40001e+12	0	-0.486378	0.486378	0	-9.72759e-09	9.72759e-09	0
433	5e+24	3.39999e+12	1.60001e+12	0	-0.497382	0.375763	0	-9.94768e-09	7.51529e-09	0
434	5e+24	3.39999e+12	1.80001e+12	0	-0.505775	0.274545	0	-1.01155e-08	5.49092e-09	0
435	5e+24	3.39999e+12	2e+12	0	-0.511674	0.179728	0	-1.02335e-08	3.59456e-09	0
436	5e+24	3.39999e+12	2.2e+12	0	-0.515174	0.0889036	0	-1.03035e-08	1.77808e-09	0
437	5e+24	3.39999e+12	2.4e+12	0	-0.516334	-1.13431e-15	0	-1.03267e-08	-4.03574e-23	0
438	5e+24	3.39999e+12	2.6e+12	0	-0.515174	-0.0889036	0	-1.03035e-08	-1.77808e-09	0
439	5e+24	3.39999e+12	2.8e+12	0	-0.511674	-0.179728	0	-1.02335e-08	-3.59456e-09	0
440	5e+24	3.39999e+12	2.99999e+12	0	-0.505775	-0.274545	0	-1.01155e-08	-5.49092e-09	0
441	5e+24	3.39999e+12	3.19999e+12	0	-0.497382	-0.375763	0	-9.94768e-09	-7.51529e-09	0
442	5e+24	3.39999e+12	3.39999e+12	0	-0.486378	-0.486378	0	-9.72759e-09	-9.72759e-09	0
443	5e+24	3.39999e+12	3.59998e+12	0	-0.472633	-0.610367	0	-9.45268e-09	-1.22074e-08	0
444	5e+24	3.39999e+12	3.79998e+12	0	-0.456036	-0.753388	0	-9.12075e-09	-1.50678e-08	0
445	5e+24	3.39999e+12	3.99998e+12	0	-0.436533	-0.924115	0	-8.73068e-09	-1.84824e-08	0
446	5e+24	3.39999e+12	4.19997e+12	0	-0.414175	-1.13723	0	-8.28353e-09	-2.27447e-08	0
447	5e+24	3.39999e+12	4.39996e+12	0	-0.389184	-1.42133	0	-7.78371e-09	-2.84269e-08	0
448	5e+24	3.39999e+12	4.59995e+12	0	-0.361997	-1.84673	0	-7.23997e-09	-3.69351e-08	0
449	5e+24	3.39999e+12	4.79993e+12	0	-0.333283	-2.70253	0	-6.6657e-09	-5.40537e-08	0
450	5e+24	3.59999e+12	6.67205e+07	0	-0.414158	2.66886	0	-8.28321e-09	5.33803e-08	0
451	5e+24	3.59999e+12	2.00045e+11	0	-0.451947	1.81443	0	-9.03898e-09	3.62892e-08	0
452	5e+24	3.59999e+12	4.00035e+11	0	-0.487454	1.39137	0	-9.74912e-09	2.78276e-08	0
453	5e+24	3.59999e+12	6.00028e+11	0	-0.519727	1.11023	0	-1.03946e-08	2.22048e-08	0
454	5e+24	3.59999e+12	8.00023e+11	0	-0.54823	0.900433	0	-1.09646e-08	1.80088e-08	0
455	5e+24	3.59999e+12	1.00002e+12	0	-0.57278	0.733112	0	-1.14556e-08	1.46623e-08	0
456	5e+24	3.59999e+12	1.20001e+12	0	-0.593431	0.593431	0	-1.18687e-08	1.18687e-08	0
457	5e+24	3.59998e+12	1.40001e+12	0	-0.610367	0.472633	0	-1.22074e-08	9.45268e-09	0
458	5e+24	3.59998e+12	1.60001e+12	0	-0.623821	0.365034	0	-1.24765e-08	7.3007e-09	0
459	5e+24	3.59998e+12	1.80001e+12	0	-0.634019	0.266663	0	-1.26804e-08	5.33327e-09	0
460	5e+24	3.59998e+12	2e+12	0	-0.641156	0.174554	0	-1.28232e-08	3.49109e-09	0
461	5e+24	3.59998e+12	2.2e+12	0	-0.645378	0.0863418	0	-1.29076e-08	1.72684e-09	0
462	5e+24	3.59998e+12	2.4e+12	0	-0.646776	5.20248e-16	0	-1.29356e-08	1.74031e-23	0
463	5e+24	3.59998e+12	2.6e+12	0	-0.645378	-0.0863418	0	-1.29076e-08	-1.72684e-09	0
464	5e+24	3.59998e+12	2.8e+12	0	-0.641156	-0.174554	0	-1.28232e-08	-3.49109e-09	0
465	5e+24	3.59998e+12	2.99999e+12	0	-0.634019	-0.266663	0	-1.26804e-08	-5.33327e-09	0
466	5e+24	3.59998e+12	3.19999e+12	0	-0.623821	-0.365034	0	-1.24765e-08	-7.3007e-09	0
467	5e+24	3.59998e+12	3.39999e+12	0	-0.610367	-0.472633	0	-1.22074e-08	-9.45268e-09	0
468	5e+24	3.59999e+12	3.59999e+12	0	-0.593431	-0.593431	0	-1.18687e-08	-1.18687e-08	0
469	5e+24	3.59999e+12	3.79998e+12	0	-0.57278	-0.733112	0	-1.14556e-08	-1.46623e-08	0
470	5e+24	3.59999e+12	3.99998e+12	0	-0.54823	-0.900433	0	-1.09646e-08	-1.80088e-08	0
471	5e+24	3.59999e+12	4.19997e+12	0	-0.519727	-1.11023	0	-1.03946e-08	-2.22048e-08	0
472	5e+24	3.59999e+12	4.39997e+12	0	-0.487454	-1.39137	0	-9.74912e-09	-2.78276e-08	0
473	5e+24	3.59999e+12	4.59995e+12	0	-0.451947	-1.81443	0	-9.03898e-09	-3.62892e-08	0
474	5e+24	3.59999e+12	4.79993e+12	0	-0.414158	-2.66886	0	-8.28321e-09	-5.33803e-08	0
475	5e+24	3.79999e+12	6.56122e+07	0	-0.505406	2.62453	0	-1.01082e-08	5.24937e-08	0
476	5e+24	3.79999e+12	2.00044e+11	0	-0.555025	1.77221	0	-1.11005e-08	3.54447e-08	0
477	5e+24	3.79998e+12	4.00034e+11	0	-0.601077	1.35267	0	-1.20216e-08	2.70537e-08	0
478	5e+24	3.79998e+12	6.00027e+11	0	-0.64222	1.07591	0	-1.28445e-08	2.15184e-08	0
479	5e+24	3.79998e+12	8.00022e+11	0	-0.677891	0.870787	0	-1.35579e-08	1.74158e-08	0
480	5e+24	3.79998e+12	1.00002e+12	0	-0.708087	0.708087	0	-1.41618e-08	1.41618e-08	0
481	5e+24	3.79998e+12	1.20001e+12	0	-0.733112	0.57278	0	-1.46623e-08	1.14556e-08	0
482	5e+24	3.79998e+12	1.40001e+12	0	-0.753388	0.456036	0	-1.50678e-08	9.12075e-09	0
483	5e+24	3.79998e+12	1.60001e+12	0	-0.769343	0.352176	0	-1.53869e-08	7.04353e-09	0
484	5e+24	3.79998e+12	1.80001e+12	0	-0.781353	0.257269	0	-1.56271e-08	5.1454e-09	0
485	5e+24	3.79998e+12	2e+12	0	-0.789717	0.168412	0	-1.57944e-08	3.36825e-09	0
486	5e+24	3.79998e+12	2.2e+12	0	-0.794649	0.0833071	0	-1.58931e-08	1.66615e-09	0
487	5e+24	3.79998e+12	2.4e+12	0	-0.796279	1.89677e-16	0	-1.59257e-08	2.39559e-23	0
488	5e+24	3.79998e+12	2.6e+12	0	-0.794649	-0.0833071	0	-1.58931e-08	-1.66615e-09	0
489	5e+24	3.79998e+12	2.8e+12	0	-0.789717	-0.168412	0	-1.57944e-08	-3.36825e-09	0
490	5e+24	3.79998e+12	2.99999e+12	0	-0.781353	-0.257269	0	-1.56271e-08	-5.1454e-09	0
491	5e+24	3.79998e+12	3.19999e+12	0	-0.769343	-0.352176	0	-1.53869e-08	-7.04353e-09	0
492	5e+24	3.79998e+12	3.39999e+12	0	-0.753388	-0.456036	0	-1.50678e-08	-9.12075e-09	0
493	5e+24	3.79998e+12	3.59999e+12	0	-0.733112	-0.57278	0	-1.46623e-08	-1.14556e-08	0
494	5e+24	3.79998e+12	3.79998e+12	0	-0.708087	-0.708087	0	-1.41618e-08	-1.41618e-08	0
495	5e+24	3.79998e+12	3.99998e+12	0	-0.677891	-0.870787	0	-1.35579e-08	-1.74158e-08	0
496	5e+24	3.79998e+12	4.19997e+12	0	-0.64222	-1.07591	0	-1.28445e-08	-2.15184e-08	0
497	5e+24	3.79998e+12	4.39997e+12	0	-0.601077	-1.35267	0	-1.20216e-08	-2.70537e-08	0
498	5e+24	3.79999e+12	4.59996e+12	0	-0.555025	-1.77221	0	-1.11005e-08	-3.54447e-08	0
499	5e+24	3.79999e+12	4.79993e+12	0	-0.505406	-2.62453	0	-1.01082e-08	-5.24937e-08	0
500	5e+24	3.99998e+12	6.41422e+07	0	-0.61217	2.56573	0	-1.22435e-08	5.13177e-08	0
501	5e+24	3.99998e+12	2.00043e+11	0	-0.678144	1.71685	0	-1.35629e-08	3.43376e-08	0
502	5e+24	3.99998e+12	4.00033e+11	0	-0.738124	1.30295	0	-1.47625e-08	2.60593e-08	0
503	5e+24	3.99998e+12	6.00026e+11	0	-0.790297	1.0328	0	-1.5806e-08	2.06561e-08	0
504	5e+24	3.99998e+12	8.00021e+11	0	-0.834347	0.834347	0	-1.6687e-08	1.6687e-08	0
505	5e+24	3.99998e+12	1.00002e+12	0	-0.870787	0.677891	0	-1.74158e-08	1.35579e-08	0
506	5e+24	3.99998e+12	1.20001e+12	0	-0.900433	0.54823	0	-1.80088e-08	1.09646e-08	0
507	5e+24	3.99998e+12	1.40001e+12	0	-0.924115	0.436533	0	-1.84824e-08	8.73068e-09	0
508	5e+24	3.99998e+12	1.60001e+12	0	-0.942553	0.337195	0	-1.88512e-08	6.74392e-09	0
509	5e+24	3.99998e+12	1.80001e+12	0	-0.956325	0.246393	0	-1.91266e-08	4.92787e-09	0
510	5e+24	3.99998e+12	2e+12	0	-0.965866	0.16133	0	-1.93174e-08	3.2266e-09	0
511	5e+24	3.99998e+12	2.2e+12	0	-0.971474	0.0798159	0	-1.94296e-08	1.59632e-09	0
512	5e+24	3.99998e+12	2.4e+12	0	-0.973324	-4.54426e-16	0	-1.94666e-08	1.35774e-23	0
513	5e+24	3.99998e+12	2.6e+12	0	-0.971474	-0.0798159	0	-1.94296e-08	-1.59632e-09	0
514	5e+24	3.99998e+12	2.8e+12	0	-0.965866	-0.16133	0	-1.93174e-08	-3.2266e-09	0
515	5e+24	3.99998e+12	2.99999e+12	0	-0.956325	-0.246393	0	-1.91266e-08	-4.92787e-09	0
516	5e+24	3.99998e+12	3.19999e+12	0	-0.942553	-0.337195	0	-1.88512e-08	-6.74392e-09	0
517	5e+24	3.99998e+12	3.39999e+12	0	-0.924115	-0.436533	0	-1.84824e-08	-8.73068e-09	0
518	5e+24	3.99998e+12	3.59999e+12	0	-0.900433	-0.54823	0	-1.80088e-08	-1.09646e-08	0
519	5e+24	3.99998e+12	3.79998e+12	0	-0.870787	-0.677891	0	-1.74158e-08	-1.35579e-08	0
520	5e+24	3.99998e+12	3.99998e+12	0	-0.834347	-0.834347	0	-1.6687e-08	-1.6687e-08	0
521	5e+24	3.99998e+12	4.19997e+12	0	-0.790297	-1.0328	0	-1.5806e-08	-2.06561e-08	0
522	5e+24	3.99998e+12	4.39997e+12	0	-0.738124	-1.30295	0	-1.47625e-08	-2.60593e-08	0
523	5e+24	3.99998e+12	4.59996e+12	0	-0.678144	-1.71685	0	-1.35629e-08	-3.43376e-08	0
524	5e+24	3.99998e+12	4.79994e+12	0	-0.61217	-2.56573	0	-1.22435e-08	-5.13177e-08	0
525	5e+24	4.19998e+12	6.21422e+07	0	-0.743682	2.48573	0	-1.48737e-08	4.97177e-08	0
526	5e+24	4.19998e+12	2.00041e+11	0	-0.834017	1.64314	0	-1.66804e-08	3.28634e-08	0
527	5e+24	4.19998e+12	4.00031e+11	0	-0.913164	1.23892	0	-1.82634e-08	2.47786e-08	0
528	5e+24	4.19998e+12	6.00024e+11	0	-0.979142	0.979142	0	-1.9583e-08	1.9583e-08	0
529	5e+24	4.19997e+12	8.0002e+11	0	-1.0328	0.790297	0	-2.06561e-08	1.5806e-08	0
530	5e+24	4.19997e+12	1.00002e+12	0	-1.07591	0.64222	0	-2.15184e-08	1.28445e-08	0
531	5e+24	4.19997e+12	1.20001e+12	0	-1.11023	0.519727	0	-2.22048e-08	1.03946e-08	0
532	5e+24	4.19997e+12	1.40001e+12	0	-1.13723	0.414175	0	-2.27447e-08	8.28353e-09	0
533	5e+24	4.19997e+12	1.60001e+12	0	-1.15801	0.320179	0	-2.31604e-08	6.4036e-09	0
534	5e+24	4.19997e+12	1.80001e+12	0	-1.17342	0.234117	0	-2.34685e-08	4.68235e-09	0
535	5e+24	4.19997e+12	2e+12	0	-1.18403	0.153369	0	-2.36808e-08	3.0674e-09	0
536	5e+24	4.19997e+12	2.2e+12	0	-1.19025	0.0759013	0	-2.38053e-08	1.51803e-09	0
537	5e+24	4.19997e+12	2.4e+12	0	-1.1923	1.83452e-16	0	-2.38462e-08	1.96132e-23	0
538	5e+24	4.19997e+12	2.6e+12	0	-1.19025	-0.0759013	0	-2.38053e-08	-1.51803e-09	0
539	5e+24	4.19997e+12	2.8e+12	0	-1.18403	-0.153369	0	-2.36808e-08	-3.0674e-09	0
540	5e+24	4.19997e+12	2.99999e+12	0	-1.17342	-0.234117	0	-2.34685e-08	-4.68235e-09	0
541	5e+24	4.19997e+12	3.19999e+12	0	-1.15801	-0.320179	0	-2.31604e-08	-6.4036e-09	0
542	5e+24	4.19997e+12	3.39999e+12	0	-1.13723	-0.414175	0	-2.27447e-08	-8.28353e-09	0
543	5e+24	4.19997e+12	3.59999e+12	0	-1.11023	-0.519727	0	-2.22048e-08	-1.03946e-08	0
544	5e+24	4.19997e+12	3.79998e+12	0	-1.07591	-0.64222	0	-2.15184e-08	-1.28445e-08	0
545	5e+24	4.19997e+12	3.99998e+12	0	-1.0328	-0.790297	0	-2.06561e-08	-1.5806e-08	0
546	5e+24	4.19998e+12	4.19998e+12	0	-0.979142	-0.979142	0	-1.9583e-08	-1.9583e-08	0
547	5e+24	4.19998e+12	4.39997e+12	0	-0.913164	-1.23892	0	-1.82634e-08	-2.47786e-08	0
548	5e+24	4.19998e+12	4.59996e+12	0	-0.834017	-1.64314	0	-1.66804e-08	-3.28634e-08	0
549	5e+24	4.19998e+12	4.79994e+12	0	-0.743682	-2.48573	0	-1.48737e-08	-4.97177e-08	0
550	5e+24	4.39998e+12	5.92785e+07	0	-0.919409	2.37118	0	-1.83884e-08	4.74268e-08	0
551	5e+24	4.39997e+12	2.00039e+11	0	-1.04982	1.54217	0	-2.09966e-08	3.08438e-08	0
552	5e+24	4.39997e+12	4.00029e+11	0	-1.15613	1.15613	0	-2.31229e-08	2.31229e-08	0
553	5e+24	4.39997e+12	6.00023e+11	0	-1.23892	0.913164	0	-2.47786e-08	1.82634e-08	0
554	5e+24	4.39997e+12	8.00018e+11	0	-1.30295	0.738124	0	-2.60593e-08	1.47625e-08	0
555	5e+24	4.39997e+12	1.00002e+12	0	-1.35267	0.601077	0	-2.70537e-08	1.20216e-08	0
556	5e+24	4.39997e+12	1.20001e+12	0	-1.39137	0.487454	0	-2.78276e-08	9.74912e-09	0
557	5e+24	4.39996e+12	1.40001e+12	0	-1.42133	0.389184	0	-2.84269e-08	7.78371e-09	0
558	5e+24	4.39996e+12	1.60001e+12	0	-1.44417	0.301327	0	-2.88836e-08	6.02656e-09	0
559	5e+24	4.39996e+12	1.80001e+12	0	-1.46098	0.220597	0	-2.92198e-08	4.41196e-09	0
560	5e+24	4.39996e+12	2e+12	0	-1.47251	0.144637	0	-2.94504e-08	2.89274e-09	0
561	5e+24	4.39996e+12	2.2e+12	0	-1.47924	0.0716159	0	-2.95852e-08	1.43232e-09	0
562	5e+24	4.39996e+12	2.4e+12	0	-1.48146	8.48911e-16	0	-2.96295e-08	2.19914e-23	0
563	5e+24	4.39996e+12	2.6e+12	0	-1.47924	-0.0716159	0	-2.95852e-08	-1.43232e-09	0
564	5e+24	4.39996e+12	2.8e+12	0	-1.47251	-0.144637	0	-2.94504e-08	-2.89274e-09	0
565	5e+24	4.39996e+12	2.99999e+12	0	-1.46098	-0.220597	0	-2.92198e-08	-4.41196e-09	0
566	5e+24	4.39996e+12	3.19999e+12	0	-1.44417	-0.301327	0	-2.88836e-08	-6.02656e-09	0
567	5e+24	4.39996e+12	3.39999e+12	0	-1.42133	-0.389184	0	-2.84269e-08	-7.78371e-09	0
568	5e+24	4.39997e+12	3.59999e+12	0	-1.39137	-0.487454	0	-2.78276e-08	-9.74912e-09	0
569	5e+24	4.39997e+12	3.79998e+12	0	-1.35267	-0.601077	0	-2.70537e-08	-1.20216e-08	0
570	5e+24	4.39997e+12	3.99998e+12	0	-1.30295	-0.738124	0	-2.60593e-08	-1.47625e-08	0
571	5e+24	4.39997e+12	4.19998e+12	0	-1.23892	-0.913164	0	-2.47786e-08	-1.82634e-08	0
572	5e+24	4.39997e+12	4.39997e+12	0	-1.15613	-1.15613	0	-2.31229e-08	-2.31229e-08	0
573	5e+24	4.39997e+12	4.59996e+12	0	-1.04982	-1.54217	0	-2.09966e-08	-3.08438e-08	0
574	5e+24	4.39998e+12	4.79994e+12	0	-0.919409	-2.37118	0	-1.83884e-08	-4.74268e-08	0
575	5e+24	4.59997e+12	5.47452e+07	0	-1.19305	2.18984	0	-2.38614e-08	4.37999e-08	0
576	5e+24	4.59997e+12	2.00035e+11	0	-1.39855	1.39855	0	-2.79714e-08	2.79714e-08	0
577	5e+24	4.59996e+12	4.00026e+11	0	-1.54217	1.04982	0	-3.08438e-08	2.09966e-08	0
578	5e+24	4.59996e+12	6.00021e+11	0	-1.64314	0.834017	0	-3.28634e-08	1.66804e-08	0
579	5e+24	4.59996e+12	8.00017e+11	0	-1.71685	0.678144	0	-3.43376e-08	1.35629e-08	0
580	5e+24	4.59996e+12	1.00001e+12	0	-1.77221	0.555025	0	-3.54447e-08	1.11005e-08	0
581	5e+24	4.59995e+12	1.20001e+12	0	-1.81443	0.451947	0	-3.62892e-08	9.03898e-09	0
582	5e+24	4.59995e+12	1.40001e+12	0	-1.84673	0.361997	0	-3.69351e-08	7.23997e-09	0
583	5e+24	4.59995e+12	1.60001e+12	0	-1.87114	0.280971	0	-3.74233e-08	5.61944e-09	0
584	5e+24	4.59995e+12	1.80001e+12	0	-1.88901	0.206071	0	-3.77808e-08	4.12144e-09	0
585	5e+24	4.59995e+12	2e+12	0	-1.90123	0.135282	0	-3.80252e-08	2.70565e-09	0
586	5e+24	4.59995e+12	2.2e+12	0	-1.90836	0.0670335	0	-3.81678e-08	1.34067e-09	0
587	5e+24	4.59995e+12	2.4e+12	0	-1.9107	-1.57694e-17	0	-3.82146e-08	-1.68344e-23	0
588	5e+24	4.59995e+12	2.6e+12	0	-1.90836	-0.0670335	0	-3.81678e-08	-1.34067e-09	0
589	5e+24	4.59995e+12	2.8e+12	0	-1.90123	-0.135282	0	-3.80252e-08	-2.70565e-09	0
590	5e+24	4.59995e+12	2.99999e+12	0	-1.88901	-0.206071	0	-3.77808e-08	-4.12144e-09	0
591	5e+24	4.59995e+12	3.19999e+12	0	-1.87114	-0.280971	0	-3.74233e-08	-5.61944e-09	0
592	5e+24	4.59995e+12	3.39999e+12	0	-1.84673	-0.361997	0	-3.69351e-08	-7.23997e-09	0
593	5e+24	4.59995e+12	3.59999e+12	0	-1.81443	-0.451947	0	-3.62892e-08	-9.03898e-09	0
594	5e+24	4.59996e+12	3.79999e+12	0	-1.77221	-0.555025	0	-3.54447e-08	-1.11005e-08	0
595	5e+24	4.59996e+12	3.99998e+12	0	-1.71685	-0.678144	0	-3.43376e-08	-1.35629e-08	0
596	5e+24	4.59996e+12	4.19998e+12	0	-1.64314	-0.834017	0	-3.28634e-08	-1.66804e-08	0
597	5e+24	4.59996e+12	4.39997e+12	0	-1.54217	-1.04982	0	-3.08438e-08	-2.09966e-08	0
598	5e+24	4.59997e+12	4.59997e+12	0	-1.39855	-1.39855	0	-2.79714e-08	-2.79714e-08	0
599	5e+24	4.59997e+12	4.79995e+12	0	-1.19305	-2.18984	0	-2.38614e-08	-4.37999e-08	0
600	5e+24	4.79995e+12	4.59097e+07	0	-1.83642	1.83642	0	-3.67309e-08	3.67309e-08	0
601	5e+24	4.79995e+12	2.0003e+11	0	-2.18984	1.19305	0	-4.37999e-08	2.38614e-08	0
602	5e+24	4.79994e+12	4.00023e+11	0	-2.37118	0.919409	0	-4.74268e-08	1.83884e-08	0
603	5e+24	4.79994e+12	6.00019e+11	0	-2.48573	0.743682	0	-4.97177e-08	1.48737e-08	0
604	5e+24	4.79994e+12	8.00015e+11	0	-2.56573	0.61217	0	-5.13177e-08	1.22435e-08	0
605	5e+24	4.79993e+12	1.00001e+12	0	-2.62453	0.505406	0	-5.24937e-08	1.01082e-08	0
606	5e+24	4.79993e+12	1.20001e+12	0	-2.66886	0.414158	0	-5.33803e-08	8.28321e-09	0
607	5e+24	4.79993e+12	1.40001e+12	0	-2.70253	0.333283	0	-5.40537e-08	6.6657e-09	0
608	5e+24	4.79993e+12	1.60001e+12	0	-2.72788	0.259576	0	-5.45607e-08	5.19154e-09	0
609	5e+24	4.79993e+12	1.8e+12	0	-2.74639	0.190851	0	-5.49309e-08	3.81703e-09	0
610	5e+24	4.79993e+12	2e+12	0	-2.75903	0.125499	0	-5.51837e-08	2.51e-09	0
611	5e+24	4.79993e+12	2.2e+12	0	-2.76639	0.062246	0	-5.53309e-08	1.24493e-09	0
612	5e+24	4.79993e+12	2.4e+12	0	-2.76881	-1.16217e-15	0	-5.53793e-08	-5.89495e-23	0
613	5e+24	4.79993e+12	2.6e+12	0	-2.76639	-0.062246	0	-5.53309e-08	-1.24493e-09	0
614	5e+24	4.79993e+12	2.8e+12	0	-2.75903	-0.125499	0	-5.51837e-08	-2.51e-09	0
615	5e+24	4.79993e+12	3e+12	0	-2.74639	-0.190851	0	-5.49309e-08	-3.81703e-09	0
616	5e+24	4.79993e+12	3.19999e+12	0	-2.72788	-0.259576	0	-5.45607e-08	-5.19154e-09	0
617	5e+24	4.79993e+12	3.39999e+12	0	-2.70253	-0.333283	0	-5.40537e-08	-6.6657e-09	0
618	5e+24	4.79993e+12	3.59999e+12	0	-2.66886	-0.414158	0	-5.33803e-08	-8.28321e-09	0
619	5e+24	4.79993e+12	3.79999e+12	0	-2.62453	-0.505406	0	-5.24937e-08	-1.01082e-08	0
620	5e+24	4.79994e+12	3.99998e+12	0	-2.56573	-0.61217	0	-5.13177e-08	-1.22435e-08	0
621	5e+24	4.79994e+12	4.19998e+12	0	-2.48573	-0.743682	0	-4.97177e-08	-1.48737e-08	0
622	5e+24	4.79994e+12	4.39998e+12	0	-2.37118	-0.919409	0	-4.74268e-08	-1.83884e-08	0
623	5e+24	4.79995e+12	4.59997e+12	0	-2.18984	-1.19305	0	-4.37999e-08	-2.38614e-08	0
624	5e+24	4.79995e+12	4.79995e+12	0	-1.83642	-1.83642	0	-3.67309e-08	-3.67309e-08	0
