625
0	5e+24	1.48753e+08	1.48753e+08	0	3.30581	3.30581	0	3.67394e-08	3.67394e-08	0
1	5e+24	1.77381e+08	2.00097e+11	0	3.94203	2.14753	0	4.38101e-08	2.38625e-08	0
2	5e+24	1.9207e+08	4.00074e+11	0	4.26844	1.65495	0	4.74374e-08	1.8389e-08	0
3	5e+24	2.01348e+08	6.0006e+11	0	4.47463	1.33864	0	4.97284e-08	1.48741e-08	0
4	5e+24	2.07828e+08	8.0005e+11	0	4.61863	1.10191	0	5.13284e-08	1.22438e-08	0
5	5e+24	2.12591e+08	1.00004e+12	0	4.72447	0.909737	0	5.25044e-08	1.01084e-08	0
6	5e+24	2.16181e+08	1.20003e+12	0	4.80426	0.745489	0	5.33909e-08	8.28336e-09	0
7	5e+24	2.18909e+08	1.40003e+12	0	4.86487	0.599914	0	5.40643e-08	6.66582e-09	0
8	5e+24	2.20962e+08	1.60002e+12	0	4.9105	0.467239	0	5.45713e-08	5.19163e-09	0
9	5e+24	2.22461e+08	1.80002e+12	0	4.94382	0.343533	0	5.49415e-08	3.81709e-09	0
10	5e+24	2.23485e+08	2.00001e+12	0	4.96656	0.2259	0	5.51942e-08	2.51004e-09	0
11	5e+24	2.24082e+08	2.20001e+12	0	4.97982	0.112043	0	5.53415e-08	1.24494e-09	0
12	5e+24	2.24277e+08	2.4e+12	0	4.98417	-4.16578e-15	0	5.53898e-08	-9.49569e-23	0
13	5e+24	2.24082e+08	2.59999e+12	0	4.97982	-0.112043	0	5.53415e-08	-1.24494e-09	0
14	5e+24	2.23485e+08	2.79999e+12	0	4.96656	-0.2259	0	5.51942e-08	-2.51004e-09	0
15	5e+24	2.22461e+08	2.99998e+12	0	4.94382	-0.343533	0	5.49415e-08	-3.81709e-09	0
16	5e+24	2.20962e+08	3.19998e+12	0	4.9105	-0.467239	0	5.45713e-08	-5.19163e-09	0
17	5e+24	2.18909e+08	3.39997e+12	0	4.86487	-0.599914	0	5.40643e-08	-6.66582e-09	0
18	5e+24	2.16181e+08	3.59997e+12	0	4.80426	-0.745489	0	5.33909e-08	-8.28336e-09	0
19	5e+24	2.12591e+08	3.79996e+12	0	4.72447	-0.909737	0	5.25044e-08	-1.01084e-08	0
20	5e+24	2.07828e+08	3.99995e+12	0	4.61863	-1.10191	0	5.13284e-08	-1.22438e-08	0
21	5e+24	2.01348e+08	4.19994e+12	0	4.47463	-1.33864	0	4.97284e-08	-1.48741e-08	0
22	5e+24	1.9207e+08	4.39993e+12	0	4.26844	-1.65495	0	4.74374e-08	-1.8389e-08	0
23	5e+24	1.77381e+08	4.5999e+12	0	3.94203	-2.14753	0	4.38101e-08	-2.38625e-08	0
24	5e+24	1.48753e+08	4.79985e+12	0	3.30581	-3.30581	0	3.67394e-08	-3.67394e-08	0
25	5e+24	2.00097e+11	1.77381e+08	0	2.14753	3.94203	0	2.38625e-08	4.38101e-08	0
26	5e+24	2.00113e+11	2.00113e+11	0	2.51743	2.51743	0	2.79728e-08	2.79728e-08	0
27	5e+24	2.00125e+11	4.00085e+11	0	2.77595	1.8897	0	3.08455e-08	2.09971e-08	0
28	5e+24	2.00133e+11	6.00068e+11	0	2.95771	1.50124	0	3.28652e-08	1.66807e-08	0
29	5e+24	2.00139e+11	8.00055e+11	0	3.09039	1.22067	0	3.43394e-08	1.35631e-08	0
30	5e+24	2.00144e+11	1.00004e+12	0	3.19003	0.999049	0	3.54466e-08	1.11007e-08	0
31	5e+24	2.00147e+11	1.20004e+12	0	3.26604	0.813508	0	3.62911e-08	9.03908e-09	0
32	5e+24	2.0015e+11	1.40003e+12	0	3.32416	0.651598	0	3.69369e-08	7.24005e-09	0
33	5e+24	2.00152e+11	1.60002e+12	0	3.3681	0.505749	0	3.74252e-08	5.61949e-09	0
34	5e+24	2.00153e+11	1.80002e+12	0	3.40028	0.370929	0	3.77826e-08	4.12147e-09	0
35	5e+24	2.00154e+11	2.00001e+12	0	3.42228	0.243509	0	3.80271e-08	2.70568e-09	0
36	5e+24	2.00155e+11	2.20001e+12	0	3.43511	0.120661	0	3.81696e-08	1.34069e-09	0
37	5e+24	2.00155e+11	2.4e+12	0	3.43932	-1.81245e-15	0	3.82165e-08	-7.51256e-23	0
38	5e+24	2.00155e+11	2.59999e+12	0	3.43511	-0.120661	0	3.81696e-08	-1.34069e-09	0
39	5e+24	2.00154e+11	2.79999e+12	0	3.42228	-0.243509	0	3.80271e-08	-2.70568e-09	0
40	5e+24	2.00153e+11	2.99998e+12	0	3.40028	-0.370929	0	3.77826e-08	-4.12147e-09	0
41	5e+24	2.00152e+11	3.19998e+12	0	3.3681	-0.505749	0	3.74252e-08	-5.61949e-09	0
42	5e+24	2.0015e+11	3.39997e+12	0	3.32416	-0.651598	0	3.69369e-08	-7.24005e-09	0
43	5e+24	2.00147e+11	3.59996e+12	0	3.26604	-0.813508	0	3.62911e-08	-9.03908e-09	0
44	5e+24	2.00144e+11	3.79996e+12	0	3.19003	-0.999049	0	3.54466e-08	-1.11007e-08	0
45	5e+24	2.00139e+11	3.99995e+12	0	3.09039	-1.22067	0	3.43394e-08	-1.35631e-08	0
46	5e+24	2.00133e+11	4.19993e+12	0	2.95771	-1.50124	0	3.28652e-08	-1.66807e-08	0
47	5e+24	2.00125e+11	4.39991e+12	0	2.77595	-1.8897	0	3.08455e-08	-2.09971e-08	0
48	5e+24	2.00113e+11	4.59989e+12	0	2.51743	-2.51743	0	2.79728e-08	-2.79728e-08	0
49	5e+24	2.00097e+11	4.79982e+12	0	2.14753	-3.94203	0	2.38625e-08	-4.38101e-08	0
50	5e+24	4.00074e+11	1.9207e+08	0	1.65495	4.26844	0	1.8389e-08	4.74374e-08	0
51	5e+24	4.00085e+11	2.00125e+11	0	1.8897	2.77595	0	2.09971e-08	3.08455e-08	0
52	5e+24	4.00094e+11	4.00094e+11	0	2.08106	2.08106	0	2.31235e-08	2.31235e-08	0
53	5e+24	4.001e+11	6.00074e+11	0	2.23008	1.6437	0	2.47793e-08	1.82637e-08	0
54	5e+24	4.00106e+11	8.0006e+11	0	2.34534	1.32863	0	2.60601e-08	1.47627e-08	0
55	5e+24	4.0011e+11	1.00005e+12	0	2.43484	1.08194	0	2.70545e-08	1.20217e-08	0
56	5e+24	4.00113e+11	1.20004e+12	0	2.50448	0.877421	0	2.78284e-08	9.74921e-09	0
57	5e+24	4.00115e+11	1.40003e+12	0	2.55842	0.700534	0	2.84278e-08	7.78378e-09	0
58	5e+24	4.00117e+11	1.60002e+12	0	2.59953	0.54239	0	2.88845e-08	6.02661e-09	0
59	5e+24	4.00118e+11	1.80002e+12	0	2.62978	0.397076	0	2.92207e-08	4.41199e-09	0
60	5e+24	4.00119e+11	2.00001e+12	0	2.65054	0.260346	0	2.94513e-08	2.89276e-09	0
61	5e+24	4.0012e+11	2.20001e+12	0	2.66267	0.128909	0	2.9586e-08	1.43233e-09	0
62	5e+24	4.0012e+11	2.4e+12	0	2.66666	7.10446e-16	0	2.96304e-08	-1.55726e-23	0
63	5e+24	4.0012e+11	2.59999e+12	0	2.66267	-0.128909	0	2.9586e-08	-1.43233e-09	0
64	5e+24	4.00119e+11	2.79999e+12	0	2.65054	-0.260346	0	2.94513e-08	-2.89276e-09	0
65	5e+24	4.00118e+11	2.99998e+12	0	2.62978	-0.397076	0	2.92207e-08	-4.41199e-09	0
66	5e+24	4.00117e+11	3.19998e+12	0	2.59953	-0.54239	0	2.88845e-08	-6.02661e-09	0
67	5e+24	4.00115e+11	3.39997e+12	0	2.55842	-0.700534	0	2.84278e-08	-7.78378e-09	0
68	5e+24	4.00113e+11	3.59996e+12	0	2.50448	-0.877421	0	2.78284e-08	-9.74921e-09	0
69	5e+24	4.0011e+11	3.79995e+12	0	2.43484	-1.08194	0	2.70545e-08	-1.20217e-08	0
70	5e+24	4.00106e+11	3.99994e+12	0	2.34534	-1.32863	0	2.60601e-08	-1.47627e-08	0
71	5e+24	4.001e+11	4.19993e+12	0	2.23008	-1.6437	0	2.47793e-08	-1.82637e-08	0
72	5e+24	4.00094e+11	4.39991e+12	0	2.08106	-2.08106	0	2.31235e-08	-2.31235e-08	0
73	5e+24	4.00085e+11	4.59988e+12	0	1.8897	-2.77595	0	2.09971e-08	-3.08455e-08	0
74	5e+24	4.00074e+11	4.79981e+12	0	1.65495	-4.26844	0	1.8389e-08	-4.74374e-08	0
75	5e+24	6.0006e+11	2.01348e+08	0	1.33864	4.47463	0	1.48741e-08	4.97284e-08	0
76	5e+24	6.00068e+11	2.00133e+11	0	1.50124	2.95771	0	1.66807e-08	3.28652e-08	0
77	5e+24	6.00074e+11	4.001e+11	0	1.6437	2.23008	0	1.82637e-08	2.47793e-08	0
78	5e+24	6.00079e+11	6.00079e+11	0	1.76247	1.76247	0	1.95834e-08	1.95834e-08	0
79	5e+24	6.00084e+11	8.00064e+11	0	1.85905	1.42254	0	2.06566e-08	1.58063e-08	0
80	5e+24	6.00087e+11	1.00005e+12	0	1.93665	1.156	0	2.15188e-08	1.28446e-08	0
81	5e+24	6.0009e+11	1.20004e+12	0	1.99844	0.935512	0	2.22053e-08	1.03947e-08	0
82	5e+24	6.00092e+11	1.40003e+12	0	2.04703	0.745518	0	2.27452e-08	8.28361e-09	0
83	5e+24	6.00094e+11	1.60003e+12	0	2.08444	0.576325	0	2.31609e-08	6.40366e-09	0
84	5e+24	6.00095e+11	1.80002e+12	0	2.11217	0.421411	0	2.3469e-08	4.68238e-09	0
85	5e+24	6.00096e+11	2.00001e+12	0	2.13128	0.276066	0	2.36814e-08	3.06742e-09	0
86	5e+24	6.00096e+11	2.20001e+12	0	2.14247	0.136623	0	2.38058e-08	1.51804e-09	0
87	5e+24	6.00097e+11	2.4e+12	0	2.14616	-2.7972e-17	0	2.38468e-08	-2.02304e-23	0
88	5e+24	6.00096e+11	2.59999e+12	0	2.14247	-0.136623	0	2.38058e-08	-1.51804e-09	0
89	5e+24	6.00096e+11	2.79999e+12	0	2.13128	-0.276066	0	2.36814e-08	-3.06742e-09	0
90	5e+24	6.00095e+11	2.99998e+12	0	2.11217	-0.421411	0	2.3469e-08	-4.68238e-09	0
91	5e+24	6.00094e+11	3.19997e+12	0	2.08444	-0.576325	0	2.31609e-08	-6.40366e-09	0
92	5e+24	6.00092e+11	3.39997e+12	0	2.04703	-0.745518	0	2.27452e-08	-8.28361e-09	0
93	5e+24	6.0009e+11	3.59996e+12	0	1.99844	-0.935512	0	2.22053e-08	-1.03947e-08	0
94	5e+24	6.00087e+11	3.79995e+12	0	1.93665	-1.156	0	2.15188e-08	-1.28446e-08	0
95	5e+24	6.00084e+11	3.99994e+12	0	1.85905	-1.42254	0	2.06566e-08	-1.58063e-08	0
96	5e+24	6.00079e+11	4.19992e+12	0	1.76247	-1.76247	0	1.95834e-08	-1.95834e-08	0
97	5e+24	6.00074e+11	4.3999e+12	0	1.6437	-2.23008	0	1.82637e-08	-2.47793e-08	0
98	5e+24	6.00068e+11	4.59987e+12	0	1.50124	-2.95771	0	1.66807e-08	-3.28652e-08	0
99	5e+24	6.0006e+11	4.7998e+12	0	1.33864	-4.47463	0	1.48741e-08	-4.97284e-08	0
100	5e+24	8.0005e+11	2.07828e+08	0	1.10191	4.61863	0	1.22438e-08	5.13284e-08	0
101	5e+24	8.00055e+11	2.00139e+11	0	1.22067	3.09039	0	1.35631e-08	3.43394e-08	0
102	5e+24	8.0006e+11	4.00106e+11	0	1.32863	2.34534	0	1.47627e-08	2.60601e-08	0
103	5e+24	8.00064e+11	6.00084e+11	0	1.42254	1.85905	0	1.58063e-08	2.06566e-08	0
104	5e+24	8.00068e+11	8.00068e+11	0	1.50183	1.50183	0	1.66873e-08	1.66873e-08	0
105	5e+24	8.00071e+11	1.00005e+12	0	1.56743	1.22021	0	1.74161e-08	1.35581e-08	0
106	5e+24	8.00073e+11	1.20004e+12	0	1.62079	0.986818	0	1.80091e-08	1.09648e-08	0
107	5e+24	8.00075e+11	1.40004e+12	0	1.66342	0.785761	0	1.84827e-08	8.73077e-09	0
108	5e+24	8.00076e+11	1.60003e+12	0	1.69661	0.606953	0	1.88515e-08	6.74398e-09	0
109	5e+24	8.00077e+11	1.80002e+12	0	1.7214	0.443508	0	1.9127e-08	4.92791e-09	0
110	5e+24	8.00078e+11	2.00001e+12	0	1.73857	0.290394	0	1.93178e-08	3.22663e-09	0
111	5e+24	8.00079e+11	2.20001e+12	0	1.74866	0.143669	0	1.943e-08	1.59633e-09	0
112	5e+24	8.00079e+11	2.4e+12	0	1.75199	-8.11821e-16	0	1.9467e-08	-2.69932e-23	0
113	5e+24	8.00079e+11	2.59999e+12	0	1.74866	-0.143669	0	1.943e-08	-1.59633e-09	0
114	5e+24	8.00078e+11	2.79999e+12	0	1.73857	-0.290394	0	1.93178e-08	-3.22663e-09	0
115	5e+24	8.00077e+11	2.99998e+12	0	1.7214	-0.443508	0	1.9127e-08	-4.92791e-09	0
116	5e+24	8.00076e+11	3.19997e+12	0	1.69661	-0.606953	0	1.88515e-08	-6.74398e-09	0
117	5e+24	8.00075e+11	3.39996e+12	0	1.66342	-0.785761	0	1.84827e-08	-8.73077e-09	0
118	5e+24	8.00073e+11	3.59996e+12	0	1.62079	-0.986818	0	1.80091e-08	-1.09648e-08	0
119	5e+24	8.00071e+11	3.79995e+12	0	1.56743	-1.22021	0	1.74161e-08	-1.35581e-08	0
120	5e+24	8.00068e+11	3.99993e+12	0	1.50183	-1.50183	0	1.66873e-08	-1.66873e-08	0
121	5e+24	8.00064e+11	4.19992e+12	0	1.42254	-1.85905	0	1.58063e-08	-2.06566e-08	0
122	5e+24	8.0006e+11	4.39989e+12	0	1.32863	-2.34534	0	1.47627e-08	-2.60601e-08	0
123	5e+24	8.00055e+11	4.59986e+12	0	1.22067	-3.09039	0	1.35631e-08	-3.43394e-08	0
124	5e+24	8.0005e+11	4.79979e+12	0	1.10191	-4.61863	0	1.22438e-08	-5.13284e-08	0
125	5e+24	1.00004e+12	2.12591e+08	0	0.909737	4.72447	0	1.01084e-08	5.25044e-08	0
126	5e+24	1.00004e+12	2.00144e+11	0	0.999049	3.19003	0	1.11007e-08	3.54466e-08	0
127	5e+24	1.00005e+12	4.0011e+11	0	1.08194	2.43484	0	1.20217e-08	2.70545e-08	0
128	5e+24	1.00005e+12	6.00087e+11	0	1.156	1.93665	0	1.28446e-08	2.15188e-08	0
129	5e+24	1.00005e+12	8.00071e+11	0	1.22021	1.56743	0	1.35581e-08	1.74161e-08	0
130	5e+24	1.00006e+12	1.00006e+12	0	1.27456	1.27456	0	1.4162e-08	1.4162e-08	0
131	5e+24	1.00006e+12	1.20005e+12	0	1.31961	1.03101	0	1.46625e-08	1.14558e-08	0
132	5e+24	1.00006e+12	1.40004e+12	0	1.35611	0.820868	0	1.50681e-08	9.12085e-09	0
133	5e+24	1.00006e+12	1.60003e+12	0	1.38483	0.633918	0	1.53872e-08	7.0436e-09	0
134	5e+24	1.00006e+12	1.80002e+12	0	1.40644	0.463086	0	1.56274e-08	5.14545e-09	0
135	5e+24	1.00006e+12	2.00001e+12	0	1.4215	0.303143	0	1.57947e-08	3.36828e-09	0
136	5e+24	1.00006e+12	2.20001e+12	0	1.43038	0.149953	0	1.58933e-08	1.66616e-09	0
137	5e+24	1.00006e+12	2.4e+12	0	1.43331	2.13404e-16	0	1.59259e-08	-2.55764e-23	0
138	5e+24	1.00006e+12	2.59999e+12	0	1.43038	-0.149953	0	1.58933e-08	-1.66616e-09	0
139	5e+24	1.00006e+12	2.79999e+12	0	1.4215	-0.303143	0	1.57947e-08	-3.36828e-09	0
140	5e+24	1.00006e+12	2.99998e+12	0	1.40644	-0.463086	0	1.56274e-08	-5.14545e-09	0
141	5e+24	1.00006e+12	3.19997e+12	0	1.38483	-0.633918	0	1.53872e-08	-7.0436e-09	0
142	5e+24	1.00006e+12	3.39996e+12	0	1.35611	-0.820868	0	1.50681e-08	-9.12085e-09	0
143	5e+24	1.00006e+12	3.59995e+12	0	1.31961	-1.03101	0	1.46625e-08	-1.14558e-08	0
144	5e+24	1.00006e+12	3.79994e+12	0	1.27456	-1.27456	0	1.4162e-08	-1.4162e-08	0
145	5e+24	1.00005e+12	3.99993e+12	0	1.22021	-1.56743	0	1.35581e-08	-1.74161e-08	0
146	5e+24	1.00005e+12	4.19991e+12	0	1.156	-1.93665	0	1.28446e-08	-2.15188e-08	0
147	5e+24	1.00005e+12	4.39989e+12	0	1.08194	-2.43484	0	1.20217e-08	-2.70545e-08	0
148	5e+24	1.00004e+12	4.59986e+12	0	0.999049	-3.19003	0	1.11007e-08	-3.54466e-08	0
149	5e+24	1.00004e+12	4.79979e+12	0	0.909737	-4.72447	0	1.01084e-08	-5.25044e-08	0
150	5e+24	1.20003e+12	2.16181e+08	0	0.745489	4.80426	0	8.28336e-09	5.33909e-08	0
151	5e+24	1.20004e+12	2.00147e+11	0	0.813508	3.26604	0	9.03908e-09	3.62911e-08	0
152	5e+24	1.20004e+12	4.00113e+11	0	0.877421	2.50448	0	9.74921e-09	2.78284e-08	0
153	5e+24	1.20004e+12	6.0009e+11	0	0.935512	1.99844	0	1.03947e-08	2.22053e-08	0
154	5e+24	1.20004e+12	8.00073e+11	0	0.986818	1.62079	0	1.09648e-08	1.80091e-08	0
155	5e+24	1.20005e+12	1.00006e+12	0	1.03101	1.31961	0	1.14558e-08	1.46625e-08	0
156	5e+24	1.20005e+12	1.20005e+12	0	1.06818	1.06818	0	1.18688e-08	1.18688e-08	0
157	5e+24	1.20005e+12	1.40004e+12	0	1.09867	0.850742	0	1.22076e-08	9.45279e-09	0
158	5e+24	1.20005e+12	1.60003e+12	0	1.12288	0.657063	0	1.24766e-08	7.30077e-09	0
159	5e+24	1.20005e+12	1.80002e+12	0	1.14124	0.479994	0	1.26806e-08	5.33332e-09	0
160	5e+24	1.20005e+12	2.00001e+12	0	1.15409	0.314199	0	1.28234e-08	3.49112e-09	0
161	5e+24	1.20005e+12	2.20001e+12	0	1.16169	0.155416	0	1.29078e-08	1.72686e-09	0
162	5e+24	1.20005e+12	2.4e+12	0	1.1642	4.67226e-16	0	1.29358e-08	-3.63232e-23	0
163	5e+24	1.20005e+12	2.59999e+12	0	1.16169	-0.155416	0	1.29078e-08	-1.72686e-09	0
164	5e+24	1.20005e+12	2.79999e+12	0	1.15409	-0.314199	0	1.28234e-08	-3.49112e-09	0
165	5e+24	1.20005e+12	2.99998e+12	0	1.14124	-0.479994	0	1.26806e-08	-5.33332e-09	0
166	5e+24	1.20005e+12	3.19997e+12	0	1.12288	-0.657063	0	1.24766e-08	-7.30077e-09	0
167	5e+24	1.20005e+12	3.39996e+12	0	1.09867	-0.850742	0	1.22076e-08	-9.45279e-09	0
168	5e+24	1.20005e+12	3.59995e+12	0	1.06818	-1.06818	0	1.18688e-08	-1.18688e-08	0
169	5e+24	1.20005e+12	3.79994e+12	0	1.03101	-1.31961	0	1.14558e-08	-1.46625e-08	0
170	5e+24	1.20004e+12	3.99993e+12	0	0.986818	-1.62079	0	1.09648e-08	-1.80091e-08	0
171	5e+24	1.20004e+12	4.19991e+12	0	0.935512	-1.99844	0	1.03947e-08	-2.22053e-08	0
172	5e+24	1.20004e+12	4.39989e+12	0	0.877421	-2.50448	0	9.74921e-09	-2.78284e-08	0
173	5e+24	1.20004e+12	4.59985e+12	0	0.813508	-3.26604	0	9.03908e-09	-3.62911e-08	0
174	5e+24	1.20003e+12	4.79978e+12	0	0.745489	-4.80426	0	8.28336e-09	-5.33909e-08	0
175	5e+24	1.40003e+12	2.18909e+08	0	0.599914	4.86487	0	6.66582e-09	5.40643e-08	0
176	5e+24	1.40003e+12	2.0015e+11	0	0.651598	3.32416	0	7.24005e-09	3.69369e-08	0
177	5e+24	1.40003e+12	4.00115e+11	0	0.700534	2.55842	0	7.78378e-09	2.84278e-08	0
178	5e+24	1.40003e+12	6.00092e+11	0	0.745518	2.04703	0	8.28361e-09	2.27452e-08	0
179	5e+24	1.40004e+12	8.00075e+11	0	0.785761	1.66342	0	8.73077e-09	1.84827e-08	0
180	5e+24	1.40004e+12	1.00006e+12	0	0.820868	1.35611	0	9.12085e-09	1.50681e-08	0
181	5e+24	1.40004e+12	1.20005e+12	0	0.850742	1.09867	0	9.45279e-09	1.22076e-08	0
182	5e+24	1.40004e+12	1.40004e+12	0	0.875483	0.875483	0	9.72771e-09	9.72771e-09	0
183	5e+24	1.40004e+12	1.60003e+12	0	0.895292	0.676377	0	9.94781e-09	7.51537e-09	0
184	5e+24	1.40004e+12	1.80002e+12	0	0.910399	0.494183	0	1.01157e-08	5.49097e-09	0
185	5e+24	1.40004e+12	2.00001e+12	0	0.921017	0.323511	0	1.02337e-08	3.5946e-09	0
186	5e+24	1.40004e+12	2.20001e+12	0	0.927317	0.160027	0	1.03037e-08	1.77809e-09	0
187	5e+24	1.40004e+12	2.4e+12	0	0.929405	-3.11865e-15	0	1.03269e-08	-7.36078e-23	0
188	5e+24	1.40004e+12	2.59999e+12	0	0.927317	-0.160027	0	1.03037e-08	-1.77809e-09	0
189	5e+24	1.40004e+12	2.79999e+12	0	0.921017	-0.323511	0	1.02337e-08	-3.5946e-09	0
190	5e+24	1.40004e+12	2.99998e+12	0	0.910399	-0.494183	0	1.01157e-08	-5.49097e-09	0
191	5e+24	1.40004e+12	3.19997e+12	0	0.895292	-0.676377	0	9.94781e-09	-7.51537e-09	0
192	5e+24	1.40004e+12	3.39996e+12	0	0.875483	-0.875483	0	9.72771e-09	-9.72771e-09	0
193	5e+24	1.40004e+12	3.59995e+12	0	0.850742	-1.09867	0	9.45279e-09	-1.22076e-08	0
194	5e+24	1.40004e+12	3.79994e+12	0	0.820868	-1.35611	0	9.12085e-09	-1.50681e-08	0
195	5e+24	1.40004e+12	3.99993e+12	0	0.785761	-1.66342	0	8.73077e-09	-1.84827e-08	0
196	5e+24	1.40003e+12	4.19991e+12	0	0.745518	-2.04703	0	8.28361e-09	-2.27452e-08	0
197	5e+24	1.40003e+12	4.39988e+12	0	0.700534	-2.55842	0	7.78378e-09	-2.84278e-08	0
198	5e+24	1.40003e+12	4.59985e+12	0	0.651598	-3.32416	0	7.24005e-09	-3.69369e-08	0
199	5e+24	1.40003e+12	4.79978e+12	0	0.599914	-4.86487	0	6.66582e-09	-5.40643e-08	0
200	5e+24	1.60002e+12	2.20962e+08	0	0.467239	4.9105	0	5.19163e-09	5.45713e-08	0
201	5e+24	1.60002e+12	2.00152e+11	0	0.505749	3.3681	0	5.61949e-09	3.74252e-08	0
202	5e+24	1.60002e+12	4.00117e+11	0	0.54239	2.59953	0	6.02661e-09	2.88845e-08	0
203	5e+24	1.60003e+12	6.00094e+11	0	0.576325	2.08444	0	6.40366e-09	2.31609e-08	0
204	5e+24	1.60003e+12	8.00076e+11	0	0.606953	1.69661	0	6.74398e-09	1.88515e-08	0
205	5e+24	1.60003e+12	1.00006e+12	0	0.633918	1.38483	0	7.0436e-09	1.53872e-08	0
206	5e+24	1.60003e+12	1.20005e+12	0	0.657063	1.12288	0	7.30077e-09	1.24766e-08	0
207	5e+24	1.60003e+12	1.40004e+12	0	0.676377	0.895292	0	7.51537e-09	9.94781e-09	0
208	5e+24	1.60003e+12	1.60003e+12	0	0.691937	0.691937	0	7.68827e-09	7.68827e-09	0
209	5e+24	1.60003e+12	1.80002e+12	0	0.703862	0.505668	0	7.82078e-09	5.61859e-09	0
210	5e+24	1.60003e+12	2.00001e+12	0	0.712275	0.331074	0	7.91426e-09	3.67863e-09	0
211	5e+24	1.60003e+12	2.20001e+12	0	0.717278	0.163779	0	7.96986e-09	1.81979e-09	0
212	5e+24	1.60003e+12	2.4e+12	0	0.718938	-6.45564e-15	0	7.9883e-09	-9.34843e-23	0
213	5e+24	1.60003e+12	2.59999e+12	0	0.717278	-0.163779	0	7.96986e-09	-1.81979e-09	0
214	5e+24	1.60003e+12	2.79999e+12	0	0.712275	-0.331074	0	7.91426e-09	-3.67863e-09	0
215	5e+24	1.60003e+12	2.99998e+12	0	0.703862	-0.505668	0	7.82078e-09	-5.61859e-09	0
216	5e+24	1.60003e+12	3.19997e+12	0	0.691937	-0.691937	0	7.68827e-09	-7.68827e-09	0
217	5e+24	1.60003e+12	3.39996e+12	0	0.676377	-0.895292	0	7.51537e-09	-9.94781e-09	0
218	5e+24	1.60003e+12	3.59995e+12	0	0.657063	-1.12288	0	7.30077e-09	-1.24766e-08	0
219	5e+24	1.60003e+12	3.79994e+12	0	0.633918	-1.38483	0	7.0436e-09	-1.53872e-08	0
220	5e+24	1.60003e+12	3.99992e+12	0	0.606953	-1.69661	0	6.74398e-09	-1.88515e-08	0
221	5e+24	1.60003e+12	4.19991e+12	0	0.576325	-2.08444	0	6.40366e-09	-2.31609e-08	0
222	5e+24	1.60002e+12	4.39988e+12	0	0.54239	-2.59953	0	6.02661e-09	-2.88845e-08	0
223	5e+24	1.60002e+12	4.59985e+12	0	0.505749	-3.3681	0	5.61949e-09	-3.74252e-08	0
224	5e+24	1.60002e+12	4.79978e+12	0	0.467239	-4.9105	0	5.19163e-09	-5.45713e-08	0
225	5e+24	1.80002e+12	2.22461e+08	0	0.343533	4.94382	0	3.81709e-09	5.49415e-08	0
226	5e+24	1.80002e+12	2.00153e+11	0	0.370929	3.40028	0	4.12147e-09	3.77826e-08	0
227	5e+24	1.80002e+12	4.00118e+11	0	0.397076	2.62978	0	4.41199e-09	2.92207e-08	0
228	5e+24	1.80002e+12	6.00095e+11	0	0.421411	2.11217	0	4.68238e-09	2.3469e-08	0
229	5e+24	1.80002e+12	8.00077e+11	0	0.443508	1.7214	0	4.92791e-09	1.9127e-08	0
230	5e+24	1.80002e+12	1.00006e+12	0	0.463086	1.40644	0	5.14545e-09	1.56274e-08	0
231	5e+24	1.80002e+12	1.20005e+12	0	0.479994	1.14124	0	5.33332e-09	1.26806e-08	0
232	5e+24	1.80002e+12	1.40004e+12	0	0.494183	0.910399	0	5.49097e-09	1.01157e-08	0
233	5e+24	1.80002e+12	1.60003e+12	0	0.505668	0.703862	0	5.61859e-09	7.82078e-09	0
234	5e+24	1.80002e+12	1.80002e+12	0	0.514504	0.514504	0	5.71677e-09	5.71677e-09	0
235	5e+24	1.80002e+12	2.00002e+12	0	0.520754	0.336907	0	5.78622e-09	3.74345e-09	0
236	5e+24	1.80002e+12	2.20001e+12	0	0.524478	0.166678	0	5.8276e-09	1.852e-09	0
237	5e+24	1.80002e+12	2.4e+12	0	0.525715	-6.18235e-15	0	5.84134e-09	-9.43551e-23	0
238	5e+24	1.80002e+12	2.59999e+12	0	0.524478	-0.166678	0	5.8276e-09	-1.852e-09	0
239	5e+24	1.80002e+12	2.79998e+12	0	0.520754	-0.336907	0	5.78622e-09	-3.74345e-09	0
240	5e+24	1.80002e+12	2.99998e+12	0	0.514504	-0.514504	0	5.71677e-09	-5.71677e-09	0
241	5e+24	1.80002e+12	3.19997e+12	0	0.505668	-0.703862	0	5.61859e-09	-7.82078e-09	0
242	5e+24	1.80002e+12	3.39996e+12	0	0.494183	-0.910399	0	5.49097e-09	-1.01157e-08	0
243	5e+24	1.80002e+12	3.59995e+12	0	0.479994	-1.14124	0	5.33332e-09	-1.26806e-08	0
244	5e+24	1.80002e+12	3.79994e+12	0	0.463086	-1.40644	0	5.14545e-09	-1.56274e-08	0
245	5e+24	1.80002e+12	3.99992e+12	0	0.443508	-1.7214	0	4.92791e-09	-1.9127e-08	0
246	5e+24	1.80002e+12	4.1999e+12	0	0.421411	-2.11217	0	4.68238e-09	-2.3469e-08	0
247	5e+24	1.80002e+12	4.39988e+12	0	0.397076	-2.62978	0	4.41199e-09	-2.92207e-08	0
248	5e+24	1.80002e+12	4.59985e+12	0	0.370929	-3.40028	0	4.12147e-09	-3.77826e-08	0
249	5e+24	1.80002e+12	4.79978e+12	0	0.343533	-4.94382	0	3.81709e-09	-5.49415e-08	0
250	5e+24	2.00001e+12	2.23485e+08	0	0.2259	4.96656	0	2.51004e-09	5.51942e-08	0
251	5e+24	2.00001e+12	2.00154e+11	0	0.243509	3.42228	0	2.70568e-09	3.80271e-08	0
252	5e+24	2.00001e+12	4.00119e+11	0	0.260346	2.65054	0	2.89276e-09	2.94513e-08	0
253	5e+24	2.00001e+12	6.00096e+11	0	0.276066	2.13128	0	3.06742e-09	2.36814e-08	0
254	5e+24	2.00001e+12	8.00078e+11	0	0.290394	1.73857	0	3.22663e-09	1.93178e-08	0
255	5e+24	2.00001e+12	1.00006e+12	0	0.303143	1.4215	0	3.36828e-09	1.57947e-08	0
256	5e+24	2.00001e+12	1.20005e+12	0	0.314199	1.15409	0	3.49112e-09	1.28234e-08	0
257	5e+24	2.00001e+12	1.40004e+12	0	0.323511	0.921017	0	3.5946e-09	1.02337e-08	0
258	5e+24	2.00001e+12	1.60003e+12	0	0.331074	0.712275	0	3.67863e-09	7.91426e-09	0
259	5e+24	2.00002e+12	1.80002e+12	0	0.336907	0.520754	0	3.74345e-09	5.78622e-09	0
260	5e+24	2.00002e+12	2.00002e+12	0	0.341042	0.341042	0	3.7894e-09	3.7894e-09	0
261	5e+24	2.00002e+12	2.20001e+12	0	0.343509	0.168735	0	3.81681e-09	1.87485e-09	0
262	5e+24	2.00002e+12	2.4e+12	0	0.344329	-8.55991e-15	0	3.82592e-09	-1.29244e-22	0
263	5e+24	2.00002e+12	2.59999e+12	0	0.343509	-0.168735	0	3.81681e-09	-1.87485e-09	0
264	5e+24	2.00002e+12	2.79998e+12	0	0.341042	-0.341042	0	3.7894e-09	-3.7894e-09	0
265	5e+24	2.00002e+12	2.99998e+12	0	0.336907	-0.520754	0	3.74345e-09	-5.78622e-09	0
266	5e+24	2.00001e+12	3.19997e+12	0	0.331074	-0.712275	0	3.67863e-09	-7.91426e-09	0
267	5e+24	2.00001e+12	3.39996e+12	0	0.323511	-0.921017	0	3.5946e-09	-1.02337e-08	0
268	5e+24	2.00001e+12	3.59995e+12	0	0.314199	-1.15409	0	3.49112e-09	-1.28234e-08	0
269	5e+24	2.00001e+12	3.79994e+12	0	0.303143	-1.4215	0	3.36828e-09	-1.57947e-08	0
270	5e+24	2.00001e+12	3.99992e+12	0	0.290394	-1.73857	0	3.22663e-09	-1.93178e-08	0
271	5e+24	2.00001e+12	4.1999e+12	0	0.276066	-2.13128	0	3.06742e-09	-2.36814e-08	0
272	5e+24	2.00001e+12	4.39988e+12	0	0.260346	-2.65054	0	2.89276e-09	-2.94513e-08	0
273	5e+24	2.00001e+12	4.59985e+12	0	0.243509	-3.42228	0	2.70568e-09	-3.80271e-08	0
274	5e+24	2.00001e+12	4.79978e+12	0	0.2259	-4.96656	0	2.51004e-09	-5.51942e-08	0
275	5e+24	2.20001e+12	2.24082e+08	0	0.112043	4.97982	0	1.24494e-09	5.53415e-08	0
276	5e+24	2.20001e+12	2.00155e+11	0	0.120661	3.43511	0	1.34069e-09	3.81696e-08	0
277	5e+24	2.20001e+12	4.0012e+11	0	0.128909	2.66267	0	1.43233e-09	2.9586e-08	0
278	5e+24	2.20001e+12	6.00096e+11	0	0.136623	2.14247	0	1.51804e-09	2.38058e-08	0
279	5e+24	2.20001e+12	8.00079e+11	0	0.143669	1.74866	0	1.59633e-09	1.943e-08	0
280	5e+24	2.20001e+12	1.00006e+12	0	0.149953	1.43038	0	1.66616e-09	1.58933e-08	0
281	5e+24	2.20001e+12	1.20005e+12	0	0.155416	1.16169	0	1.72686e-09	1.29078e-08	0
282	5e+24	2.20001e+12	1.40004e+12	0	0.160027	0.927317	0	1.77809e-09	1.03037e-08	0
283	5e+24	2.20001e+12	1.60003e+12	0	0.163779	0.717278	0	1.81979e-09	7.96986e-09	0
284	5e+24	2.20001e+12	1.80002e+12	0	0.166678	0.524478	0	1.852e-09	5.8276e-09	0
285	5e+24	2.20001e+12	2.00002e+12	0	0.168735	0.343509	0	1.87485e-09	3.81681e-09	0
286	5e+24	2.20001e+12	2.20001e+12	0	0.169963	0.169963	0	1.8885e-09	1.8885e-09	0
287	5e+24	2.20001e+12	2.4e+12	0	0.170372	-1.11138e-14	0	1.89304e-09	-1.71317e-22	0
288	5e+24	2.20001e+12	2.59999e+12	0	0.169963	-0.169963	0	1.8885e-09	-1.8885e-09	0
289	5e+24	2.20001e+12	2.79998e+12	0	0.168735	-0.343509	0	1.87485e-09	-3.81681e-09	0
290	5e+24	2.20001e+12	2.99998e+12	0	0.166678	-0.524478	0	1.852e-09	-5.8276e-09	0
291	5e+24	2.20001e+12	3.19997e+12	0	0.163779	-0.717278	0	1.81979e-09	-7.96986e-09	0
292	5e+24	2.20001e+12	3.39996e+12	0	0.160027	-0.927317	0	1.77809e-09	-1.03037e-08	0
293	5e+24	2.20001e+12	3.59995e+12	0	0.155416	-1.16169	0	1.72686e-09	-1.29078e-08	0
294	5e+24	2.20001e+12	3.79994e+12	0	0.149953	-1.43038	0	1.66616e-09	-1.58933e-08	0
295	5e+24	2.20001e+12	3.99992e+12	0	0.143669	-1.74866	0	1.59633e-09	-1.943e-08	0
296	5e+24	2.20001e+12	4.1999e+12	0	0.136623	-2.14247	0	1.51804e-09	-2.38058e-08	0
297	5e+24	2.20001e+12	4.39988e+12	0	0.128909	-2.66267	0	1.43233e-09	-2.9586e-08	0
298	5e+24	2.20001e+12	4.59985e+12	0	0.120661	-3.43511	0	1.34069e-09	-3.81696e-08	0
299	5e+24	2.20001e+12	4.79978e+12	0	0.112043	-4.97982	0	1.24494e-09	-5.53415e-08	0
300	5e+24	2.4e+12	2.24277e+08	0	-4.16883e-15	4.98417	0	-1.09975e-22	5.53898e-08	0
301	5e+24	2.4e+12	2.00155e+11	0	-1.8231e-15	3.43932	0	-8.18731e-23	3.82165e-08	0
302	5e+24	2.4e+12	4.0012e+11	0	7.0572e-16	2.66666	0	-1.74855e-23	2.96304e-08	0
303	5e+24	2.4e+12	6.00097e+11	0	-2.08088e-18	2.14616	0	-1.30337e-23	2.38468e-08	0
304	5e+24	2.4e+12	8.00079e+11	0	-8.58893e-16	1.75199	0	-3.04991e-23	1.9467e-08	0
305	5e+24	2.4e+12	1.00006e+12	0	2.26866e-16	1.43331	0	-3.97208e-23	1.59259e-08	0
306	5e+24	2.4e+12	1.20005e+12	0	4.67218e-16	1.1642	0	-2.26877e-23	1.29358e-08	0
307	5e+24	2.4e+12	1.40004e+12	0	-3.08718e-15	0.929405	0	-4.71234e-23	1.03269e-08	0
308	5e+24	2.4e+12	1.60003e+12	0	-6.41314e-15	0.718938	0	-9.53245e-23	7.9883e-09	0
309	5e+24	2.4e+12	1.80002e+12	0	-6.14019e-15	0.525715	0	-1.00544e-22	5.84134e-09	0
310	5e+24	2.4e+12	2.00002e+12	0	-8.56709e-15	0.344329	0	-1.3126e-22	3.82592e-09	0
311	5e+24	2.4e+12	2.20001e+12	0	-1.11321e-14	0.170372	0	-1.86452e-22	1.89304e-09	0
312	5e+24	2.4e+12	2.4e+12	0	-9.04966e-15	-9.07567e-15	0	-1.61375e-22	-1.50847e-22	0
313	5e+24	2.4e+12	2.59999e+12	0	-1.10896e-14	-0.170372	0	-1.76774e-22	-1.89304e-09	0
314	5e+24	2.4e+12	2.79998e+12	0	-8.5705e-15	-0.344329	0	-1.33444e-22	-3.82592e-09	0
315	5e+24	2.4e+12	2.99998e+12	0	-6.19034e-15	-0.525715	0	-7.87954e-23	-5.84134e-09	0
316	5e+24	2.4e+12	3.19997e+12	0	-6.44764e-15	-0.718938	0	-7.54738e-23	-7.9883e-09	0
317	5e+24	2.4e+12	3.39996e+12	0	-3.14318e-15	-0.929405	0	-8.39653e-23	-1.03269e-08	0
318	5e+24	2.4e+12	3.59995e+12	0	4.3539e-16	-1.1642	0	-3.87418e-23	-1.29358e-08	0
319	5e+24	2.4e+12	3.79994e+12	0	2.25113e-16	-1.43331	0	-4.23413e-23	-1.59259e-08	0
320	5e+24	2.4e+12	3.99992e+12	0	-7.6282e-16	-1.75199	0	-5.00767e-23	-1.9467e-08	0
321	5e+24	2.4e+12	4.1999e+12	0	-2.86632e-17	-2.14616	0	-5.10784e-23	-2.38468e-08	0
322	5e+24	2.4e+12	4.39988e+12	0	7.11954e-16	-2.66666	0	3.55429e-24	-2.96304e-08	0
323	5e+24	2.4e+12	4.59985e+12	0	-1.82625e-15	-3.43932	0	-8.79461e-23	-3.82165e-08	0
324	5e+24	2.4e+12	4.79978e+12	0	-4.15766e-15	-4.98417	0	-8.76618e-23	-5.53898e-08	0
325	5e+24	2.59999e+12	2.24082e+08	0	-0.112043	4.97982	0	-1.24494e-09	5.53415e-08	0
326	5e+24	2.59999e+12	2.00155e+11	0	-0.120661	3.43511	0	-1.34069e-09	3.81696e-08	0
327	5e+24	2.59999e+12	4.0012e+11	0	-0.128909	2.66267	0	-1.43233e-09	2.9586e-08	0
328	5e+24	2.59999e+12	6.00096e+11	0	-0.136623	2.14247	0	-1.51804e-09	2.38058e-08	0
329	5e+24	2.59999e+12	8.00079e+11	0	-0.143669	1.74866	0	-1.59633e-09	1.943e-08	0
330	5e+24	2.59999e+12	1.00006e+12	0	-0.149953	1.43038	0	-1.66616e-09	1.58933e-08	0
331	5e+24	2.59999e+12	1.20005e+12	0	-0.155416	1.16169	0	-1.72686e-09	1.29078e-08	0
332	5e+24	2.59999e+12	1.40004e+12	0	-0.160027	0.927317	0	-1.77809e-09	1.03037e-08	0
333	5e+24	2.59999e+12	1.60003e+12	0	-0.163779	0.717278	0	-1.81979e-09	7.96986e-09	0
334	5e+24	2.59999e+12	1.80002e+12	0	-0.166678	0.524478	0	-1.852e-09	5.8276e-09	0
335	5e+24	2.59999e+12	2.00002e+12	0	-0.168735	0.343509	0	-1.87485e-09	3.81681e-09	0
336	5e+24	2.59999e+12	2.20001e+12	0	-0.169963	0.169963	0	-1.8885e-09	1.8885e-09	0
337	5e+24	2.59999e+12	2.4e+12	0	-0.170372	-1.11078e-14	0	-1.89304e-09	-1.68965e-22	0
338	5e+24	2.59999e+12	2.59999e+12	0	-0.169963	-0.169963	0	-1.8885e-09	-1.8885e-09	0
339	5e+24	2.59999e+12	2.79998e+12	0	-0.168735	-0.343509	0	-1.87485e-09	-3.81681e-09	0
340	5e+24	2.59999e+12	2.99998e+12	0	-0.166678	-0.524478	0	-1.852e-09	-5.8276e-09	0
341	5e+24	2.59999e+12	3.19997e+12	0	-0.163779	-0.717278	0	-1.81979e-09	-7.96986e-09	0
342	5e+24	2.59999e+12	3.39996e+12	0	-0.160027	-0.927317	0	-1.77809e-09	-1.03037e-08	0
343	5e+24	2.59999e+12	3.59995e+12	0	-0.155416	-1.16169	0	-1.72686e-09	-1.29078e-08	0
344	5e+24	2.59999e+12	3.79994e+12	0	-0.149953	-1.43038	0	-1.66616e-09	-1.58933e-08	0
345	5e+24	2.59999e+12	3.99992e+12	0	-0.143669	-1.74866	0	-1.59633e-09	-1.943e-08	0
346	5e+24	2.59999e+12	4.1999e+12	0	-0.136623	-2.14247	0	-1.51804e-09	-2.38058e-08	0
347	5e+24	2.59999e+12	4.39988e+12	0	-0.128909	-2.66267	0	-1.43233e-09	-2.9586e-08	0
348	5e+24	2.59999e+12	4.59985e+12	0	-0.120661	-3.43511	0	-1.34069e-09	-3.81696e-08	0
349	5e+24	2.59999e+12	4.79978e+12	0	-0.112043	-4.97982	0	-1.24494e-09	-5.53415e-08	0
350	5e+24	2.79999e+12	2.23485e+08	0	-0.2259	4.96656	0	-2.51004e-09	5.51942e-08	0
351	5e+24	2.79999e+12	2.00154e+11	0	-0.243509	3.42228	0	-2.70568e-09	3.80271e-08	0
352	5e+24	2.79999e+12	4.00119e+11	0	-0.260346	2.65054	0	-2.89276e-09	2.94513e-08	0
353	5e+24	2.79999e+12	6.00096e+11	0	-0.276066	2.13128	0	-3.06742e-09	2.36814e-08	0
354	5e+24	2.79999e+12	8.00078e+11	0	-0.290394	1.73857	0	-3.22663e-09	1.93178e-08	0
355	5e+24	2.79999e+12	1.00006e+12	0	-0.303143	1.4215	0	-3.36828e-09	1.57947e-08	0
356	5e+24	2.79999e+12	1.20005e+12	0	-0.314199	1.15409	0	-3.49112e-09	1.28234e-08	0
357	5e+24	2.79999e+12	1.40004e+12	0	-0.323511	0.921017	0	-3.5946e-09	1.02337e-08	0
358	5e+24	2.79999e+12	1.60003e+12	0	-0.331074	0.712275	0	-3.67863e-09	7.91426e-09	0
359	5e+24	2.79998e+12	1.80002e+12	0	-0.336907	0.520754	0	-3.74345e-09	5.78622e-09	0
360	5e+24	2.79998e+12	2.00002e+12	0	-0.341042	0.341042	0	-3.7894e-09	3.7894e-09	0
361	5e+24	2.79998e+12	2.20001e+12	0	-0.343509	0.168735	0	-3.81681e-09	1.87485e-09	0
362	5e+24	2.79998e+12	2.4e+12	0	-0.344329	-8.5619e-15	0	-3.82592e-09	-1.29373e-22	0
363	5e+24	2.79998e+12	2.59999e+12	0	-0.343509	-0.168735	0	-3.81681e-09	-1.87485e-09	0
364	5e+24	2.79998e+12	2.79998e+12	0	-0.341042	-0.341042	0	-3.7894e-09	-3.7894e-09	0
365	5e+24	2.79998e+12	2.99998e+12	0	-0.336907	-0.520754	0	-3.74345e-09	-5.78622e-09	0
366	5e+24	2.79999e+12	3.19997e+12	0	-0.331074	-0.712275	0	-3.67863e-09	-7.91426e-09	0
367	5e+24	2.79999e+12	3.39996e+12	0	-0.323511	-0.921017	0	-3.5946e-09	-1.02337e-08	0
368	5e+24	2.79999e+12	3.59995e+12	0	-0.314199	-1.15409	0	-3.49112e-09	-1.28234e-08	0
369	5e+24	2.79999e+12	3.79994e+12	0	-0.303143	-1.4215	0	-3.36828e-09	-1.57947e-08	0
370	5e+24	2.79999e+12	3.99992e+12	0	-0.290394	-1.73857	0	-3.22663e-09	-1.93178e-08	0
371	5e+24	2.79999e+12	4.1999e+12	0	-0.276066	-2.13128	0	-3.06742e-09	-2.36814e-08	0
372	5e+24	2.79999e+12	4.39988e+12	0	-0.260346	-2.65054	0	-2.89276e-09	-2.94513e-08	0
373	5e+24	2.79999e+12	4.59985e+12	0	-0.243509	-3.42228	0	-2.70568e-09	-3.80271e-08	0
374	5e+24	2.79999e+12	4.79978e+12	0	-0.2259	-4.96656	0	-2.51004e-09	-5.51942e-08	0
375	5e+24	2.99998e+12	2.22461e+08	0	-0.343533	4.94382	0	-3.81709e-09	5.49415e-08	0
376	5e+24	2.99998e+12	2.00153e+11	0	-0.370929	3.40028	0	-4.12147e-09	3.77826e-08	0
377	5e+24	2.99998e+12	4.00118e+11	0	-0.397076	2.62978	0	-4.41199e-09	2.92207e-08	0
378	5e+24	2.99998e+12	6.00095e+11	0	-0.421411	2.11217	0	-4.68238e-09	2.3469e-08	0
379	5e+24	2.99998e+12	8.00077e+11	0	-0.443508	1.7214	0	-4.92791e-09	1.9127e-08	0
380	5e+24	2.99998e+12	1.00006e+12	0	-0.463086	1.40644	0	-5.14545e-09	1.56274e-08	0
381	5e+24	2.99998e+12	1.20005e+12	0	-0.479994	1.14124	0	-5.33332e-09	1.26806e-08	0
382	5e+24	2.99998e+12	1.40004e+12	0	-0.494183	0.910399	0	-5.49097e-09	1.01157e-08	0
383	5e+24	2.99998e+12	1.60003e+12	0	-0.505668	0.703862	0	-5.61859e-09	7.82078e-09	0
384	5e+24	2.99998e+12	1.80002e+12	0	-0.514504	0.514504	0	-5.71677e-09	5.71677e-09	0
385	5e+24	2.99998e+12	2.00002e+12	0	-0.520754	0.336907	0	-5.78622e-09	3.74345e-09	0
386	5e+24	2.99998e+12	2.20001e+12	0	-0.524478	0.166678	0	-5.8276e-09	1.852e-09	0
387	5e+24	2.99998e+12	2.4e+12	0	-0.525715	-6.18774e-15	0	-5.84134e-09	-9.1061e-23	0
388	5e+24	2.99998e+12	2.59999e+12	0	-0.524478	-0.166678	0	-5.8276e-09	-1.852e-09	0
389	5e+24	2.99998e+12	2.79998e+12	0	-0.520754	-0.336907	0	-5.78622e-09	-3.74345e-09	0
390	5e+24	2.99998e+12	2.99998e+12	0	-0.514504	-0.514504	0	-5.71677e-09	-5.71677e-09	0
391	5e+24	2.99998e+12	3.19997e+12	0	-0.505668	-0.703862	0	-5.61859e-09	-7.82078e-09	0
392	5e+24	2.99998e+12	3.39996e+12	0	-0.494183	-0.910399	0	-5.49097e-09	-1.01157e-08	0
393	5e+24	2.99998e+12	3.59995e+12	0	-0.479994	-1.14124	0	-5.33332e-09	-1.26806e-08	0
394	5e+24	2.99998e+12	3.79994e+12	0	-0.463086	-1.40644	0	-5.14545e-09	-1.56274e-08	0
395	5e+24	2.99998e+12	3.99992e+12	0	-0.443508	-1.7214	0	-4.92791e-09	-1.9127e-08	0
396	5e+24	2.99998e+12	4.1999e+12	0	-0.421411	-2.11217	0	-4.68238e-09	-2.3469e-08	0
397	5e+24	2.99998e+12	4.39988e+12	0	-0.397076	-2.62978	0	-4.41199e-09	-2.92207e-08	0
398	5e+24	2.99998e+12	4.59985e+12	0	-0.370929	-3.40028	0	-4.12147e-09	-3.77826e-08	0
399	5e+24	2.99998e+12	4.79978e+12	0	-0.343533	-4.94382	0	-3.81709e-09	-5.49415e-08	0
400	5e+24	3.19998e+12	2.20962e+08	0	-0.467239	4.9105	0	-5.19163e-09	5.45713e-08	0
401	5e+24	3.19998e+12	2.00152e+11	0	-0.505749	3.3681	0	-5.61949e-09	3.74252e-08	0
402	5e+24	3.19998e+12	4.00117e+11	0	-0.54239	2.59953	0	-6.02661e-09	2.88845e-08	0
403	5e+24	3.19997e+12	6.00094e+11	0	-0.576325	2.08444	0	-6.40366e-09	2.31609e-08	0
404	5e+24	3.19997e+12	8.00076e+11	0	-0.606953	1.69661	0	-6.74398e-09	1.88515e-08	0
405	5e+24	3.19997e+12	1.00006e+12	0	-0.633918	1.38483	0	-7.0436e-09	1.53872e-08	0
406	5e+24	3.19997e+12	1.20005e+12	0	-0.657063	1.12288	0	-7.30077e-09	1.24766e-08	0
407	5e+24	3.19997e+12	1.40004e+12	0	-0.676377	0.895292	0	-7.51537e-09	9.94781e-09	0
408	5e+24	3.19997e+12	1.60003e+12	0	-0.691937	0.691937	0	-7.68827e-09	7.68827e-09	0
409	5e+24	3.19997e+12	1.80002e+12	0	-0.703862	0.505668	0	-7.82078e-09	5.61859e-09	0
410	5e+24	3.19997e+12	2.00001e+12	0	-0.712275	0.331074	0	-7.91426e-09	3.67863e-09	0
411	5e+24	3.19997e+12	2.20001e+12	0	-0.717278	0.163779	0	-7.96986e-09	1.81979e-09	0
412	5e+24	3.19997e+12	2.4e+12	0	-0.718938	-6.452e-15	0	-7.9883e-09	-9.04535e-23	0
413	5e+24	3.19997e+12	2.59999e+12	0	-0.717278	-0.163779	0	-7.96986e-09	-1.81979e-09	0
414	5e+24	3.19997e+12	2.79999e+12	0	-0.712275	-0.331074	0	-7.91426e-09	-3.67863e-09	0
415	5e+24	3.19997e+12	2.99998e+12	0	-0.703862	-0.505668	0	-7.82078e-09	-5.61859e-09	0
416	5e+24	3.19997e+12	3.19997e+12	0	-0.691937	-0.691937	0	-7.68827e-09	-7.68827e-09	0
417	5e+24	3.19997e+12	3.39996e+12	0	-0.676377	-0.895292	0	-7.51537e-09	-9.94781e-09	0
418	5e+24	3.19997e+12	3.59995e+12	0	-0.657063	-1.12288	0	-7.30077e-09	-1.24766e-08	0
419	5e+24	3.19997e+12	3.79994e+12	0	-0.633918	-1.38483	0	-7.0436e-09	-1.53872e-08	0
420	5e+24	3.19997e+12	3.99992e+12	0	-0.606953	-1.69661	0	-6.74398e-09	-1.88515e-08	0
421	5e+24	3.19997e+12	4.19991e+12	0	-0.576325	-2.08444	0	-6.40366e-09	-2.31609e-08	0
422	5e+24	3.19998e+12	4.39988e+12	0	-0.54239	-2.59953	0	-6.02661e-09	-2.88845e-08	0
423	5e+24	3.19998e+12	4.59985e+12	0	-0.505749	-3.3681	0	-5.61949e-09	-3.74252e-08	0
424	5e+24	3.19998e+12	4.79978e+12	0	-0.467239	-4.9105	0	-5.19163e-09	-5.45713e-08	0
425	5e+24	3.39997e+12	2.18909e+08	0	-0.599914	4.86487	0	-6.66582e-09	5.40643e-08	0
426	5e+24	3.39997e+12	2.0015e+11	0	-0.651598	3.32416	0	-7.24005e-09	3.69369e-08	0
427	5e+24	3.39997e+12	4.00115e+11	0	-0.700534	2.55842	0	-7.78378e-09	2.84278e-08	0
428	5e+24	3.39997e+12	6.00092e+11	0	-0.745518	2.04703	0	-8.28361e-09	2.27452e-08	0
429	5e+24	3.39996e+12	8.00075e+11	0	-0.785761	1.66342	0	-8.73077e-09	1.84827e-08	0
430	5e+24	3.39996e+12	1.00006e+12	0	-0.820868	1.35611	0	-9.12085e-09	1.50681e-08	0
431	5e+24	3.39996e+12	1.20005e+12	0	-0.850742	1.09867	0	-9.45279e-09	1.22076e-08	0
432	5e+24	3.39996e+12	1.40004e+12	0	-0.875483	0.875483	0	-9.72771e-09	9.72771e-09	0
433	5e+24	3.39996e+12	1.60003e+12	0	-0.895292	0.676377	0	-9.94781e-09	7.51537e-09	0
434	5e+24	3.39996e+12	1.80002e+12	0	-0.910399	0.494183	0	-1.01157e-08	5.49097e-09	0
435	5e+24	3.39996e+12	2.00001e+12	0	-0.921017	0.323511	0	-1.02337e-08	3.5946e-09	0
436	5e+24	3.39996e+12	2.20001e+12	0	-0.927317	0.160027	0	-1.03037e-08	1.77809e-09	0
437	5e+24	3.39996e+12	2.4e+12	0	-0.929405	-3.12085e-15	0	-1.03269e-08	-7.40779e-23	0
438	5e+24	3.39996e+12	2.59999e+12	0	-0.927317	-0.160027	0	-1.03037e-08	-1.77809e-09	0
439	5e+24	3.39996e+12	2.79999e+12	0	-0.921017	-0.323511	0	-1.02337e-08	-3.5946e-09	0
440	5e+24	3.39996e+12	2.99998e+12	0	-0.910399	-0.494183	0	-1.01157e-08	-5.49097e-09	0
441	5e+24	3.39996e+12	3.19997e+12	0	-0.895292	-0.676377	0	-9.94781e-09	-7.51537e-09	0
442	5e+24	3.39996e+12	3.39996e+12	0	-0.875483	-0.875483	0	-9.72771e-09	-9.72771e-09	0
443	5e+24	3.39996e+12	3.59995e+12	0	-0.850742	-1.09867	0	-9.45279e-09	-1.22076e-08	0
444	5e+24	3.39996e+12	3.79994e+12	0	-0.820868	-1.35611	0	-9.12085e-09	-1.50681e-08	0
445	5e+24	3.39996e+12	3.99993e+12	0	-0.785761	-1.66342	0	-8.73077e-09	-1.84827e-08	0
446	5e+24	3.39997e+12	4.19991e+12	0	-0.745518	-2.04703	0	-8.28361e-09	-2.27452e-08	0
447	5e+24	3.39997e+12	4.39988e+12	0	-0.700534	-2.55842	0	-7.78378e-09	-2.84278e-08	0
448	5e+24	3.39997e+12	4.59985e+12	0	-0.651598	-3.32416	0	-7.24005e-09	-3.69369e-08	0
449	5e+24	3.39997e+12	4.79978e+12	0	-0.599914	-4.86487	0	-6.66582e-09	-5.40643e-08	0
450	5e+24	3.59997e+12	2.16181e+08	0	-0.745489	4.80426	0	-8.28336e-09	5.33909e-08	0
451	5e+24	3.59996e+12	2.00147e+11	0	-0.813508	3.26604	0	-9.03908e-09	3.62911e-08	0
452	5e+24	3.59996e+12	4.00113e+11	0	-0.877421	2.50448	0	-9.74921e-09	2.78284e-08	0
453	5e+24	3.59996e+12	6.0009e+11	0	-0.935512	1.99844	0	-1.03947e-08	2.22053e-08	0
454	5e+24	3.59996e+12	8.00073e+11	0	-0.986818	1.62079	0	-1.09648e-08	1.80091e-08	0
455	5e+24	3.59995e+12	1.00006e+12	0	-1.03101	1.31961	0	-1.14558e-08	1.46625e-08	0
456	5e+24	3.59995e+12	1.20005e+12	0	-1.06818	1.06818	0	-1.18688e-08	1.18688e-08	0
457	5e+24	3.59995e+12	1.40004e+12	0	-1.09867	0.850742	0	-1.22076e-08	9.45279e-09	0
458	5e+24	3.59995e+12	1.60003e+12	0	-1.12288	0.657063	0	-1.24766e-08	7.30077e-09	0
459	5e+24	3.59995e+12	1.80002e+12	0	-1.14124	0.479994	0	-1.26806e-08	5.33332e-09	0
460	5e+24	3.59995e+12	2.00001e+12	0	-1.15409	0.314199	0	-1.28234e-08	3.49112e-09	0
461	5e+24	3.59995e+12	2.20001e+12	0	-1.16169	0.155416	0	-1.29078e-08	1.72686e-09	0
462	5e+24	3.59995e+12	2.4e+12	0	-1.1642	4.65107e-16	0	-1.29358e-08	-3.76496e-23	0
463	5e+24	3.59995e+12	2.59999e+12	0	-1.16169	-0.155416	0	-1.29078e-08	-1.72686e-09	0
464	5e+24	3.59995e+12	2.79999e+12	0	-1.15409	-0.314199	0	-1.28234e-08	-3.49112e-09	0
465	5e+24	3.59995e+12	2.99998e+12	0	-1.14124	-0.479994	0	-1.26806e-08	-5.33332e-09	0
466	5e+24	3.59995e+12	3.19997e+12	0	-1.12288	-0.657063	0	-1.24766e-08	-7.30077e-09	0
467	5e+24	3.59995e+12	3.39996e+12	0	-1.09867	-0.850742	0	-1.22076e-08	-9.45279e-09	0
468	5e+24	3.59995e+12	3.59995e+12	0	-1.06818	-1.06818	0	-1.18688e-08	-1.18688e-08	0
469	5e+24	3.59995e+12	3.79994e+12	0	-1.03101	-1.31961	0	-1.14558e-08	-1.46625e-08	0
470	5e+24	3.59996e+12	3.99993e+12	0	-0.986818	-1.62079	0	-1.09648e-08	-1.80091e-08	0
471	5e+24	3.59996e+12	4.19991e+12	0	-0.935512	-1.99844	0	-1.03947e-08	-2.22053e-08	0
472	5e+24	3.59996e+12	4.39989e+12	0	-0.877421	-2.50448	0	-9.74921e-09	-2.78284e-08	0
473	5e+24	3.59996e+12	4.59985e+12	0	-0.813508	-3.26604	0	-9.03908e-09	-3.62911e-08	0
474	5e+24	3.59997e+12	4.79978e+12	0	-0.745489	-4.80426	0	-8.28336e-09	-5.33909e-08	0
475	5e+24	3.79996e+12	2.12591e+08	0	-0.909737	4.72447	0	-1.01084e-08	5.25044e-08	0
476	5e+24	3.79996e+12	2.00144e+11	0	-0.999049	3.19003	0	-1.11007e-08	3.54466e-08	0
477	5e+24	3.79995e+12	4.0011e+11	0	-1.08194	2.43484	0	-1.20217e-08	2.70545e-08	0
478	5e+24	3.79995e+12	6.00087e+11	0	-1.156	1.93665	0	-1.28446e-08	2.15188e-08	0
479	5e+24	3.79995e+12	8.00071e+11	0	-1.22021	1.56743	0	-1.35581e-08	1.74161e-08	0
480	5e+24	3.79994e+12	1.00006e+12	0	-1.27456	1.27456	0	-1.4162e-08	1.4162e-08	0
481	5e+24	3.79994e+12	1.20005e+12	0	-1.31961	1.03101	0	-1.46625e-08	1.14558e-08	0
482	5e+24	3.79994e+12	1.40004e+12	0	-1.35611	0.820868	0	-1.50681e-08	9.12085e-09	0
483	5e+24	3.79994e+12	1.60003e+12	0	-1.38483	0.633918	0	-1.53872e-08	7.0436e-09	0
484	5e+24	3.79994e+12	1.80002e+12	0	-1.40644	0.463086	0	-1.56274e-08	5.14545e-09	0
485	5e+24	3.79994e+12	2.00001e+12	0	-1.4215	0.303143	0	-1.57947e-08	3.36828e-09	0
486	5e+24	3.79994e+12	2.20001e+12	0	-1.43038	0.149953	0	-1.58933e-08	1.66616e-09	0
487	5e+24	3.79994e+12	2.4e+12	0	-1.43331	2.14632e-16	0	-1.59259e-08	-2.59786e-23	0
488	5e+24	3.79994e+12	2.59999e+12	0	-1.43038	-0.149953	0	-1.58933e-08	-1.66616e-09	0
489	5e+24	3.79994e+12	2.79999e+12	0	-1.4215	-0.303143	0	-1.57947e-08	-3.36828e-09	0
490	5e+24	3.79994e+12	2.99998e+12	0	-1.40644	-0.463086	0	-1.56274e-08	-5.14545e-09	0
491	5e+24	3.79994e+12	3.19997e+12	0	-1.38483	-0.633918	0	-1.53872e-08	-7.0436e-09	0
492	5e+24	3.79994e+12	3.39996e+12	0	-1.35611	-0.820868	0	-1.50681e-08	-9.12085e-09	0
493	5e+24	3.79994e+12	3.59995e+12	0	-1.31961	-1.03101	0	-1.46625e-08	-1.14558e-08	0
494	5e+24	3.79994e+12	3.79994e+12	0	-1.27456	-1.27456	0	-1.4162e-08	-1.4162e-08	0
495	5e+24	3.79995e+12	3.99993e+12	0	-1.22021	-1.56743	0	-1.35581e-08	-1.74161e-08	0
496	5e+24	3.79995e+12	4.19991e+12	0	-1.156	-1.93665	0	-1.28446e-08	-2.15188e-08	0
497	5e+24	3.79995e+12	4.39989e+12	0	-1.08194	-2.43484	0	-1.20217e-08	-2.70545e-08	0
498	5e+24	3.79996e+12	4.59986e+12	0	-0.999049	-3.19003	0	-1.11007e-08	-3.54466e-08	0
499	5e+24	3.79996e+12	4.79979e+12	0	-0.909737	-4.72447	0	-1.01084e-08	-5.25044e-08	0
500	5e+24	3.99995e+12	2.07828e+08	0	-1.10191	4.61863	0	-1.22438e-08	5.13284e-08	0
501	5e+24	3.99995e+12	2.00139e+11	0	-1.22067	3.09039	0	-1.35631e-08	3.43394e-08	0
502	5e+24	3.99994e+12	4.00106e+11	0	-1.32863	2.34534	0	-1.47627e-08	2.60601e-08	0
503	5e+24	3.99994e+12	6.00084e+11	0	-1.42254	1.85905	0	-1.58063e-08	2.06566e-08	0
504	5e+24	3.99993e+12	8.00068e+11	0	-1.50183	1.50183	0	-1.66873e-08	1.66873e-08	0
505	5e+24	3.99993e+12	1.00005e+12	0	-1.56743	1.22021	0	-1.74161e-08	1.35581e-08	0
506	5e+24	3.99993e+12	1.20004e+12	0	-1.62079	0.986818	0	-1.80091e-08	1.09648e-08	0
507	5e+24	3.99993e+12	1.40004e+12	0	-1.66342	0.785761	0	-1.84827e-08	8.73077e-09	0
508	5e+24	3.99992e+12	1.60003e+12	0	-1.69661	0.606953	0	-1.88515e-08	6.74398e-09	0
509	5e+24	3.99992e+12	1.80002e+12	0	-1.7214	0.443508	0	-1.9127e-08	4.92791e-09	0
510	5e+24	3.99992e+12	2.00001e+12	0	-1.73857	0.290394	0	-1.93178e-08	3.22663e-09	0
511	5e+24	3.99992e+12	2.20001e+12	0	-1.74866	0.143669	0	-1.943e-08	1.59633e-09	0
512	5e+24	3.99992e+12	2.4e+12	0	-1.75199	-8.10509e-16	0	-1.9467e-08	-2.52096e-23	0
513	5e+24	3.99992e+12	2.59999e+12	0	-1.74866	-0.143669	0	-1.943e-08	-1.59633e-09	0
514	5e+24	3.99992e+12	2.79999e+12	0	-1.73857	-0.290394	0	-1.93178e-08	-3.22663e-09	0
515	5e+24	3.99992e+12	2.99998e+12	0	-1.7214	-0.443508	0	-1.9127e-08	-4.92791e-09	0
516	5e+24	3.99992e+12	3.19997e+12	0	-1.69661	-0.606953	0	-1.88515e-08	-6.74398e-09	0
517	5e+24	3.99993e+12	3.39996e+12	0	-1.66342	-0.785761	0	-1.84827e-08	-8.73077e-09	0
518	5e+24	3.99993e+12	3.59996e+12	0	-1.62079	-0.986818	0	-1.80091e-08	-1.09648e-08	0
519	5e+24	3.99993e+12	3.79995e+12	0	-1.56743	-1.22021	0	-1.74161e-08	-1.35581e-08	0
520	5e+24	3.99993e+12	3.99993e+12	0	-1.50183	-1.50183	0	-1.66873e-08	-1.66873e-08	0
521	5e+24	3.99994e+12	4.19992e+12	0	-1.42254	-1.85905	0	-1.58063e-08	-2.06566e-08	0
522	5e+24	3.99994e+12	4.39989e+12	0	-1.32863	-2.34534	0	-1.47627e-08	-2.60601e-08	0
523	5e+24	3.99995e+12	4.59986e+12	0	-1.22067	-3.09039	0	-1.35631e-08	-3.43394e-08	0
524	5e+24	3.99995e+12	4.79979e+12	0	-1.10191	-4.61863	0	-1.22438e-08	-5.13284e-08	0
525	5e+24	4.19994e+12	2.01348e+08	0	-1.33864	4.47463	0	-1.48741e-08	4.97284e-08	0
526	5e+24	4.19993e+12	2.00133e+11	0	-1.50124	2.95771	0	-1.66807e-08	3.28652e-08	0
527	5e+24	4.19993e+12	4.001e+11	0	-1.6437	2.23008	0	-1.82637e-08	2.47793e-08	0
528	5e+24	4.19992e+12	6.00079e+11	0	-1.76247	1.76247	0	-1.95834e-08	1.95834e-08	0
529	5e+24	4.19992e+12	8.00064e+11	0	-1.85905	1.42254	0	-2.06566e-08	1.58063e-08	0
530	5e+24	4.19991e+12	1.00005e+12	0	-1.93665	1.156	0	-2.15188e-08	1.28446e-08	0
531	5e+24	4.19991e+12	1.20004e+12	0	-1.99844	0.935512	0	-2.22053e-08	1.03947e-08	0
532	5e+24	4.19991e+12	1.40003e+12	0	-2.04703	0.745518	0	-2.27452e-08	8.28361e-09	0
533	5e+24	4.19991e+12	1.60003e+12	0	-2.08444	0.576325	0	-2.31609e-08	6.40366e-09	0
534	5e+24	4.1999e+12	1.80002e+12	0	-2.11217	0.421411	0	-2.3469e-08	4.68238e-09	0
535	5e+24	4.1999e+12	2.00001e+12	0	-2.13128	0.276066	0	-2.36814e-08	3.06742e-09	0
536	5e+24	4.1999e+12	2.20001e+12	0	-2.14247	0.136623	0	-2.38058e-08	1.51804e-09	0
537	5e+24	4.1999e+12	2.4e+12	0	-2.14616	-3.05852e-17	0	-2.38468e-08	-2.13516e-23	0
538	5e+24	4.1999e+12	2.59999e+12	0	-2.14247	-0.136623	0	-2.38058e-08	-1.51804e-09	0
539	5e+24	4.1999e+12	2.79999e+12	0	-2.13128	-0.276066	0	-2.36814e-08	-3.06742e-09	0
540	5e+24	4.1999e+12	2.99998e+12	0	-2.11217	-0.421411	0	-2.3469e-08	-4.68238e-09	0
541	5e+24	4.19991e+12	3.19997e+12	0	-2.08444	-0.576325	0	-2.31609e-08	-6.40366e-09	0
542	5e+24	4.19991e+12	3.39997e+12	0	-2.04703	-0.745518	0	-2.27452e-08	-8.28361e-09	0
543	5e+24	4.19991e+12	3.59996e+12	0	-1.99844	-0.935512	0	-2.22053e-08	-1.03947e-08	0
544	5e+24	4.19991e+12	3.79995e+12	0	-1.93665	-1.156	0	-2.15188e-08	-1.28446e-08	0
545	5e+24	4.19992e+12	3.99994e+12	0	-1.85905	-1.42254	0	-2.06566e-08	-1.58063e-08	0
546	5e+24	4.19992e+12	4.19992e+12	0	-1.76247	-1.76247	0	-1.95834e-08	-1.95834e-08	0
547	5e+24	4.19993e+12	4.3999e+12	0	-1.6437	-2.23008	0	-1.82637e-08	-2.47793e-08	0
548	5e+24	4.19993e+12	4.59987e+12	0	-1.50124	-2.95771	0	-1.66807e-08	-3.28652e-08	0
549	5e+24	4.19994e+12	4.7998e+12	0	-1.33864	-4.47463	0	-1.48741e-08	-4.97284e-08	0
550	5e+24	4.39993e+12	1.9207e+08	0	-1.65495	4.26844	0	-1.8389e-08	4.74374e-08	0
551	5e+24	4.39991e+12	2.00125e+11	0	-1.8897	2.77595	0	-2.09971e-08	3.08455e-08	0
552	5e+24	4.39991e+12	4.00094e+11	0	-2.08106	2.08106	0	-2.31235e-08	2.31235e-08	0
553	5e+24	4.3999e+12	6.00074e+11	0	-2.23008	1.6437	0	-2.47793e-08	1.82637e-08	0
554	5e+24	4.39989e+12	8.0006e+11	0	-2.34534	1.32863	0	-2.60601e-08	1.47627e-08	0
555	5e+24	4.39989e+12	1.00005e+12	0	-2.43484	1.08194	0	-2.70545e-08	1.20217e-08	0
556	5e+24	4.39989e+12	1.20004e+12	0	-2.50448	0.877421	0	-2.78284e-08	9.74921e-09	0
557	5e+24	4.39988e+12	1.40003e+12	0	-2.55842	0.700534	0	-2.84278e-08	7.78378e-09	0
558	5e+24	4.39988e+12	1.60002e+12	0	-2.59953	0.54239	0	-2.88845e-08	6.02661e-09	0
559	5e+24	4.39988e+12	1.80002e+12	0	-2.62978	0.397076	0	-2.92207e-08	4.41199e-09	0
560	5e+24	4.39988e+12	2.00001e+12	0	-2.65054	0.260346	0	-2.94513e-08	2.89276e-09	0
561	5e+24	4.39988e+12	2.20001e+12	0	-2.66267	0.128909	0	-2.9586e-08	1.43233e-09	0
562	5e+24	4.39988e+12	2.4e+12	0	-2.66666	7.12143e-16	0	-2.96304e-08	-1.74871e-23	0
563	5e+24	4.39988e+12	2.59999e+12	0	-2.66267	-0.128909	0	-2.9586e-08	-1.43233e-09	0
564	5e+24	4.39988e+12	2.79999e+12	0	-2.65054	-0.260346	0	-2.94513e-08	-2.89276e-09	0
565	5e+24	4.39988e+12	2.99998e+12	0	-2.62978	-0.397076	0	-2.92207e-08	-4.41199e-09	0
566	5e+24	4.39988e+12	3.19998e+12	0	-2.59953	-0.54239	0	-2.88845e-08	-6.02661e-09	0
567	5e+24	4.39988e+12	3.39997e+12	0	-2.55842	-0.700534	0	-2.84278e-08	-7.78378e-09	0
568	5e+24	4.39989e+12	3.59996e+12	0	-2.50448	-0.877421	0	-2.78284e-08	-9.74921e-09	0
569	5e+24	4.39989e+12	3.79995e+12	0	-2.43484	-1.08194	0	-2.70545e-08	-1.20217e-08	0
570	5e+24	4.39989e+12	3.99994e+12	0	-2.34534	-1.32863	0	-2.60601e-08	-1.47627e-08	0
571	5e+24	4.3999e+12	4.19993e+12	0	-2.23008	-1.6437	0	-2.47793e-08	-1.82637e-08	0
572	5e+24	4.39991e+12	4.39991e+12	0	-2.08106	-2.08106	0	-2.31235e-08	-2.31235e-08	0
573	5e+24	4.39991e+12	4.59988e+12	0	-1.8897	-2.77595	0	-2.09971e-08	-3.08455e-08	0
574	5e+24	4.39993e+12	4.79981e+12	0	-1.65495	-4.26844	0	-1.8389e-08	-4.74374e-08	0
575	5e+24	4.5999e+12	1.77381e+08	0	-2.14753	3.94203	0	-2.38625e-08	4.38101e-08	0
576	5e+24	4.59989e+12	2.00113e+11	0	-2.51743	2.51743	0	-2.79728e-08	2.79728e-08	0
577	5e+24	4.59988e+12	4.00085e+11	0	-2.77595	1.8897	0	-3.08455e-08	2.09971e-08	0
578	5e+24	4.59987e+12	6.00068e+11	0	-2.95771	1.50124	0	-3.28652e-08	1.66807e-08	0
579	5e+24	4.59986e+12	8.00055e+11	0	-3.09039	1.22067	0	-3.43394e-08	1.35631e-08	0
580	5e+24	4.59986e+12	1.00004e+12	0	-3.19003	0.999049	0	-3.54466e-08	1.11007e-08	0
581	5e+24	4.59985e+12	1.20004e+12	0	-3.26604	0.813508	0	-3.62911e-08	9.03908e-09	0
582	5e+24	4.59985e+12	1.40003e+12	0	-3.32416	0.651598	0	-3.69369e-08	7.24005e-09	0
583	5e+24	4.59985e+12	1.60002e+12	0	-3.3681	0.505749	0	-3.74252e-08	5.61949e-09	0
584	5e+24	4.59985e+12	1.80002e+12	0	-3.40028	0.370929	0	-3.77826e-08	4.12147e-09	0
585	5e+24	4.59985e+12	2.00001e+12	0	-3.42228	0.243509	0	-3.80271e-08	2.70568e-09	0
586	5e+24	4.59985e+12	2.20001e+12	0	-3.43511	0.120661	0	-3.81696e-08	1.34069e-09	0
587	5e+24	4.59985e+12	2.4e+12	0	-3.43932	-1.81197e-15	0	-3.82165e-08	-7.56289e-23	0
588	5e+24	4.59985e+12	2.59999e+12	0	-3.43511	-0.120661	0	-3.81696e-08	-1.34069e-09	0
589	5e+24	4.59985e+12	2.79999e+12	0	-3.42228	-0.243509	0	-3.80271e-08	-2.70568e-09	0
590	5e+24	4.59985e+12	2.99998e+12	0	-3.40028	-0.370929	0	-3.77826e-08	-4.12147e-09	0
591	5e+24	4.59985e+12	3.19998e+12	0	-3.3681	-0.505749	0	-3.74252e-08	-5.61949e-09	0
592	5e+24	4.59985e+12	3.39997e+12	0	-3.32416	-0.651598	0	-3.69369e-08	-7.24005e-09	0
593	5e+24	4.59985e+12	3.59996e+12	0	-3.26604	-0.813508	0	-3.62911e-08	-9.03908e-09	0
594	5e+24	4.59986e+12	3.79996e+12	0	-3.19003	-0.999049	0	-3.54466e-08	-1.11007e-08	0
595	5e+24	4.59986e+12	3.99995e+12	0	-3.09039	-1.22067	0	-3.43394e-08	-1.35631e-08	0
596	5e+24	4.59987e+12	4.19993e+12	0	-2.95771	-1.50124	0	-3.28652e-08	-1.66807e-08	0
597	5e+24	4.59988e+12	4.39991e+12	0	-2.77595	-1.8897	0	-3.08455e-08	-2.09971e-08	0
598	5e+24	4.59989e+12	4.59989e+12	0	-2.51743	-2.51743	0	-2.79728e-08	-2.79728e-08	0
599	5e+24	4.5999e+12	4.79982e+12	0	-2.14753	-3.94203	0	-2.38625e-08	-4.38101e-08	0
600	5e+24	4.79985e+12	1.48753e+08	0	-3.30581	3.30581	0	-3.67394e-08	3.67394e-08	0
601	5e+24	4.79982e+12	2.00097e+11	0	-3.94203	2.14753	0	-4.38101e-08	2.38625e-08	0
602	5e+24	4.79981e+12	4.00074e+11	0	-4.26844	1.65495	0	-4.74374e-08	1.8389e-08	0
603	5e+24	4.7998e+12	6.0006e+11	0	-4.47463	1.33864	0	-4.97284e-08	1.48741e-08	0
604	5e+24	4.79979e+12	8.0005e+11	0	-4.61863	1.10191	0	-5.13284e-08	1.22438e-08	0
605	5e+24	4.79979e+12	1.00004e+12	0	-4.72447	0.909737	0	-5.25044e-08	1.01084e-08	0
606	5e+24	4.79978e+12	1.20003e+12	0	-4.80426	0.745489	0	-5.33909e-08	8.28336e-09	0
607	5e+24	4.79978e+12	1.40003e+12	0	-4.86487	0.599914	0	-5.40643e-08	6.66582e-09	0
608	5e+24	4.79978e+12	1.60002e+12	0	-4.9105	0.467239	0	-5.45713e-08	5.19163e-09	0
609	5e+24	4.79978e+12	1.80002e+12	0	-4.94382	0.343533	0	-5.49415e-08	3.81709e-09	0
610	5e+24	4.79978e+12	2.00001e+12	0	-4.96656	0.2259	0	-5.51942e-08	2.51004e-09	0
611	5e+24	4.79978e+12	2.20001e+12	0	-4.97982	0.112043	0	-5.53415e-08	1.24494e-09	0
612	5e+24	4.79978e+12	2.4e+12	0	-4.98417	-4.16436e-15	0	-5.53898e-08	-9.48608e-23	0
613	5e+24	4.79978e+12	2.59999e+12	0	-4.97982	-0.112043	0	-5.53415e-08	-1.24494e-09	0
614	5e+24	4.79978e+12	2.79999e+12	0	-4.96656	-0.2259	0	-5.51942e-08	-2.51004e-09	0
615	5e+24	4.79978e+12	2.99998e+12	0	-4.94382	-0.343533	0	-5.49415e-08	-3.81709e-09	0
616	5e+24	4.79978e+12	3.19998e+12	0	-4.9105	-0.467239	0	-5.45713e-08	-5.19163e-09	0
617	5e+24	4.79978e+12	3.39997e+12	0	-4.86487	-0.599914	0	-5.40643e-08	-6.66582e-09	0
618	5e+24	4.79978e+12	3.59997e+12	0	-4.80426	-0.745489	0	-5.33909e-08	-8.28336e-09	0
619	5e+24	4.79979e+12	3.79996e+12	0	-4.72447	-0.909737	0	-5.25044e-08	-1.01084e-08	0
620	5e+24	4.79979e+12	3.99995e+12	0	-4.61863	-1.10191	0	-5.13284e-08	-1.22438e-08	0
621	5e+24	4.7998e+12	4.19994e+12	0	-4.47463	-1.33864	0	-4.97284e-08	-1.48741e-08	0
622	5e+24	4.79981e+12	4.39993e+12	0	-4.26844	-1.65495	0	-4.74374e-08	-1.8389e-08	0
623	5e+24	4.79982e+12	4.5999e+12	0	-3.94203	-2.14753	0	-4.38101e-08	-2.38625e-08	0
624	5e+24	4.79985e+12	4.79985e+12	0	-3.30581	-3.30581	0	-3.67394e-08	-3.67394e-08	0
