16
0	5e+24	9010.31	9010.31	0	0.00300344	0.00300344	0	5.00573e-10	5.00573e-10	0
1	5e+24	10985.2	1.25e+12	0	0.00366174	0.000717524	0	6.10291e-10	1.19587e-10	0
2	5e+24	10985.2	2.5e+12	0	0.00366174	-0.000717524	0	6.10291e-10	-1.19587e-10	0
3	5e+24	9010.31	3.75e+12	0	0.00300344	-0.00300344	0	5.00573e-10	-5.00573e-10	0
4	5e+24	1.25e+12	10985.2	0	0.000717524	0.00366174	0	1.19587e-10	6.10291e-10	0
5	5e+24	1.25e+12	1.25e+12	0	0.000892075	0.000892075	0	1.48679e-10	1.48679e-10	0
6	5e+24	1.25e+12	2.5e+12	0	0.000892075	-0.000892075	0	1.48679e-10	-1.48679e-10	0
7	5e+24	1.25e+12	3.75e+12	0	0.000717524	-0.00366174	0	1.19587e-10	-6.10291e-10	0
8	5e+24	2.5e+12	10985.2	0	-0.000717524	0.00366174	0	-1.19587e-10	6.10291e-10	0
9	5e+24	2.5e+12	1.25e+12	0	-0.000892075	0.000892075	0	-1.48679e-10	1.48679e-10	0
10	5e+24	2.5e+12	2.5e+12	0	-0.000892075	-0.000892075	0	-1.48679e-10	-1.48679e-10	0
11	5e+24	2.5e+12	3.75e+12	0	-0.000717524	-0.00366174	0	-1.19587e-10	-6.10291e-10	0
12	5e+24	3.75e+12	9010.31	0	-0.00300344	0.00300344	0	-5.00573e-10	5.00573e-10	0
13	5e+24	3.75e+12	1.25e+12	0	-0.00366174	0.000717524	0	-6.10291e-10	1.19587e-10	0
14	5e+24	3.75e+12	2.5e+12	0	-0.00366174	-0.000717524	0	-6.10291e-10	-1.19587e-10	0
15	5e+24	3.75e+12	3.75e+12	0	-0.00300344	-0.00300344	0	-5.00573e-10	-5.00573e-10	0
