25
0	5e+24	175051	175051	0	0.0175051	0.0175051	0	8.75253e-10	8.75253e-10	0
1	5e+24	215205	1e+12	0	0.0215205	0.00611059	0	1.07603e-09	3.0553e-10	0
2	5e+24	224614	2e+12	0	0.0224614	1.88998e-17	0	1.12307e-09	8.25565e-25	0
3	5e+24	215205	3e+12	0	0.0215205	-0.00611059	0	1.07603e-09	-3.0553e-10	0
4	5e+24	175051	4e+12	0	0.0175051	-0.0175051	0	8.75253e-10	-8.75253e-10	0
5	5e+24	1e+12	215205	0	0.00611059	0.0215205	0	3.0553e-10	1.07603e-09	0
6	5e+24	1e+12	1e+12	0	0.00762823	0.00762823	0	3.81412e-10	3.81412e-10	0
7	5e+24	1e+12	2e+12	0	0.00809835	1.07128e-17	0	4.04917e-10	2.94037e-25	0
8	5e+24	1e+12	3e+12	0	0.00762823	-0.00762823	0	3.81412e-10	-3.81412e-10	0
9	5e+24	1e+12	4e+12	0	0.00611059	-0.0215205	0	3.0553e-10	-1.07603e-09	0
10	5e+24	2e+12	224614	0	1.8786e-17	0.0224614	0	8.54646e-25	1.12307e-09	0
11	5e+24	2e+12	1e+12	0	1.06762e-17	0.00809835	0	3.71585e-25	4.04917e-10	0
12	5e+24	2e+12	2e+12	0	2.77956e-18	2.74768e-18	0	2.1972e-25	1.35709e-25	0
13	5e+24	2e+12	3e+12	0	1.07512e-17	-0.00809835	0	3.10193e-25	-4.04917e-10	0
14	5e+24	2e+12	4e+12	0	1.88143e-17	-0.0224614	0	8.40105e-25	-1.12307e-09	0
15	5e+24	3e+12	215205	0	-0.00611059	0.0215205	0	-3.0553e-10	1.07603e-09	0
16	5e+24	3e+12	1e+12	0	-0.00762823	0.00762823	0	-3.81412e-10	3.81412e-10	0
17	5e+24	3e+12	2e+12	0	-0.00809835	1.07852e-17	0	-4.04917e-10	2.45569e-25	0
18	5e+24	3e+12	3e+12	0	-0.00762823	-0.00762823	0	-3.81412e-10	-3.81412e-10	0
19	5e+24	3e+12	4e+12	0	-0.00611059	-0.0215205	0	-3.0553e-10	-1.07603e-09	0
20	5e+24	4e+12	175051	0	-0.0175051	0.0175051	0	-8.75253e-10	8.75253e-10	0
21	5e+24	4e+12	1e+12	0	-0.0215205	0.00611059	0	-1.07603e-09	3.0553e-10	0
22	5e+24	4e+12	2e+12	0	-0.0224614	1.88944e-17	0	-1.12307e-09	8.01331e-25	0
23	5e+24	4e+12	3e+12	0	-0.0215205	-0.00611059	0	-1.07603e-09	-3.0553e-10	0
24	5e+24	4e+12	4e+12	0	-0.0175051	-0.0175051	0	-8.75253e-10	-8.75253e-10	0
