25
0	5e+24	3938.64	3938.64	0	0.00262576	0.00262576	0	8.75253e-10	8.75253e-10	0
1	5e+24	4842.12	1e+12	0	0.00322808	0.000916589	0	1.07603e-09	3.0553e-10	0
2	5e+24	5053.82	2e+12	0	0.00336921	2.48679e-18	0	1.12307e-09	1.4928e-24	0
3	5e+24	4842.12	3e+12	0	0.00322808	-0.000916589	0	1.07603e-09	-3.0553e-10	0
4	5e+24	3938.64	4e+12	0	0.00262576	-0.00262576	0	8.75253e-10	-8.75253e-10	0
5	5e+24	1e+12	4842.12	0	0.000916589	0.00322808	0	3.0553e-10	1.07603e-09	0
6	5e+24	1e+12	1e+12	0	0.00114423	0.00114423	0	3.81412e-10	3.81412e-10	0
7	5e+24	1e+12	2e+12	0	0.00121475	1.40785e-18	0	4.04917e-10	8.01331e-25	0
8	5e+24	1e+12	3e+12	0	0.00114423	-0.00114423	0	3.81412e-10	-3.81412e-10	0
9	5e+24	1e+12	4e+12	0	0.000916589	-0.00322808	0	3.0553e-10	-1.07603e-09	0
10	5e+24	2e+12	5053.82	0	2.4495e-18	0.00336921	0	1.4928e-24	1.12307e-09	0
11	5e+24	2e+12	1e+12	0	1.43211e-18	0.00121475	0	7.22167e-25	4.04917e-10	0
12	5e+24	2e+12	2e+12	0	1.98071e-19	1.64144e-19	0	2.1972e-25	2.58494e-25	0
13	5e+24	2e+12	3e+12	0	1.41418e-18	-0.00121475	0	6.85009e-25	-4.04917e-10	0
14	5e+24	2e+12	4e+12	0	2.4824e-18	-0.00336921	0	1.73191e-24	-1.12307e-09	0
15	5e+24	3e+12	4842.12	0	-0.000916589	0.00322808	0	-3.0553e-10	1.07603e-09	0
16	5e+24	3e+12	1e+12	0	-0.00114423	0.00114423	0	-3.81412e-10	3.81412e-10	0
17	5e+24	3e+12	2e+12	0	-0.00121475	1.40018e-18	0	-4.04917e-10	7.62557e-25	0
18	5e+24	3e+12	3e+12	0	-0.00114423	-0.00114423	0	-3.81412e-10	-3.81412e-10	0
19	5e+24	3e+12	4e+12	0	-0.000916589	-0.00322808	0	-3.0553e-10	-1.07603e-09	0
20	5e+24	4e+12	3938.64	0	-0.00262576	0.00262576	0	-8.75253e-10	8.75253e-10	0
21	5e+24	4e+12	1e+12	0	-0.00322808	0.000916589	0	-1.07603e-09	3.0553e-10	0
22	5e+24	4e+12	2e+12	0	-0.00336921	2.49554e-18	0	-1.12307e-09	1.55096e-24	0
23	5e+24	4e+12	3e+12	0	-0.00322808	-0.000916589	0	-1.07603e-09	-3.0553e-10	0
24	5e+24	4e+12	4e+12	0	-0.00262576	-0.00262576	0	-8.75253e-10	-8.75253e-10	0
