25
0	5e+24	7002.02	7002.02	0	0.00350101	0.00350101	0	8.75253e-10	8.75253e-10	0
1	5e+24	8608.21	1e+12	0	0.0043041	0.00122212	0	1.07603e-09	3.0553e-10	0
2	5e+24	8984.57	2e+12	0	0.00449229	4.16506e-18	0	1.12307e-09	1.58004e-24	0
3	5e+24	8608.21	3e+12	0	0.0043041	-0.00122212	0	1.07603e-09	-3.0553e-10	0
4	5e+24	7002.02	4e+12	0	0.00350101	-0.00350101	0	8.75253e-10	-8.75253e-10	0
5	5e+24	1e+12	8608.21	0	0.00122212	0.0043041	0	3.0553e-10	1.07603e-09	0
6	5e+24	1e+12	1e+12	0	0.00152565	0.00152565	0	3.81412e-10	3.81412e-10	0
7	5e+24	1e+12	2e+12	0	0.00161967	2.10597e-18	0	4.04917e-10	5.89689e-25	0
8	5e+24	1e+12	3e+12	0	0.00152565	-0.00152565	0	3.81412e-10	-3.81412e-10	0
9	5e+24	1e+12	4e+12	0	0.00122212	-0.0043041	0	3.0553e-10	-1.07603e-09	0
10	5e+24	2e+12	8984.57	0	4.11977e-18	0.00449229	0	1.60751e-24	1.12307e-09	0
11	5e+24	2e+12	1e+12	0	2.12579e-18	0.00161967	0	5.47684e-25	4.04917e-10	0
12	5e+24	2e+12	2e+12	0	3.7934e-19	3.39704e-19	0	2.39107e-25	2.58494e-25	0
13	5e+24	2e+12	3e+12	0	2.11663e-18	-0.00161967	0	5.94536e-25	-4.04917e-10	0
14	5e+24	2e+12	4e+12	0	4.15723e-18	-0.00449229	0	1.53804e-24	-1.12307e-09	0
15	5e+24	3e+12	8608.21	0	-0.00122212	0.0043041	0	-3.0553e-10	1.07603e-09	0
16	5e+24	3e+12	1e+12	0	-0.00152565	0.00152565	0	-3.81412e-10	3.81412e-10	0
17	5e+24	3e+12	2e+12	0	-0.00161967	2.09854e-18	0	-4.04917e-10	6.07461e-25	0
18	5e+24	3e+12	3e+12	0	-0.00152565	-0.00152565	0	-3.81412e-10	-3.81412e-10	0
19	5e+24	3e+12	4e+12	0	-0.00122212	-0.0043041	0	-3.0553e-10	-1.07603e-09	0
20	5e+24	4e+12	7002.02	0	-0.00350101	0.00350101	0	-8.75253e-10	8.75253e-10	0
21	5e+24	4e+12	1e+12	0	-0.0043041	0.00122212	0	-1.07603e-09	3.0553e-10	0
22	5e+24	4e+12	2e+12	0	-0.00449229	4.17726e-18	0	-1.12307e-09	1.51219e-24	0
23	5e+24	4e+12	3e+12	0	-0.0043041	-0.00122212	0	-1.07603e-09	-3.0553e-10	0
24	5e+24	4e+12	4e+12	0	-0.00350101	-0.00350101	0	-8.75253e-10	-8.75253e-10	0
