25
0	5e+24	1.09407e+06	1.09407e+06	0	0.0437627	0.0437627	0	8.75254e-10	8.75254e-10	0
1	5e+24	1.34503e+06	1e+12	0	0.0538013	0.0152765	0	1.07603e-09	3.0553e-10	0
2	5e+24	1.40384e+06	2e+12	0	0.0561536	4.00744e-17	0	1.12307e-09	1.90962e-24	0
3	5e+24	1.34503e+06	3e+12	0	0.0538013	-0.0152765	0	1.07603e-09	-3.0553e-10	0
4	5e+24	1.09407e+06	4e+12	0	0.0437627	-0.0437627	0	8.75254e-10	-8.75254e-10	0
5	5e+24	1e+12	1.34503e+06	0	0.0152765	0.0538013	0	3.0553e-10	1.07603e-09	0
6	5e+24	1e+12	1e+12	0	0.0190706	0.0190706	0	3.81412e-10	3.81412e-10	0
7	5e+24	1e+12	2e+12	0	0.0202459	1.92969e-17	0	4.04918e-10	2.31029e-25	0
8	5e+24	1e+12	3e+12	0	0.0190706	-0.0190706	0	3.81412e-10	-3.81412e-10	0
9	5e+24	1e+12	4e+12	0	0.0152765	-0.0538013	0	3.0553e-10	-1.07603e-09	0
10	5e+24	2e+12	1.40384e+06	0	3.9891e-17	0.0561536	0	1.85631e-24	1.12307e-09	0
11	5e+24	2e+12	1e+12	0	1.92028e-17	0.0202459	0	1.89024e-25	4.04918e-10	0
12	5e+24	2e+12	2e+12	0	1.29173e-17	1.29763e-17	0	4.65289e-25	5.10526e-25	0
13	5e+24	2e+12	3e+12	0	1.95324e-17	-0.0202459	0	1.68021e-25	-4.04918e-10	0
14	5e+24	2e+12	4e+12	0	4.00125e-17	-0.0561536	0	1.87408e-24	-1.12307e-09	0
15	5e+24	3e+12	1.34503e+06	0	-0.0152765	0.0538013	0	-3.0553e-10	1.07603e-09	0
16	5e+24	3e+12	1e+12	0	-0.0190706	0.0190706	0	-3.81412e-10	3.81412e-10	0
17	5e+24	3e+12	2e+12	0	-0.0202459	1.94665e-17	0	-4.04918e-10	1.80946e-25	0
18	5e+24	3e+12	3e+12	0	-0.0190706	-0.0190706	0	-3.81412e-10	-3.81412e-10	0
19	5e+24	3e+12	4e+12	0	-0.0152765	-0.0538013	0	-3.0553e-10	-1.07603e-09	0
20	5e+24	4e+12	1.09407e+06	0	-0.0437627	0.0437627	0	-8.75254e-10	8.75254e-10	0
21	5e+24	4e+12	1e+12	0	-0.0538013	0.0152765	0	-1.07603e-09	3.0553e-10	0
22	5e+24	4e+12	2e+12	0	-0.0561536	4.0075e-17	0	-1.12307e-09	1.86116e-24	0
23	5e+24	4e+12	3e+12	0	-0.0538013	-0.0152765	0	-1.07603e-09	-3.0553e-10	0
24	5e+24	4e+12	4e+12	0	-0.0437627	-0.0437627	0	-8.75254e-10	-8.75254e-10	0
