25
0	5e+24	2.14437e+06	2.14437e+06	0	0.0612678	0.0612678	0	8.75255e-10	8.75255e-10	0
1	5e+24	2.63626e+06	1e+12	0	0.0753219	0.0213871	0	1.07603e-09	3.0553e-10	0
2	5e+24	2.75153e+06	2e+12	0	0.0786151	2.2786e-17	0	1.12307e-09	-5.57378e-25	0
3	5e+24	2.63626e+06	3e+12	0	0.0753219	-0.0213871	0	1.07603e-09	-3.0553e-10	0
4	5e+24	2.14437e+06	4e+12	0	0.0612678	-0.0612678	0	8.75255e-10	-8.75255e-10	0
5	5e+24	1e+12	2.63626e+06	0	0.0213871	0.0753219	0	3.0553e-10	1.07603e-09	0
6	5e+24	1e+12	1e+12	0	0.0266988	0.0266988	0	3.81412e-10	3.81412e-10	0
7	5e+24	1e+12	2e+12	0	0.0283442	2.08736e-17	0	4.04918e-10	-3.39273e-26	0
8	5e+24	1e+12	3e+12	0	0.0266988	-0.0266988	0	3.81412e-10	-3.81412e-10	0
9	5e+24	1e+12	4e+12	0	0.0213871	-0.0753219	0	3.0553e-10	-1.07603e-09	0
10	5e+24	2e+12	2.75153e+06	0	2.24842e-17	0.0786151	0	-5.71918e-25	1.12307e-09	0
11	5e+24	2e+12	1e+12	0	2.07527e-17	0.0283442	0	-1.48634e-25	4.04918e-10	0
12	5e+24	2e+12	2e+12	0	2.29381e-18	2.40044e-18	0	-9.30578e-25	-9.88739e-25	0
13	5e+24	2e+12	3e+12	0	2.11289e-17	-0.0283442	0	-1.03398e-25	-4.04918e-10	0
14	5e+24	2e+12	4e+12	0	2.26477e-17	-0.0786151	0	-5.29913e-25	-1.12307e-09	0
15	5e+24	3e+12	2.63626e+06	0	-0.0213871	0.0753219	0	-3.0553e-10	1.07603e-09	0
16	5e+24	3e+12	1e+12	0	-0.0266988	0.0266988	0	-3.81412e-10	3.81412e-10	0
17	5e+24	3e+12	2e+12	0	-0.0283442	2.098e-17	0	-4.04918e-10	-1.03398e-25	0
18	5e+24	3e+12	3e+12	0	-0.0266988	-0.0266988	0	-3.81412e-10	-3.81412e-10	0
19	5e+24	3e+12	4e+12	0	-0.0213871	-0.0753219	0	-3.0553e-10	-1.07603e-09	0
20	5e+24	4e+12	2.14437e+06	0	-0.0612678	0.0612678	0	-8.75255e-10	8.75255e-10	0
21	5e+24	4e+12	1e+12	0	-0.0753219	0.0213871	0	-1.07603e-09	3.0553e-10	0
22	5e+24	4e+12	2e+12	0	-0.0786151	2.27294e-17	0	-1.12307e-09	-5.29913e-25	0
23	5e+24	4e+12	3e+12	0	-0.0753219	-0.0213871	0	-1.07603e-09	-3.0553e-10	0
24	5e+24	4e+12	4e+12	0	-0.0612678	-0.0612678	0	-8.75255e-10	-8.75255e-10	0
