25
0	5e+24	2.80081e+06	2.80081e+06	0	0.0700203	0.0700203	0	8.75256e-10	8.75256e-10	0
1	5e+24	3.44328e+06	1e+12	0	0.0860822	0.0244424	0	1.07603e-09	3.0553e-10	0
2	5e+24	3.59383e+06	2e+12	0	0.0898458	-2.26301e-18	0	1.12308e-09	-4.51557e-24	0
3	5e+24	3.44328e+06	3e+12	0	0.0860822	-0.0244424	0	1.07603e-09	-3.0553e-10	0
4	5e+24	2.80081e+06	4e+12	0	0.0700203	-0.0700203	0	8.75256e-10	-8.75256e-10	0
5	5e+24	1e+12	3.44328e+06	0	0.0244424	0.0860822	0	3.0553e-10	1.07603e-09	0
6	5e+24	1e+12	1e+12	0	0.0305129	0.0305129	0	3.81412e-10	3.81412e-10	0
7	5e+24	1e+12	2e+12	0	0.0323934	1.95431e-17	0	4.04918e-10	-2.08411e-25	0
8	5e+24	1e+12	3e+12	0	0.0305129	-0.0305129	0	3.81412e-10	-3.81412e-10	0
9	5e+24	1e+12	4e+12	0	0.0244424	-0.0860822	0	3.0553e-10	-1.07603e-09	0
10	5e+24	2e+12	3.59383e+06	0	-2.57457e-18	0.0898458	0	-4.53495e-24	1.12308e-09	0
11	5e+24	2e+12	1e+12	0	1.94087e-17	0.0323934	0	-1.59943e-25	4.04918e-10	0
12	5e+24	2e+12	2e+12	0	-5.91262e-18	-5.88978e-18	0	-7.56095e-25	-6.97934e-25	0
13	5e+24	2e+12	3e+12	0	1.97099e-17	-0.0323934	0	-1.16322e-25	-4.04918e-10	0
14	5e+24	2e+12	4e+12	0	-2.43674e-18	-0.0898458	0	-4.60119e-24	-1.12308e-09	0
15	5e+24	3e+12	3.44328e+06	0	-0.0244424	0.0860822	0	-3.0553e-10	1.07603e-09	0
16	5e+24	3e+12	1e+12	0	-0.0305129	0.0305129	0	-3.81412e-10	3.81412e-10	0
17	5e+24	3e+12	2e+12	0	-0.0323934	1.9658e-17	0	-4.04918e-10	-1.42172e-25	0
18	5e+24	3e+12	3e+12	0	-0.0305129	-0.0305129	0	-3.81412e-10	-3.81412e-10	0
19	5e+24	3e+12	4e+12	0	-0.0244424	-0.0860822	0	-3.0553e-10	-1.07603e-09	0
20	5e+24	4e+12	2.80081e+06	0	-0.0700203	0.0700203	0	-8.75256e-10	8.75256e-10	0
21	5e+24	4e+12	1e+12	0	-0.0860822	0.0244424	0	-1.07603e-09	3.0553e-10	0
22	5e+24	4e+12	2e+12	0	-0.0898458	-2.31977e-18	0	-1.12308e-09	-4.54949e-24	0
23	5e+24	4e+12	3e+12	0	-0.0860822	-0.0244424	0	-1.07603e-09	-3.0553e-10	0
24	5e+24	4e+12	4e+12	0	-0.0700203	-0.0700203	0	-8.75256e-10	-8.75256e-10	0
