25
0	5e+24	35447.7	35447.7	0	0.00787728	0.00787728	0	8.75253e-10	8.75253e-10	0
1	5e+24	43579	1e+12	0	0.00968423	0.00274977	0	1.07603e-09	3.0553e-10	0
2	5e+24	45484.4	2e+12	0	0.0101076	8.1872e-18	0	1.12307e-09	1.00005e-24	0
3	5e+24	43579	3e+12	0	0.00968423	-0.00274977	0	1.07603e-09	-3.0553e-10	0
4	5e+24	35447.7	4e+12	0	0.00787728	-0.00787728	0	8.75253e-10	-8.75253e-10	0
5	5e+24	1e+12	43579	0	0.00274977	0.00968423	0	3.0553e-10	1.07603e-09	0
6	5e+24	1e+12	1e+12	0	0.0034327	0.0034327	0	3.81412e-10	3.81412e-10	0
7	5e+24	1e+12	2e+12	0	0.00364426	5.55727e-18	0	4.04917e-10	3.94203e-25	0
8	5e+24	1e+12	3e+12	0	0.0034327	-0.0034327	0	3.81412e-10	-3.81412e-10	0
9	5e+24	1e+12	4e+12	0	0.00274977	-0.00968423	0	3.0553e-10	-1.07603e-09	0
10	5e+24	2e+12	45484.4	0	8.12078e-18	0.0101076	0	1.08729e-24	1.12307e-09	0
11	5e+24	2e+12	1e+12	0	5.59639e-18	0.00364426	0	3.37658e-25	4.04917e-10	0
12	5e+24	2e+12	2e+12	0	1.82443e-18	1.78716e-18	0	3.10193e-25	3.42504e-25	0
13	5e+24	2e+12	3e+12	0	5.56301e-18	-0.00364426	0	5.81611e-25	-4.04917e-10	0
14	5e+24	2e+12	4e+12	0	8.21386e-18	-0.0101076	0	7.10858e-25	-1.12307e-09	0
15	5e+24	3e+12	43579	0	-0.00274977	0.00968423	0	-3.0553e-10	1.07603e-09	0
16	5e+24	3e+12	1e+12	0	-0.0034327	0.0034327	0	-3.81412e-10	3.81412e-10	0
17	5e+24	3e+12	2e+12	0	-0.00364426	5.60049e-18	0	-4.04917e-10	3.87741e-25	0
18	5e+24	3e+12	3e+12	0	-0.0034327	-0.0034327	0	-3.81412e-10	-3.81412e-10	0
19	5e+24	3e+12	4e+12	0	-0.00274977	-0.00968423	0	-3.0553e-10	-1.07603e-09	0
20	5e+24	4e+12	35447.7	0	-0.00787728	0.00787728	0	-8.75253e-10	8.75253e-10	0
21	5e+24	4e+12	1e+12	0	-0.00968423	0.00274977	0	-1.07603e-09	3.0553e-10	0
22	5e+24	4e+12	2e+12	0	-0.0101076	8.213e-18	0	-1.12307e-09	8.01331e-25	0
23	5e+24	4e+12	3e+12	0	-0.00968423	-0.00274977	0	-1.07603e-09	-3.0553e-10	0
24	5e+24	4e+12	4e+12	0	-0.00787728	-0.00787728	0	-8.75253e-10	-8.75253e-10	0
