400
0	5e+24	400667	400667	0	0.133556	0.133556	0	2.22593e-08	2.22593e-08	0
1	5e+24	480766	2.5e+11	0	0.160255	0.083894	0	2.67092e-08	1.39823e-08	0
2	5e+24	521154	5e+11	0	0.173718	0.0625975	0	2.8953e-08	1.04329e-08	0
3	5e+24	546080	7.5e+11	0	0.182027	0.0487873	0	3.03378e-08	8.13121e-09	0
4	5e+24	562959	1e+12	0	0.187653	0.03833	0	3.12755e-08	6.38833e-09	0
5	5e+24	574844	1.25e+12	0	0.191615	0.0297187	0	3.19358e-08	4.95311e-09	0
6	5e+24	583256	1.5e+12	0	0.194419	0.0222298	0	3.24031e-08	3.70496e-09	0
7	5e+24	589035	1.75e+12	0	0.196345	0.01545	0	3.27242e-08	2.575e-09	0
8	5e+24	592667	2e+12	0	0.197556	0.00910981	0	3.2926e-08	1.5183e-09	0
9	5e+24	594421	2.25e+12	0	0.19814	0.00301091	0	3.30234e-08	5.01819e-10	0
10	5e+24	594421	2.5e+12	0	0.19814	-0.00301091	0	3.30234e-08	-5.01819e-10	0
11	5e+24	592667	2.75e+12	0	0.197556	-0.00910981	0	3.2926e-08	-1.5183e-09	0
12	5e+24	589035	3e+12	0	0.196345	-0.01545	0	3.27242e-08	-2.575e-09	0
13	5e+24	583256	3.25e+12	0	0.194419	-0.0222298	0	3.24031e-08	-3.70496e-09	0
14	5e+24	574844	3.5e+12	0	0.191615	-0.0297187	0	3.19358e-08	-4.95311e-09	0
15	5e+24	562959	3.75e+12	0	0.187653	-0.03833	0	3.12755e-08	-6.38833e-09	0
16	5e+24	546080	4e+12	0	0.182027	-0.0487873	0	3.03378e-08	-8.13121e-09	0
17	5e+24	521154	4.25e+12	0	0.173718	-0.0625975	0	2.8953e-08	-1.04329e-08	0
18	5e+24	480766	4.5e+12	0	0.160255	-0.083894	0	2.67092e-08	-1.39823e-08	0
19	5e+24	400667	4.75e+12	0	0.133556	-0.133556	0	2.22593e-08	-2.22593e-08	0
20	5e+24	2.5e+11	480766	0	0.083894	0.160255	0	1.39823e-08	2.67092e-08	0
21	5e+24	2.5e+11	2.5e+11	0	0.0992148	0.0992148	0	1.65358e-08	1.65358e-08	0
22	5e+24	2.5e+11	5e+11	0	0.109764	0.0721305	0	1.8294e-08	1.20217e-08	0
23	5e+24	2.5e+11	7.5e+11	0	0.117018	0.0552172	0	1.95029e-08	9.20287e-09	0
24	5e+24	2.5e+11	1e+12	0	0.122151	0.0428583	0	2.03585e-08	7.14305e-09	0
25	5e+24	2.5e+11	1.25e+12	0	0.125843	0.0329523	0	2.09739e-08	5.49206e-09	0
26	5e+24	2.5e+11	1.5e+12	0	0.128486	0.0245056	0	2.14143e-08	4.08427e-09	0
27	5e+24	2.5e+11	1.75e+12	0	0.130313	0.0169648	0	2.17188e-08	2.82747e-09	0
28	5e+24	2.5e+11	2e+12	0	0.131465	0.00997853	0	2.19108e-08	1.66309e-09	0
29	5e+24	2.5e+11	2.25e+12	0	0.132022	0.00329416	0	2.20037e-08	5.49027e-10	0
30	5e+24	2.5e+11	2.5e+12	0	0.132022	-0.00329416	0	2.20037e-08	-5.49027e-10	0
31	5e+24	2.5e+11	2.75e+12	0	0.131465	-0.00997853	0	2.19108e-08	-1.66309e-09	0
32	5e+24	2.5e+11	3e+12	0	0.130313	-0.0169648	0	2.17188e-08	-2.82747e-09	0
33	5e+24	2.5e+11	3.25e+12	0	0.128486	-0.0245056	0	2.14143e-08	-4.08427e-09	0
34	5e+24	2.5e+11	3.5e+12	0	0.125843	-0.0329523	0	2.09739e-08	-5.49206e-09	0
35	5e+24	2.5e+11	3.75e+12	0	0.122151	-0.0428583	0	2.03585e-08	-7.14305e-09	0
36	5e+24	2.5e+11	4e+12	0	0.117018	-0.0552172	0	1.95029e-08	-9.20287e-09	0
37	5e+24	2.5e+11	4.25e+12	0	0.109764	-0.0721305	0	1.8294e-08	-1.20217e-08	0
38	5e+24	2.5e+11	4.5e+12	0	0.0992148	-0.0992148	0	1.65358e-08	-1.65358e-08	0
39	5e+24	2.5e+11	4.75e+12	0	0.083894	-0.160255	0	1.39823e-08	-2.67092e-08	0
40	5e+24	5e+11	521154	0	0.0625975	0.173718	0	1.04329e-08	2.8953e-08	0
41	5e+24	5e+11	2.5e+11	0	0.0721305	0.109764	0	1.20217e-08	1.8294e-08	0
42	5e+24	5e+11	5e+11	0	0.079797	0.079797	0	1.32995e-08	1.32995e-08	0
43	5e+24	5e+11	7.5e+11	0	0.0856394	0.0607764	0	1.42732e-08	1.01294e-08	0
44	5e+24	5e+11	1e+12	0	0.0900211	0.0469197	0	1.50035e-08	7.81995e-09	0
45	5e+24	5e+11	1.25e+12	0	0.0932779	0.0359113	0	1.55463e-08	5.98522e-09	0
46	5e+24	5e+11	1.5e+12	0	0.0956541	0.0266122	0	1.59424e-08	4.43537e-09	0
47	5e+24	5e+11	1.75e+12	0	0.0973158	0.0183764	0	1.62193e-08	3.06273e-09	0
48	5e+24	5e+11	2e+12	0	0.0983704	0.010791	0	1.63951e-08	1.79851e-09	0
49	5e+24	5e+11	2.25e+12	0	0.0988827	0.00355952	0	1.64804e-08	5.93253e-10	0
50	5e+24	5e+11	2.5e+12	0	0.0988827	-0.00355952	0	1.64804e-08	-5.93253e-10	0
51	5e+24	5e+11	2.75e+12	0	0.0983704	-0.010791	0	1.63951e-08	-1.79851e-09	0
52	5e+24	5e+11	3e+12	0	0.0973158	-0.0183764	0	1.62193e-08	-3.06273e-09	0
53	5e+24	5e+11	3.25e+12	0	0.0956541	-0.0266122	0	1.59424e-08	-4.43537e-09	0
54	5e+24	5e+11	3.5e+12	0	0.0932779	-0.0359113	0	1.55463e-08	-5.98522e-09	0
55	5e+24	5e+11	3.75e+12	0	0.0900211	-0.0469197	0	1.50035e-08	-7.81995e-09	0
56	5e+24	5e+11	4e+12	0	0.0856394	-0.0607764	0	1.42732e-08	-1.01294e-08	0
57	5e+24	5e+11	4.25e+12	0	0.079797	-0.079797	0	1.32995e-08	-1.32995e-08	0
58	5e+24	5e+11	4.5e+12	0	0.0721305	-0.109764	0	1.20217e-08	-1.8294e-08	0
59	5e+24	5e+11	4.75e+12	0	0.0625975	-0.173718	0	1.04329e-08	-2.8953e-08	0
60	5e+24	7.5e+11	546080	0	0.0487873	0.182027	0	8.13121e-09	3.03378e-08	0
61	5e+24	7.5e+11	2.5e+11	0	0.0552172	0.117018	0	9.20287e-09	1.95029e-08	0
62	5e+24	7.5e+11	5e+11	0	0.0607764	0.0856394	0	1.01294e-08	1.42732e-08	0
63	5e+24	7.5e+11	7.5e+11	0	0.0653124	0.0653124	0	1.08854e-08	1.08854e-08	0
64	5e+24	7.5e+11	1e+12	0	0.0688881	0.050376	0	1.14813e-08	8.39601e-09	0
65	5e+24	7.5e+11	1.25e+12	0	0.0716358	0.0384955	0	1.19393e-08	6.41592e-09	0
66	5e+24	7.5e+11	1.5e+12	0	0.0736845	0.0284816	0	1.22807e-08	4.74694e-09	0
67	5e+24	7.5e+11	1.75e+12	0	0.0751369	0.0196414	0	1.25228e-08	3.27356e-09	0
68	5e+24	7.5e+11	2e+12	0	0.0760666	0.0115233	0	1.26778e-08	1.92054e-09	0
69	5e+24	7.5e+11	2.25e+12	0	0.0765202	0.00379927	0	1.27534e-08	6.33212e-10	0
70	5e+24	7.5e+11	2.5e+12	0	0.0765202	-0.00379927	0	1.27534e-08	-6.33212e-10	0
71	5e+24	7.5e+11	2.75e+12	0	0.0760666	-0.0115233	0	1.26778e-08	-1.92054e-09	0
72	5e+24	7.5e+11	3e+12	0	0.0751369	-0.0196414	0	1.25228e-08	-3.27356e-09	0
73	5e+24	7.5e+11	3.25e+12	0	0.0736845	-0.0284816	0	1.22807e-08	-4.74694e-09	0
74	5e+24	7.5e+11	3.5e+12	0	0.0716358	-0.0384955	0	1.19393e-08	-6.41592e-09	0
75	5e+24	7.5e+11	3.75e+12	0	0.0688881	-0.050376	0	1.14813e-08	-8.39601e-09	0
76	5e+24	7.5e+11	4e+12	0	0.0653124	-0.0653124	0	1.08854e-08	-1.08854e-08	0
77	5e+24	7.5e+11	4.25e+12	0	0.0607764	-0.0856394	0	1.01294e-08	-1.42732e-08	0
78	5e+24	7.5e+11	4.5e+12	0	0.0552172	-0.117018	0	9.20287e-09	-1.95029e-08	0
79	5e+24	7.5e+11	4.75e+12	0	0.0487873	-0.182027	0	8.13121e-09	-3.03378e-08	0
80	5e+24	1e+12	562959	0	0.03833	0.187653	0	6.38833e-09	3.12755e-08	0
81	5e+24	1e+12	2.5e+11	0	0.0428583	0.122151	0	7.14305e-09	2.03585e-08	0
82	5e+24	1e+12	5e+11	0	0.0469197	0.0900211	0	7.81995e-09	1.50035e-08	0
83	5e+24	1e+12	7.5e+11	0	0.050376	0.0688881	0	8.39601e-09	1.14813e-08	0
84	5e+24	1e+12	1e+12	0	0.0532024	0.0532024	0	8.86706e-09	8.86706e-09	0
85	5e+24	1e+12	1.25e+12	0	0.055436	0.0406628	0	9.23933e-09	6.77714e-09	0
86	5e+24	1e+12	1.5e+12	0	0.0571351	0.0300762	0	9.52251e-09	5.01271e-09	0
87	5e+24	1e+12	1.75e+12	0	0.0583562	0.0207322	0	9.72603e-09	3.45536e-09	0
88	5e+24	1e+12	2e+12	0	0.0591446	0.0121588	0	9.85744e-09	2.02647e-09	0
89	5e+24	1e+12	2.25e+12	0	0.0595312	0.004008	0	9.92186e-09	6.67999e-10	0
90	5e+24	1e+12	2.5e+12	0	0.0595312	-0.004008	0	9.92186e-09	-6.67999e-10	0
91	5e+24	1e+12	2.75e+12	0	0.0591446	-0.0121588	0	9.85744e-09	-2.02647e-09	0
92	5e+24	1e+12	3e+12	0	0.0583562	-0.0207322	0	9.72603e-09	-3.45536e-09	0
93	5e+24	1e+12	3.25e+12	0	0.0571351	-0.0300762	0	9.52251e-09	-5.01271e-09	0
94	5e+24	1e+12	3.5e+12	0	0.055436	-0.0406628	0	9.23933e-09	-6.77714e-09	0
95	5e+24	1e+12	3.75e+12	0	0.0532024	-0.0532024	0	8.86706e-09	-8.86706e-09	0
96	5e+24	1e+12	4e+12	0	0.050376	-0.0688881	0	8.39601e-09	-1.14813e-08	0
97	5e+24	1e+12	4.25e+12	0	0.0469197	-0.0900211	0	7.81995e-09	-1.50035e-08	0
98	5e+24	1e+12	4.5e+12	0	0.0428583	-0.122151	0	7.14305e-09	-2.03585e-08	0
99	5e+24	1e+12	4.75e+12	0	0.03833	-0.187653	0	6.38833e-09	-3.12755e-08	0
100	5e+24	1.25e+12	574844	0	0.0297187	0.191615	0	4.95311e-09	3.19358e-08	0
101	5e+24	1.25e+12	2.5e+11	0	0.0329523	0.125843	0	5.49206e-09	2.09739e-08	0
102	5e+24	1.25e+12	5e+11	0	0.0359113	0.0932779	0	5.98522e-09	1.55463e-08	0
103	5e+24	1.25e+12	7.5e+11	0	0.0384955	0.0716358	0	6.41592e-09	1.19393e-08	0
104	5e+24	1.25e+12	1e+12	0	0.0406628	0.055436	0	6.77714e-09	9.23933e-09	0
105	5e+24	1.25e+12	1.25e+12	0	0.0424127	0.0424127	0	7.06878e-09	7.06878e-09	0
106	5e+24	1.25e+12	1.5e+12	0	0.043766	0.0313836	0	7.29433e-09	5.23061e-09	0
107	5e+24	1.25e+12	1.75e+12	0	0.0447502	0.0216359	0	7.45837e-09	3.60598e-09	0
108	5e+24	1.25e+12	2e+12	0	0.0453908	0.0126887	0	7.56513e-09	2.11478e-09	0
109	5e+24	1.25e+12	2.25e+12	0	0.0457062	0.00418255	0	7.61771e-09	6.97091e-10	0
110	5e+24	1.25e+12	2.5e+12	0	0.0457062	-0.00418255	0	7.61771e-09	-6.97091e-10	0
111	5e+24	1.25e+12	2.75e+12	0	0.0453908	-0.0126887	0	7.56513e-09	-2.11478e-09	0
112	5e+24	1.25e+12	3e+12	0	0.0447502	-0.0216359	0	7.45837e-09	-3.60598e-09	0
113	5e+24	1.25e+12	3.25e+12	0	0.043766	-0.0313836	0	7.29433e-09	-5.23061e-09	0
114	5e+24	1.25e+12	3.5e+12	0	0.0424127	-0.0424127	0	7.06878e-09	-7.06878e-09	0
115	5e+24	1.25e+12	3.75e+12	0	0.0406628	-0.055436	0	6.77714e-09	-9.23933e-09	0
116	5e+24	1.25e+12	4e+12	0	0.0384955	-0.0716358	0	6.41592e-09	-1.19393e-08	0
117	5e+24	1.25e+12	4.25e+12	0	0.0359113	-0.0932779	0	5.98522e-09	-1.55463e-08	0
118	5e+24	1.25e+12	4.5e+12	0	0.0329523	-0.125843	0	5.49206e-09	-2.09739e-08	0
119	5e+24	1.25e+12	4.75e+12	0	0.0297187	-0.191615	0	4.95311e-09	-3.19358e-08	0
120	5e+24	1.5e+12	583256	0	0.0222298	0.194419	0	3.70496e-09	3.24031e-08	0
121	5e+24	1.5e+12	2.5e+11	0	0.0245056	0.128486	0	4.08427e-09	2.14143e-08	0
122	5e+24	1.5e+12	5e+11	0	0.0266122	0.0956541	0	4.43537e-09	1.59424e-08	0
123	5e+24	1.5e+12	7.5e+11	0	0.0284816	0.0736845	0	4.74694e-09	1.22807e-08	0
124	5e+24	1.5e+12	1e+12	0	0.0300762	0.0571351	0	5.01271e-09	9.52251e-09	0
125	5e+24	1.5e+12	1.25e+12	0	0.0313836	0.043766	0	5.23061e-09	7.29433e-09	0
126	5e+24	1.5e+12	1.5e+12	0	0.0324076	0.0324076	0	5.40126e-09	5.40126e-09	0
127	5e+24	1.5e+12	1.75e+12	0	0.0331594	0.02235	0	5.52657e-09	3.72499e-09	0
128	5e+24	1.5e+12	2e+12	0	0.0336519	0.0131097	0	5.60865e-09	2.18496e-09	0
129	5e+24	1.5e+12	2.25e+12	0	0.0338954	0.00432163	0	5.64923e-09	7.20271e-10	0
130	5e+24	1.5e+12	2.5e+12	0	0.0338954	-0.00432163	0	5.64923e-09	-7.20271e-10	0
131	5e+24	1.5e+12	2.75e+12	0	0.0336519	-0.0131097	0	5.60865e-09	-2.18496e-09	0
132	5e+24	1.5e+12	3e+12	0	0.0331594	-0.02235	0	5.52657e-09	-3.72499e-09	0
133	5e+24	1.5e+12	3.25e+12	0	0.0324076	-0.0324076	0	5.40126e-09	-5.40126e-09	0
134	5e+24	1.5e+12	3.5e+12	0	0.0313836	-0.043766	0	5.23061e-09	-7.29433e-09	0
135	5e+24	1.5e+12	3.75e+12	0	0.0300762	-0.0571351	0	5.01271e-09	-9.52251e-09	0
136	5e+24	1.5e+12	4e+12	0	0.0284816	-0.0736845	0	4.74694e-09	-1.22807e-08	0
137	5e+24	1.5e+12	4.25e+12	0	0.0266122	-0.0956541	0	4.43537e-09	-1.59424e-08	0
138	5e+24	1.5e+12	4.5e+12	0	0.0245056	-0.128486	0	4.08427e-09	-2.14143e-08	0
139	5e+24	1.5e+12	4.75e+12	0	0.0222298	-0.194419	0	3.70496e-09	-3.24031e-08	0
140	5e+24	1.75e+12	589035	0	0.01545	0.196345	0	2.575e-09	3.27242e-08	0
141	5e+24	1.75e+12	2.5e+11	0	0.0169648	0.130313	0	2.82747e-09	2.17188e-08	0
142	5e+24	1.75e+12	5e+11	0	0.0183764	0.0973158	0	3.06273e-09	1.62193e-08	0
143	5e+24	1.75e+12	7.5e+11	0	0.0196414	0.0751369	0	3.27356e-09	1.25228e-08	0
144	5e+24	1.75e+12	1e+12	0	0.0207322	0.0583562	0	3.45536e-09	9.72603e-09	0
145	5e+24	1.75e+12	1.25e+12	0	0.0216359	0.0447502	0	3.60598e-09	7.45837e-09	0
146	5e+24	1.75e+12	1.5e+12	0	0.02235	0.0331594	0	3.72499e-09	5.52657e-09	0
147	5e+24	1.75e+12	1.75e+12	0	0.0228779	0.0228779	0	3.81299e-09	3.81299e-09	0
148	5e+24	1.75e+12	2e+12	0	0.0232255	0.0134225	0	3.87092e-09	2.23708e-09	0
149	5e+24	1.75e+12	2.25e+12	0	0.0233978	0.00442515	0	3.89964e-09	7.37526e-10	0
150	5e+24	1.75e+12	2.5e+12	0	0.0233978	-0.00442515	0	3.89964e-09	-7.37526e-10	0
151	5e+24	1.75e+12	2.75e+12	0	0.0232255	-0.0134225	0	3.87092e-09	-2.23708e-09	0
152	5e+24	1.75e+12	3e+12	0	0.0228779	-0.0228779	0	3.81299e-09	-3.81299e-09	0
153	5e+24	1.75e+12	3.25e+12	0	0.02235	-0.0331594	0	3.72499e-09	-5.52657e-09	0
154	5e+24	1.75e+12	3.5e+12	0	0.0216359	-0.0447502	0	3.60598e-09	-7.45837e-09	0
155	5e+24	1.75e+12	3.75e+12	0	0.0207322	-0.0583562	0	3.45536e-09	-9.72603e-09	0
156	5e+24	1.75e+12	4e+12	0	0.0196414	-0.0751369	0	3.27356e-09	-1.25228e-08	0
157	5e+24	1.75e+12	4.25e+12	0	0.0183764	-0.0973158	0	3.06273e-09	-1.62193e-08	0
158	5e+24	1.75e+12	4.5e+12	0	0.0169648	-0.130313	0	2.82747e-09	-2.17188e-08	0
159	5e+24	1.75e+12	4.75e+12	0	0.01545	-0.196345	0	2.575e-09	-3.27242e-08	0
160	5e+24	2e+12	592667	0	0.00910981	0.197556	0	1.5183e-09	3.2926e-08	0
161	5e+24	2e+12	2.5e+11	0	0.00997853	0.131465	0	1.66309e-09	2.19108e-08	0
162	5e+24	2e+12	5e+11	0	0.010791	0.0983704	0	1.79851e-09	1.63951e-08	0
163	5e+24	2e+12	7.5e+11	0	0.0115233	0.0760666	0	1.92054e-09	1.26778e-08	0
164	5e+24	2e+12	1e+12	0	0.0121588	0.0591446	0	2.02647e-09	9.85744e-09	0
165	5e+24	2e+12	1.25e+12	0	0.0126887	0.0453908	0	2.11478e-09	7.56513e-09	0
166	5e+24	2e+12	1.5e+12	0	0.0131097	0.0336519	0	2.18496e-09	5.60865e-09	0
167	5e+24	2e+12	1.75e+12	0	0.0134225	0.0232255	0	2.23708e-09	3.87092e-09	0
168	5e+24	2e+12	2e+12	0	0.013629	0.013629	0	2.2715e-09	2.2715e-09	0
169	5e+24	2e+12	2.25e+12	0	0.0137316	0.00449364	0	2.2886e-09	7.48939e-10	0
170	5e+24	2e+12	2.5e+12	0	0.0137316	-0.00449364	0	2.2886e-09	-7.48939e-10	0
171	5e+24	2e+12	2.75e+12	0	0.013629	-0.013629	0	2.2715e-09	-2.2715e-09	0
172	5e+24	2e+12	3e+12	0	0.0134225	-0.0232255	0	2.23708e-09	-3.87092e-09	0
173	5e+24	2e+12	3.25e+12	0	0.0131097	-0.0336519	0	2.18496e-09	-5.60865e-09	0
174	5e+24	2e+12	3.5e+12	0	0.0126887	-0.0453908	0	2.11478e-09	-7.56513e-09	0
175	5e+24	2e+12	3.75e+12	0	0.0121588	-0.0591446	0	2.02647e-09	-9.85744e-09	0
176	5e+24	2e+12	4e+12	0	0.0115233	-0.0760666	0	1.92054e-09	-1.26778e-08	0
177	5e+24	2e+12	4.25e+12	0	0.010791	-0.0983704	0	1.79851e-09	-1.63951e-08	0
178	5e+24	2e+12	4.5e+12	0	0.00997853	-0.131465	0	1.66309e-09	-2.19108e-08	0
179	5e+24	2e+12	4.75e+12	0	0.00910981	-0.197556	0	1.5183e-09	-3.2926e-08	0
180	5e+24	2.25e+12	594421	0	0.00301091	0.19814	0	5.01819e-10	3.30234e-08	0
181	5e+24	2.25e+12	2.5e+11	0	0.00329416	0.132022	0	5.49027e-10	2.20037e-08	0
182	5e+24	2.25e+12	5e+11	0	0.00355952	0.0988827	0	5.93253e-10	1.64804e-08	0
183	5e+24	2.25e+12	7.5e+11	0	0.00379927	0.0765202	0	6.33212e-10	1.27534e-08	0
184	5e+24	2.25e+12	1e+12	0	0.004008	0.0595312	0	6.67999e-10	9.92186e-09	0
185	5e+24	2.25e+12	1.25e+12	0	0.00418255	0.0457062	0	6.97091e-10	7.61771e-09	0
186	5e+24	2.25e+12	1.5e+12	0	0.00432163	0.0338954	0	7.20271e-10	5.64923e-09	0
187	5e+24	2.25e+12	1.75e+12	0	0.00442515	0.0233978	0	7.37526e-10	3.89964e-09	0
188	5e+24	2.25e+12	2e+12	0	0.00449364	0.0137316	0	7.48939e-10	2.2886e-09	0
189	5e+24	2.25e+12	2.25e+12	0	0.00452768	0.00452768	0	7.54614e-10	7.54614e-10	0
190	5e+24	2.25e+12	2.5e+12	0	0.00452768	-0.00452768	0	7.54614e-10	-7.54614e-10	0
191	5e+24	2.25e+12	2.75e+12	0	0.00449364	-0.0137316	0	7.48939e-10	-2.2886e-09	0
192	5e+24	2.25e+12	3e+12	0	0.00442515	-0.0233978	0	7.37526e-10	-3.89964e-09	0
193	5e+24	2.25e+12	3.25e+12	0	0.00432163	-0.0338954	0	7.20271e-10	-5.64923e-09	0
194	5e+24	2.25e+12	3.5e+12	0	0.00418255	-0.0457062	0	6.97091e-10	-7.61771e-09	0
195	5e+24	2.25e+12	3.75e+12	0	0.004008	-0.0595312	0	6.67999e-10	-9.92186e-09	0
196	5e+24	2.25e+12	4e+12	0	0.00379927	-0.0765202	0	6.33212e-10	-1.27534e-08	0
197	5e+24	2.25e+12	4.25e+12	0	0.00355952	-0.0988827	0	5.93253e-10	-1.64804e-08	0
198	5e+24	2.25e+12	4.5e+12	0	0.00329416	-0.132022	0	5.49027e-10	-2.20037e-08	0
199	5e+24	2.25e+12	4.75e+12	0	0.00301091	-0.19814	0	5.01819e-10	-3.30234e-08	0
200	5e+24	2.5e+12	594421	0	-0.00301091	0.19814	0	-5.01819e-10	3.30234e-08	0
201	5e+24	2.5e+12	2.5e+11	0	-0.00329416	0.132022	0	-5.49027e-10	2.20037e-08	0
202	5e+24	2.5e+12	5e+11	0	-0.00355952	0.0988827	0	-5.93253e-10	1.64804e-08	0
203	5e+24	2.5e+12	7.5e+11	0	-0.00379927	0.0765202	0	-6.33212e-10	1.27534e-08	0
204	5e+24	2.5e+12	1e+12	0	-0.004008	0.0595312	0	-6.67999e-10	9.92186e-09	0
205	5e+24	2.5e+12	1.25e+12	0	-0.00418255	0.0457062	0	-6.97091e-10	7.61771e-09	0
206	5e+24	2.5e+12	1.5e+12	0	-0.00432163	0.0338954	0	-7.20271e-10	5.64923e-09	0
207	5e+24	2.5e+12	1.75e+12	0	-0.00442515	0.0233978	0	-7.37526e-10	3.89964e-09	0
208	5e+24	2.5e+12	2e+12	0	-0.00449364	0.0137316	0	-7.48939e-10	2.2886e-09	0
209	5e+24	2.5e+12	2.25e+12	0	-0.00452768	0.00452768	0	-7.54614e-10	7.54614e-10	0
210	5e+24	2.5e+12	2.5e+12	0	-0.00452768	-0.00452768	0	-7.54614e-10	-7.54614e-10	0
211	5e+24	2.5e+12	2.75e+12	0	-0.00449364	-0.0137316	0	-7.48939e-10	-2.2886e-09	0
212	5e+24	2.5e+12	3e+12	0	-0.00442515	-0.0233978	0	-7.37526e-10	-3.89964e-09	0
213	5e+24	2.5e+12	3.25e+12	0	-0.00432163	-0.0338954	0	-7.20271e-10	-5.64923e-09	0
214	5e+24	2.5e+12	3.5e+12	0	-0.00418255	-0.0457062	0	-6.97091e-10	-7.61771e-09	0
215	5e+24	2.5e+12	3.75e+12	0	-0.004008	-0.0595312	0	-6.67999e-10	-9.92186e-09	0
216	5e+24	2.5e+12	4e+12	0	-0.00379927	-0.0765202	0	-6.33212e-10	-1.27534e-08	0
217	5e+24	2.5e+12	4.25e+12	0	-0.00355952	-0.0988827	0	-5.93253e-10	-1.64804e-08	0
218	5e+24	2.5e+12	4.5e+12	0	-0.00329416	-0.132022	0	-5.49027e-10	-2.20037e-08	0
219	5e+24	2.5e+12	4.75e+12	0	-0.00301091	-0.19814	0	-5.01819e-10	-3.30234e-08	0
220	5e+24	2.75e+12	592667	0	-0.00910981	0.197556	0	-1.5183e-09	3.2926e-08	0
221	5e+24	2.75e+12	2.5e+11	0	-0.00997853	0.131465	0	-1.66309e-09	2.19108e-08	0
222	5e+24	2.75e+12	5e+11	0	-0.010791	0.0983704	0	-1.79851e-09	1.63951e-08	0
223	5e+24	2.75e+12	7.5e+11	0	-0.0115233	0.0760666	0	-1.92054e-09	1.26778e-08	0
224	5e+24	2.75e+12	1e+12	0	-0.0121588	0.0591446	0	-2.02647e-09	9.85744e-09	0
225	5e+24	2.75e+12	1.25e+12	0	-0.0126887	0.0453908	0	-2.11478e-09	7.56513e-09	0
226	5e+24	2.75e+12	1.5e+12	0	-0.0131097	0.0336519	0	-2.18496e-09	5.60865e-09	0
227	5e+24	2.75e+12	1.75e+12	0	-0.0134225	0.0232255	0	-2.23708e-09	3.87092e-09	0
228	5e+24	2.75e+12	2e+12	0	-0.013629	0.013629	0	-2.2715e-09	2.2715e-09	0
229	5e+24	2.75e+12	2.25e+12	0	-0.0137316	0.00449364	0	-2.2886e-09	7.48939e-10	0
230	5e+24	2.75e+12	2.5e+12	0	-0.0137316	-0.00449364	0	-2.2886e-09	-7.48939e-10	0
231	5e+24	2.75e+12	2.75e+12	0	-0.013629	-0.013629	0	-2.2715e-09	-2.2715e-09	0
232	5e+24	2.75e+12	3e+12	0	-0.0134225	-0.0232255	0	-2.23708e-09	-3.87092e-09	0
233	5e+24	2.75e+12	3.25e+12	0	-0.0131097	-0.0336519	0	-2.18496e-09	-5.60865e-09	0
234	5e+24	2.75e+12	3.5e+12	0	-0.0126887	-0.0453908	0	-2.11478e-09	-7.56513e-09	0
235	5e+24	2.75e+12	3.75e+12	0	-0.0121588	-0.0591446	0	-2.02647e-09	-9.85744e-09	0
236	5e+24	2.75e+12	4e+12	0	-0.0115233	-0.0760666	0	-1.92054e-09	-1.26778e-08	0
237	5e+24	2.75e+12	4.25e+12	0	-0.010791	-0.0983704	0	-1.79851e-09	-1.63951e-08	0
238	5e+24	2.75e+12	4.5e+12	0	-0.00997853	-0.131465	0	-1.66309e-09	-2.19108e-08	0
239	5e+24	2.75e+12	4.75e+12	0	-0.00910981	-0.197556	0	-1.5183e-09	-3.2926e-08	0
240	5e+24	3e+12	589035	0	-0.01545	0.196345	0	-2.575e-09	3.27242e-08	0
241	5e+24	3e+12	2.5e+11	0	-0.0169648	0.130313	0	-2.82747e-09	2.17188e-08	0
242	5e+24	3e+12	5e+11	0	-0.0183764	0.0973158	0	-3.06273e-09	1.62193e-08	0
243	5e+24	3e+12	7.5e+11	0	-0.0196414	0.0751369	0	-3.27356e-09	1.25228e-08	0
244	5e+24	3e+12	1e+12	0	-0.0207322	0.0583562	0	-3.45536e-09	9.72603e-09	0
245	5e+24	3e+12	1.25e+12	0	-0.0216359	0.0447502	0	-3.60598e-09	7.45837e-09	0
246	5e+24	3e+12	1.5e+12	0	-0.02235	0.0331594	0	-3.72499e-09	5.52657e-09	0
247	5e+24	3e+12	1.75e+12	0	-0.0228779	0.0228779	0	-3.81299e-09	3.81299e-09	0
248	5e+24	3e+12	2e+12	0	-0.0232255	0.0134225	0	-3.87092e-09	2.23708e-09	0
249	5e+24	3e+12	2.25e+12	0	-0.0233978	0.00442515	0	-3.89964e-09	7.37526e-10	0
250	5e+24	3e+12	2.5e+12	0	-0.0233978	-0.00442515	0	-3.89964e-09	-7.37526e-10	0
251	5e+24	3e+12	2.75e+12	0	-0.0232255	-0.0134225	0	-3.87092e-09	-2.23708e-09	0
252	5e+24	3e+12	3e+12	0	-0.0228779	-0.0228779	0	-3.81299e-09	-3.81299e-09	0
253	5e+24	3e+12	3.25e+12	0	-0.02235	-0.0331594	0	-3.72499e-09	-5.52657e-09	0
254	5e+24	3e+12	3.5e+12	0	-0.0216359	-0.0447502	0	-3.60598e-09	-7.45837e-09	0
255	5e+24	3e+12	3.75e+12	0	-0.0207322	-0.0583562	0	-3.45536e-09	-9.72603e-09	0
256	5e+24	3e+12	4e+12	0	-0.0196414	-0.0751369	0	-3.27356e-09	-1.25228e-08	0
257	5e+24	3e+12	4.25e+12	0	-0.0183764	-0.0973158	0	-3.06273e-09	-1.62193e-08	0
258	5e+24	3e+12	4.5e+12	0	-0.0169648	-0.130313	0	-2.82747e-09	-2.17188e-08	0
259	5e+24	3e+12	4.75e+12	0	-0.01545	-0.196345	0	-2.575e-09	-3.27242e-08	0
260	5e+24	3.25e+12	583256	0	-0.0222298	0.194419	0	-3.70496e-09	3.24031e-08	0
261	5e+24	3.25e+12	2.5e+11	0	-0.0245056	0.128486	0	-4.08427e-09	2.14143e-08	0
262	5e+24	3.25e+12	5e+11	0	-0.0266122	0.0956541	0	-4.43537e-09	1.59424e-08	0
263	5e+24	3.25e+12	7.5e+11	0	-0.0284816	0.0736845	0	-4.74694e-09	1.22807e-08	0
264	5e+24	3.25e+12	1e+12	0	-0.0300762	0.0571351	0	-5.01271e-09	9.52251e-09	0
265	5e+24	3.25e+12	1.25e+12	0	-0.0313836	0.043766	0	-5.23061e-09	7.29433e-09	0
266	5e+24	3.25e+12	1.5e+12	0	-0.0324076	0.0324076	0	-5.40126e-09	5.40126e-09	0
267	5e+24	3.25e+12	1.75e+12	0	-0.0331594	0.02235	0	-5.52657e-09	3.72499e-09	0
268	5e+24	3.25e+12	2e+12	0	-0.0336519	0.0131097	0	-5.60865e-09	2.18496e-09	0
269	5e+24	3.25e+12	2.25e+12	0	-0.0338954	0.00432163	0	-5.64923e-09	7.20271e-10	0
270	5e+24	3.25e+12	2.5e+12	0	-0.0338954	-0.00432163	0	-5.64923e-09	-7.20271e-10	0
271	5e+24	3.25e+12	2.75e+12	0	-0.0336519	-0.0131097	0	-5.60865e-09	-2.18496e-09	0
272	5e+24	3.25e+12	3e+12	0	-0.0331594	-0.02235	0	-5.52657e-09	-3.72499e-09	0
273	5e+24	3.25e+12	3.25e+12	0	-0.0324076	-0.0324076	0	-5.40126e-09	-5.40126e-09	0
274	5e+24	3.25e+12	3.5e+12	0	-0.0313836	-0.043766	0	-5.23061e-09	-7.29433e-09	0
275	5e+24	3.25e+12	3.75e+12	0	-0.0300762	-0.0571351	0	-5.01271e-09	-9.52251e-09	0
276	5e+24	3.25e+12	4e+12	0	-0.0284816	-0.0736845	0	-4.74694e-09	-1.22807e-08	0
277	5e+24	3.25e+12	4.25e+12	0	-0.0266122	-0.0956541	0	-4.43537e-09	-1.59424e-08	0
278	5e+24	3.25e+12	4.5e+12	0	-0.0245056	-0.128486	0	-4.08427e-09	-2.14143e-08	0
279	5e+24	3.25e+12	4.75e+12	0	-0.0222298	-0.194419	0	-3.70496e-09	-3.24031e-08	0
280	5e+24	3.5e+12	574844	0	-0.0297187	0.191615	0	-4.95311e-09	3.19358e-08	0
281	5e+24	3.5e+12	2.5e+11	0	-0.0329523	0.125843	0	-5.49206e-09	2.09739e-08	0
282	5e+24	3.5e+12	5e+11	0	-0.0359113	0.0932779	0	-5.98522e-09	1.55463e-08	0
283	5e+24	3.5e+12	7.5e+11	0	-0.0384955	0.0716358	0	-6.41592e-09	1.19393e-08	0
284	5e+24	3.5e+12	1e+12	0	-0.0406628	0.055436	0	-6.77714e-09	9.23933e-09	0
285	5e+24	3.5e+12	1.25e+12	0	-0.0424127	0.0424127	0	-7.06878e-09	7.06878e-09	0
286	5e+24	3.5e+12	1.5e+12	0	-0.043766	0.0313836	0	-7.29433e-09	5.23061e-09	0
287	5e+24	3.5e+12	1.75e+12	0	-0.0447502	0.0216359	0	-7.45837e-09	3.60598e-09	0
288	5e+24	3.5e+12	2e+12	0	-0.0453908	0.0126887	0	-7.56513e-09	2.11478e-09	0
289	5e+24	3.5e+12	2.25e+12	0	-0.0457062	0.00418255	0	-7.61771e-09	6.97091e-10	0
290	5e+24	3.5e+12	2.5e+12	0	-0.0457062	-0.00418255	0	-7.61771e-09	-6.97091e-10	0
291	5e+24	3.5e+12	2.75e+12	0	-0.0453908	-0.0126887	0	-7.56513e-09	-2.11478e-09	0
292	5e+24	3.5e+12	3e+12	0	-0.0447502	-0.0216359	0	-7.45837e-09	-3.60598e-09	0
293	5e+24	3.5e+12	3.25e+12	0	-0.043766	-0.0313836	0	-7.29433e-09	-5.23061e-09	0
294	5e+24	3.5e+12	3.5e+12	0	-0.0424127	-0.0424127	0	-7.06878e-09	-7.06878e-09	0
295	5e+24	3.5e+12	3.75e+12	0	-0.0406628	-0.055436	0	-6.77714e-09	-9.23933e-09	0
296	5e+24	3.5e+12	4e+12	0	-0.0384955	-0.0716358	0	-6.41592e-09	-1.19393e-08	0
297	5e+24	3.5e+12	4.25e+12	0	-0.0359113	-0.0932779	0	-5.98522e-09	-1.55463e-08	0
298	5e+24	3.5e+12	4.5e+12	0	-0.0329523	-0.125843	0	-5.49206e-09	-2.09739e-08	0
299	5e+24	3.5e+12	4.75e+12	0	-0.0297187	-0.191615	0	-4.95311e-09	-3.19358e-08	0
300	5e+24	3.75e+12	562959	0	-0.03833	0.187653	0	-6.38833e-09	3.12755e-08	0
301	5e+24	3.75e+12	2.5e+11	0	-0.0428583	0.122151	0	-7.14305e-09	2.03585e-08	0
302	5e+24	3.75e+12	5e+11	0	-0.0469197	0.0900211	0	-7.81995e-09	1.50035e-08	0
303	5e+24	3.75e+12	7.5e+11	0	-0.050376	0.0688881	0	-8.39601e-09	1.14813e-08	0
304	5e+24	3.75e+12	1e+12	0	-0.0532024	0.0532024	0	-8.86706e-09	8.86706e-09	0
305	5e+24	3.75e+12	1.25e+12	0	-0.055436	0.0406628	0	-9.23933e-09	6.77714e-09	0
306	5e+24	3.75e+12	1.5e+12	0	-0.0571351	0.0300762	0	-9.52251e-09	5.01271e-09	0
307	5e+24	3.75e+12	1.75e+12	0	-0.0583562	0.0207322	0	-9.72603e-09	3.45536e-09	0
308	5e+24	3.75e+12	2e+12	0	-0.0591446	0.0121588	0	-9.85744e-09	2.02647e-09	0
309	5e+24	3.75e+12	2.25e+12	0	-0.0595312	0.004008	0	-9.92186e-09	6.67999e-10	0
310	5e+24	3.75e+12	2.5e+12	0	-0.0595312	-0.004008	0	-9.92186e-09	-6.67999e-10	0
311	5e+24	3.75e+12	2.75e+12	0	-0.0591446	-0.0121588	0	-9.85744e-09	-2.02647e-09	0
312	5e+24	3.75e+12	3e+12	0	-0.0583562	-0.0207322	0	-9.72603e-09	-3.45536e-09	0
313	5e+24	3.75e+12	3.25e+12	0	-0.0571351	-0.0300762	0	-9.52251e-09	-5.01271e-09	0
314	5e+24	3.75e+12	3.5e+12	0	-0.055436	-0.0406628	0	-9.23933e-09	-6.77714e-09	0
315	5e+24	3.75e+12	3.75e+12	0	-0.0532024	-0.0532024	0	-8.86706e-09	-8.86706e-09	0
316	5e+24	3.75e+12	4e+12	0	-0.050376	-0.0688881	0	-8.39601e-09	-1.14813e-08	0
317	5e+24	3.75e+12	4.25e+12	0	-0.0469197	-0.0900211	0	-7.81995e-09	-1.50035e-08	0
318	5e+24	3.75e+12	4.5e+12	0	-0.0428583	-0.122151	0	-7.14305e-09	-2.03585e-08	0
319	5e+24	3.75e+12	4.75e+12	0	-0.03833	-0.187653	0	-6.38833e-09	-3.12755e-08	0
320	5e+24	4e+12	546080	0	-0.0487873	0.182027	0	-8.13121e-09	3.03378e-08	0
321	5e+24	4e+12	2.5e+11	0	-0.0552172	0.117018	0	-9.20287e-09	1.95029e-08	0
322	5e+24	4e+12	5e+11	0	-0.0607764	0.0856394	0	-1.01294e-08	1.42732e-08	0
323	5e+24	4e+12	7.5e+11	0	-0.0653124	0.0653124	0	-1.08854e-08	1.08854e-08	0
324	5e+24	4e+12	1e+12	0	-0.0688881	0.050376	0	-1.14813e-08	8.39601e-09	0
325	5e+24	4e+12	1.25e+12	0	-0.0716358	0.0384955	0	-1.19393e-08	6.41592e-09	0
326	5e+24	4e+12	1.5e+12	0	-0.0736845	0.0284816	0	-1.22807e-08	4.74694e-09	0
327	5e+24	4e+12	1.75e+12	0	-0.0751369	0.0196414	0	-1.25228e-08	3.27356e-09	0
328	5e+24	4e+12	2e+12	0	-0.0760666	0.0115233	0	-1.26778e-08	1.92054e-09	0
329	5e+24	4e+12	2.25e+12	0	-0.0765202	0.00379927	0	-1.27534e-08	6.33212e-10	0
330	5e+24	4e+12	2.5e+12	0	-0.0765202	-0.00379927	0	-1.27534e-08	-6.33212e-10	0
331	5e+24	4e+12	2.75e+12	0	-0.0760666	-0.0115233	0	-1.26778e-08	-1.92054e-09	0
332	5e+24	4e+12	3e+12	0	-0.0751369	-0.0196414	0	-1.25228e-08	-3.27356e-09	0
333	5e+24	4e+12	3.25e+12	0	-0.0736845	-0.0284816	0	-1.22807e-08	-4.74694e-09	0
334	5e+24	4e+12	3.5e+12	0	-0.0716358	-0.0384955	0	-1.19393e-08	-6.41592e-09	0
335	5e+24	4e+12	3.75e+12	0	-0.0688881	-0.050376	0	-1.14813e-08	-8.39601e-09	0
336	5e+24	4e+12	4e+12	0	-0.0653124	-0.0653124	0	-1.08854e-08	-1.08854e-08	0
337	5e+24	4e+12	4.25e+12	0	-0.0607764	-0.0856394	0	-1.01294e-08	-1.42732e-08	0
338	5e+24	4e+12	4.5e+12	0	-0.0552172	-0.117018	0	-9.20287e-09	-1.95029e-08	0
339	5e+24	4e+12	4.75e+12	0	-0.0487873	-0.182027	0	-8.13121e-09	-3.03378e-08	0
340	5e+24	4.25e+12	521154	0	-0.0625975	0.173718	0	-1.04329e-08	2.8953e-08	0
341	5e+24	4.25e+12	2.5e+11	0	-0.0721305	0.109764	0	-1.20217e-08	1.8294e-08	0
342	5e+24	4.25e+12	5e+11	0	-0.079797	0.079797	0	-1.32995e-08	1.32995e-08	0
343	5e+24	4.25e+12	7.5e+11	0	-0.0856394	0.0607764	0	-1.42732e-08	1.01294e-08	0
344	5e+24	4.25e+12	1e+12	0	-0.0900211	0.0469197	0	-1.50035e-08	7.81995e-09	0
345	5e+24	4.25e+12	1.25e+12	0	-0.0932779	0.0359113	0	-1.55463e-08	5.98522e-09	0
346	5e+24	4.25e+12	1.5e+12	0	-0.0956541	0.0266122	0	-1.59424e-08	4.43537e-09	0
347	5e+24	4.25e+12	1.75e+12	0	-0.0973158	0.0183764	0	-1.62193e-08	3.06273e-09	0
348	5e+24	4.25e+12	2e+12	0	-0.0983704	0.010791	0	-1.63951e-08	1.79851e-09	0
349	5e+24	4.25e+12	2.25e+12	0	-0.0988827	0.00355952	0	-1.64804e-08	5.93253e-10	0
350	5e+24	4.25e+12	2.5e+12	0	-0.0988827	-0.00355952	0	-1.64804e-08	-5.93253e-10	0
351	5e+24	4.25e+12	2.75e+12	0	-0.0983704	-0.010791	0	-1.63951e-08	-1.79851e-09	0
352	5e+24	4.25e+12	3e+12	0	-0.0973158	-0.0183764	0	-1.62193e-08	-3.06273e-09	0
353	5e+24	4.25e+12	3.25e+12	0	-0.0956541	-0.0266122	0	-1.59424e-08	-4.43537e-09	0
354	5e+24	4.25e+12	3.5e+12	0	-0.0932779	-0.0359113	0	-1.55463e-08	-5.98522e-09	0
355	5e+24	4.25e+12	3.75e+12	0	-0.0900211	-0.0469197	0	-1.50035e-08	-7.81995e-09	0
356	5e+24	4.25e+12	4e+12	0	-0.0856394	-0.0607764	0	-1.42732e-08	-1.01294e-08	0
357	5e+24	4.25e+12	4.25e+12	0	-0.079797	-0.079797	0	-1.32995e-08	-1.32995e-08	0
358	5e+24	4.25e+12	4.5e+12	0	-0.0721305	-0.109764	0	-1.20217e-08	-1.8294e-08	0
359	5e+24	4.25e+12	4.75e+12	0	-0.0625975	-0.173718	0	-1.04329e-08	-2.8953e-08	0
360	5e+24	4.5e+12	480766	0	-0.083894	0.160255	0	-1.39823e-08	2.67092e-08	0
361	5e+24	4.5e+12	2.5e+11	0	-0.0992148	0.0992148	0	-1.65358e-08	1.65358e-08	0
362	5e+24	4.5e+12	5e+11	0	-0.109764	0.0721305	0	-1.8294e-08	1.20217e-08	0
363	5e+24	4.5e+12	7.5e+11	0	-0.117018	0.0552172	0	-1.95029e-08	9.20287e-09	0
364	5e+24	4.5e+12	1e+12	0	-0.122151	0.0428583	0	-2.03585e-08	7.14305e-09	0
365	5e+24	4.5e+12	1.25e+12	0	-0.125843	0.0329523	0	-2.09739e-08	5.49206e-09	0
366	5e+24	4.5e+12	1.5e+12	0	-0.128486	0.0245056	0	-2.14143e-08	4.08427e-09	0
367	5e+24	4.5e+12	1.75e+12	0	-0.130313	0.0169648	0	-2.17188e-08	2.82747e-09	0
368	5e+24	4.5e+12	2e+12	0	-0.131465	0.00997853	0	-2.19108e-08	1.66309e-09	0
369	5e+24	4.5e+12	2.25e+12	0	-0.132022	0.00329416	0	-2.20037e-08	5.49027e-10	0
370	5e+24	4.5e+12	2.5e+12	0	-0.132022	-0.00329416	0	-2.20037e-08	-5.49027e-10	0
371	5e+24	4.5e+12	2.75e+12	0	-0.131465	-0.00997853	0	-2.19108e-08	-1.66309e-09	0
372	5e+24	4.5e+12	3e+12	0	-0.130313	-0.0169648	0	-2.17188e-08	-2.82747e-09	0
373	5e+24	4.5e+12	3.25e+12	0	-0.128486	-0.0245056	0	-2.14143e-08	-4.08427e-09	0
374	5e+24	4.5e+12	3.5e+12	0	-0.125843	-0.0329523	0	-2.09739e-08	-5.49206e-09	0
375	5e+24	4.5e+12	3.75e+12	0	-0.122151	-0.0428583	0	-2.03585e-08	-7.14305e-09	0
376	5e+24	4.5e+12	4e+12	0	-0.117018	-0.0552172	0	-1.95029e-08	-9.20287e-09	0
377	5e+24	4.5e+12	4.25e+12	0	-0.109764	-0.0721305	0	-1.8294e-08	-1.20217e-08	0
378	5e+24	4.5e+12	4.5e+12	0	-0.0992148	-0.0992148	0	-1.65358e-08	-1.65358e-08	0
379	5e+24	4.5e+12	4.75e+12	0	-0.083894	-0.160255	0	-1.39823e-08	-2.67092e-08	0
380	5e+24	4.75e+12	400667	0	-0.133556	0.133556	0	-2.22593e-08	2.22593e-08	0
381	5e+24	4.75e+12	2.5e+11	0	-0.160255	0.083894	0	-2.67092e-08	1.39823e-08	0
382	5e+24	4.75e+12	5e+11	0	-0.173718	0.0625975	0	-2.8953e-08	1.04329e-08	0
383	5e+24	4.75e+12	7.5e+11	0	-0.182027	0.0487873	0	-3.03378e-08	8.13121e-09	0
384	5e+24	4.75e+12	1e+12	0	-0.187653	0.03833	0	-3.12755e-08	6.38833e-09	0
385	5e+24	4.75e+12	1.25e+12	0	-0.191615	0.0297187	0	-3.19358e-08	4.95311e-09	0
386	5e+24	4.75e+12	1.5e+12	0	-0.194419	0.0222298	0	-3.24031e-08	3.70496e-09	0
387	5e+24	4.75e+12	1.75e+12	0	-0.196345	0.01545	0	-3.27242e-08	2.575e-09	0
388	5e+24	4.75e+12	2e+12	0	-0.197556	0.00910981	0	-3.2926e-08	1.5183e-09	0
389	5e+24	4.75e+12	2.25e+12	0	-0.19814	0.00301091	0	-3.30234e-08	5.01819e-10	0
390	5e+24	4.75e+12	2.5e+12	0	-0.19814	-0.00301091	0	-3.30234e-08	-5.01819e-10	0
391	5e+24	4.75e+12	2.75e+12	0	-0.197556	-0.00910981	0	-3.2926e-08	-1.5183e-09	0
392	5e+24	4.75e+12	3e+12	0	-0.196345	-0.01545	0	-3.27242e-08	-2.575e-09	0
393	5e+24	4.75e+12	3.25e+12	0	-0.194419	-0.0222298	0	-3.24031e-08	-3.70496e-09	0
394	5e+24	4.75e+12	3.5e+12	0	-0.191615	-0.0297187	0	-3.19358e-08	-4.95311e-09	0
395	5e+24	4.75e+12	3.75e+12	0	-0.187653	-0.03833	0	-3.12755e-08	-6.38833e-09	0
396	5e+24	4.75e+12	4e+12	0	-0.182027	-0.0487873	0	-3.03378e-08	-8.13121e-09	0
397	5e+24	4.75e+12	4.25e+12	0	-0.173718	-0.0625975	0	-2.8953e-08	-1.04329e-08	0
398	5e+24	4.75e+12	4.5e+12	0	-0.160255	-0.083894	0	-2.67092e-08	-1.39823e-08	0
399	5e+24	4.75e+12	4.75e+12	0	-0.133556	-0.133556	0	-2.22593e-08	-2.22593e-08	0
