400
0	5e+24	0	0	0	0	0	0
1	5e+24	0	2.5e+11	0	0	0	0
2	5e+24	0	5e+11	0	0	0	0
3	5e+24	0	7.5e+11	0	0	0	0
4	5e+24	0	1e+12	0	0	0	0
5	5e+24	0	1.25e+12	0	0	0	0
6	5e+24	0	1.5e+12	0	0	0	0
7	5e+24	0	1.75e+12	0	0	0	0
8	5e+24	0	2e+12	0	0	0	0
9	5e+24	0	2.25e+12	0	0	0	0
10	5e+24	0	2.5e+12	0	0	0	0
11	5e+24	0	2.75e+12	0	0	0	0
12	5e+24	0	3e+12	0	0	0	0
13	5e+24	0	3.25e+12	0	0	0	0
14	5e+24	0	3.5e+12	0	0	0	0
15	5e+24	0	3.75e+12	0	0	0	0
16	5e+24	0	4e+12	0	0	0	0
17	5e+24	0	4.25e+12	0	0	0	0
18	5e+24	0	4.5e+12	0	0	0	0
19	5e+24	0	4.75e+12	0	0	0	0
20	5e+24	2.5e+11	0	0	0	0	0
21	5e+24	2.5e+11	2.5e+11	0	0	0	0
22	5e+24	2.5e+11	5e+11	0	0	0	0
23	5e+24	2.5e+11	7.5e+11	0	0	0	0
24	5e+24	2.5e+11	1e+12	0	0	0	0
25	5e+24	2.5e+11	1.25e+12	0	0	0	0
26	5e+24	2.5e+11	1.5e+12	0	0	0	0
27	5e+24	2.5e+11	1.75e+12	0	0	0	0
28	5e+24	2.5e+11	2e+12	0	0	0	0
29	5e+24	2.5e+11	2.25e+12	0	0	0	0
30	5e+24	2.5e+11	2.5e+12	0	0	0	0
31	5e+24	2.5e+11	2.75e+12	0	0	0	0
32	5e+24	2.5e+11	3e+12	0	0	0	0
33	5e+24	2.5e+11	3.25e+12	0	0	0	0
34	5e+24	2.5e+11	3.5e+12	0	0	0	0
35	5e+24	2.5e+11	3.75e+12	0	0	0	0
36	5e+24	2.5e+11	4e+12	0	0	0	0
37	5e+24	2.5e+11	4.25e+12	0	0	0	0
38	5e+24	2.5e+11	4.5e+12	0	0	0	0
39	5e+24	2.5e+11	4.75e+12	0	0	0	0
40	5e+24	5e+11	0	0	0	0	0
41	5e+24	5e+11	2.5e+11	0	0	0	0
42	5e+24	5e+11	5e+11	0	0	0	0
43	5e+24	5e+11	7.5e+11	0	0	0	0
44	5e+24	5e+11	1e+12	0	0	0	0
45	5e+24	5e+11	1.25e+12	0	0	0	0
46	5e+24	5e+11	1.5e+12	0	0	0	0
47	5e+24	5e+11	1.75e+12	0	0	0	0
48	5e+24	5e+11	2e+12	0	0	0	0
49	5e+24	5e+11	2.25e+12	0	0	0	0
50	5e+24	5e+11	2.5e+12	0	0	0	0
51	5e+24	5e+11	2.75e+12	0	0	0	0
52	5e+24	5e+11	3e+12	0	0	0	0
53	5e+24	5e+11	3.25e+12	0	0	0	0
54	5e+24	5e+11	3.5e+12	0	0	0	0
55	5e+24	5e+11	3.75e+12	0	0	0	0
56	5e+24	5e+11	4e+12	0	0	0	0
57	5e+24	5e+11	4.25e+12	0	0	0	0
58	5e+24	5e+11	4.5e+12	0	0	0	0
59	5e+24	5e+11	4.75e+12	0	0	0	0
60	5e+24	7.5e+11	0	0	0	0	0
61	5e+24	7.5e+11	2.5e+11	0	0	0	0
62	5e+24	7.5e+11	5e+11	0	0	0	0
63	5e+24	7.5e+11	7.5e+11	0	0	0	0
64	5e+24	7.5e+11	1e+12	0	0	0	0
65	5e+24	7.5e+11	1.25e+12	0	0	0	0
66	5e+24	7.5e+11	1.5e+12	0	0	0	0
67	5e+24	7.5e+11	1.75e+12	0	0	0	0
68	5e+24	7.5e+11	2e+12	0	0	0	0
69	5e+24	7.5e+11	2.25e+12	0	0	0	0
70	5e+24	7.5e+11	2.5e+12	0	0	0	0
71	5e+24	7.5e+11	2.75e+12	0	0	0	0
72	5e+24	7.5e+11	3e+12	0	0	0	0
73	5e+24	7.5e+11	3.25e+12	0	0	0	0
74	5e+24	7.5e+11	3.5e+12	0	0	0	0
75	5e+24	7.5e+11	3.75e+12	0	0	0	0
76	5e+24	7.5e+11	4e+12	0	0	0	0
77	5e+24	7.5e+11	4.25e+12	0	0	0	0
78	5e+24	7.5e+11	4.5e+12	0	0	0	0
79	5e+24	7.5e+11	4.75e+12	0	0	0	0
80	5e+24	1e+12	0	0	0	0	0
81	5e+24	1e+12	2.5e+11	0	0	0	0
82	5e+24	1e+12	5e+11	0	0	0	0
83	5e+24	1e+12	7.5e+11	0	0	0	0
84	5e+24	1e+12	1e+12	0	0	0	0
85	5e+24	1e+12	1.25e+12	0	0	0	0
86	5e+24	1e+12	1.5e+12	0	0	0	0
87	5e+24	1e+12	1.75e+12	0	0	0	0
88	5e+24	1e+12	2e+12	0	0	0	0
89	5e+24	1e+12	2.25e+12	0	0	0	0
90	5e+24	1e+12	2.5e+12	0	0	0	0
91	5e+24	1e+12	2.75e+12	0	0	0	0
92	5e+24	1e+12	3e+12	0	0	0	0
93	5e+24	1e+12	3.25e+12	0	0	0	0
94	5e+24	1e+12	3.5e+12	0	0	0	0
95	5e+24	1e+12	3.75e+12	0	0	0	0
96	5e+24	1e+12	4e+12	0	0	0	0
97	5e+24	1e+12	4.25e+12	0	0	0	0
98	5e+24	1e+12	4.5e+12	0	0	0	0
99	5e+24	1e+12	4.75e+12	0	0	0	0
100	5e+24	1.25e+12	0	0	0	0	0
101	5e+24	1.25e+12	2.5e+11	0	0	0	0
102	5e+24	1.25e+12	5e+11	0	0	0	0
103	5e+24	1.25e+12	7.5e+11	0	0	0	0
104	5e+24	1.25e+12	1e+12	0	0	0	0
105	5e+24	1.25e+12	1.25e+12	0	0	0	0
106	5e+24	1.25e+12	1.5e+12	0	0	0	0
107	5e+24	1.25e+12	1.75e+12	0	0	0	0
108	5e+24	1.25e+12	2e+12	0	0	0	0
109	5e+24	1.25e+12	2.25e+12	0	0	0	0
110	5e+24	1.25e+12	2.5e+12	0	0	0	0
111	5e+24	1.25e+12	2.75e+12	0	0	0	0
112	5e+24	1.25e+12	3e+12	0	0	0	0
113	5e+24	1.25e+12	3.25e+12	0	0	0	0
114	5e+24	1.25e+12	3.5e+12	0	0	0	0
115	5e+24	1.25e+12	3.75e+12	0	0	0	0
116	5e+24	1.25e+12	4e+12	0	0	0	0
117	5e+24	1.25e+12	4.25e+12	0	0	0	0
118	5e+24	1.25e+12	4.5e+12	0	0	0	0
119	5e+24	1.25e+12	4.75e+12	0	0	0	0
120	5e+24	1.5e+12	0	0	0	0	0
121	5e+24	1.5e+12	2.5e+11	0	0	0	0
122	5e+24	1.5e+12	5e+11	0	0	0	0
123	5e+24	1.5e+12	7.5e+11	0	0	0	0
124	5e+24	1.5e+12	1e+12	0	0	0	0
125	5e+24	1.5e+12	1.25e+12	0	0	0	0
126	5e+24	1.5e+12	1.5e+12	0	0	0	0
127	5e+24	1.5e+12	1.75e+12	0	0	0	0
128	5e+24	1.5e+12	2e+12	0	0	0	0
129	5e+24	1.5e+12	2.25e+12	0	0	0	0
130	5e+24	1.5e+12	2.5e+12	0	0	0	0
131	5e+24	1.5e+12	2.75e+12	0	0	0	0
132	5e+24	1.5e+12	3e+12	0	0	0	0
133	5e+24	1.5e+12	3.25e+12	0	0	0	0
134	5e+24	1.5e+12	3.5e+12	0	0	0	0
135	5e+24	1.5e+12	3.75e+12	0	0	0	0
136	5e+24	1.5e+12	4e+12	0	0	0	0
137	5e+24	1.5e+12	4.25e+12	0	0	0	0
138	5e+24	1.5e+12	4.5e+12	0	0	0	0
139	5e+24	1.5e+12	4.75e+12	0	0	0	0
140	5e+24	1.75e+12	0	0	0	0	0
141	5e+24	1.75e+12	2.5e+11	0	0	0	0
142	5e+24	1.75e+12	5e+11	0	0	0	0
143	5e+24	1.75e+12	7.5e+11	0	0	0	0
144	5e+24	1.75e+12	1e+12	0	0	0	0
145	5e+24	1.75e+12	1.25e+12	0	0	0	0
146	5e+24	1.75e+12	1.5e+12	0	0	0	0
147	5e+24	1.75e+12	1.75e+12	0	0	0	0
148	5e+24	1.75e+12	2e+12	0	0	0	0
149	5e+24	1.75e+12	2.25e+12	0	0	0	0
150	5e+24	1.75e+12	2.5e+12	0	0	0	0
151	5e+24	1.75e+12	2.75e+12	0	0	0	0
152	5e+24	1.75e+12	3e+12	0	0	0	0
153	5e+24	1.75e+12	3.25e+12	0	0	0	0
154	5e+24	1.75e+12	3.5e+12	0	0	0	0
155	5e+24	1.75e+12	3.75e+12	0	0	0	0
156	5e+24	1.75e+12	4e+12	0	0	0	0
157	5e+24	1.75e+12	4.25e+12	0	0	0	0
158	5e+24	1.75e+12	4.5e+12	0	0	0	0
159	5e+24	1.75e+12	4.75e+12	0	0	0	0
160	5e+24	2e+12	0	0	0	0	0
161	5e+24	2e+12	2.5e+11	0	0	0	0
162	5e+24	2e+12	5e+11	0	0	0	0
163	5e+24	2e+12	7.5e+11	0	0	0	0
164	5e+24	2e+12	1e+12	0	0	0	0
165	5e+24	2e+12	1.25e+12	0	0	0	0
166	5e+24	2e+12	1.5e+12	0	0	0	0
167	5e+24	2e+12	1.75e+12	0	0	0	0
168	5e+24	2e+12	2e+12	0	0	0	0
169	5e+24	2e+12	2.25e+12	0	0	0	0
170	5e+24	2e+12	2.5e+12	0	0	0	0
171	5e+24	2e+12	2.75e+12	0	0	0	0
172	5e+24	2e+12	3e+12	0	0	0	0
173	5e+24	2e+12	3.25e+12	0	0	0	0
174	5e+24	2e+12	3.5e+12	0	0	0	0
175	5e+24	2e+12	3.75e+12	0	0	0	0
176	5e+24	2e+12	4e+12	0	0	0	0
177	5e+24	2e+12	4.25e+12	0	0	0	0
178	5e+24	2e+12	4.5e+12	0	0	0	0
179	5e+24	2e+12	4.75e+12	0	0	0	0
180	5e+24	2.25e+12	0	0	0	0	0
181	5e+24	2.25e+12	2.5e+11	0	0	0	0
182	5e+24	2.25e+12	5e+11	0	0	0	0
183	5e+24	2.25e+12	7.5e+11	0	0	0	0
184	5e+24	2.25e+12	1e+12	0	0	0	0
185	5e+24	2.25e+12	1.25e+12	0	0	0	0
186	5e+24	2.25e+12	1.5e+12	0	0	0	0
187	5e+24	2.25e+12	1.75e+12	0	0	0	0
188	5e+24	2.25e+12	2e+12	0	0	0	0
189	5e+24	2.25e+12	2.25e+12	0	0	0	0
190	5e+24	2.25e+12	2.5e+12	0	0	0	0
191	5e+24	2.25e+12	2.75e+12	0	0	0	0
192	5e+24	2.25e+12	3e+12	0	0	0	0
193	5e+24	2.25e+12	3.25e+12	0	0	0	0
194	5e+24	2.25e+12	3.5e+12	0	0	0	0
195	5e+24	2.25e+12	3.75e+12	0	0	0	0
196	5e+24	2.25e+12	4e+12	0	0	0	0
197	5e+24	2.25e+12	4.25e+12	0	0	0	0
198	5e+24	2.25e+12	4.5e+12	0	0	0	0
199	5e+24	2.25e+12	4.75e+12	0	0	0	0
200	5e+24	2.5e+12	0	0	0	0	0
201	5e+24	2.5e+12	2.5e+11	0	0	0	0
202	5e+24	2.5e+12	5e+11	0	0	0	0
203	5e+24	2.5e+12	7.5e+11	0	0	0	0
204	5e+24	2.5e+12	1e+12	0	0	0	0
205	5e+24	2.5e+12	1.25e+12	0	0	0	0
206	5e+24	2.5e+12	1.5e+12	0	0	0	0
207	5e+24	2.5e+12	1.75e+12	0	0	0	0
208	5e+24	2.5e+12	2e+12	0	0	0	0
209	5e+24	2.5e+12	2.25e+12	0	0	0	0
210	5e+24	2.5e+12	2.5e+12	0	0	0	0
211	5e+24	2.5e+12	2.75e+12	0	0	0	0
212	5e+24	2.5e+12	3e+12	0	0	0	0
213	5e+24	2.5e+12	3.25e+12	0	0	0	0
214	5e+24	2.5e+12	3.5e+12	0	0	0	0
215	5e+24	2.5e+12	3.75e+12	0	0	0	0
216	5e+24	2.5e+12	4e+12	0	0	0	0
217	5e+24	2.5e+12	4.25e+12	0	0	0	0
218	5e+24	2.5e+12	4.5e+12	0	0	0	0
219	5e+24	2.5e+12	4.75e+12	0	0	0	0
220	5e+24	2.75e+12	0	0	0	0	0
221	5e+24	2.75e+12	2.5e+11	0	0	0	0
222	5e+24	2.75e+12	5e+11	0	0	0	0
223	5e+24	2.75e+12	7.5e+11	0	0	0	0
224	5e+24	2.75e+12	1e+12	0	0	0	0
225	5e+24	2.75e+12	1.25e+12	0	0	0	0
226	5e+24	2.75e+12	1.5e+12	0	0	0	0
227	5e+24	2.75e+12	1.75e+12	0	0	0	0
228	5e+24	2.75e+12	2e+12	0	0	0	0
229	5e+24	2.75e+12	2.25e+12	0	0	0	0
230	5e+24	2.75e+12	2.5e+12	0	0	0	0
231	5e+24	2.75e+12	2.75e+12	0	0	0	0
232	5e+24	2.75e+12	3e+12	0	0	0	0
233	5e+24	2.75e+12	3.25e+12	0	0	0	0
234	5e+24	2.75e+12	3.5e+12	0	0	0	0
235	5e+24	2.75e+12	3.75e+12	0	0	0	0
236	5e+24	2.75e+12	4e+12	0	0	0	0
237	5e+24	2.75e+12	4.25e+12	0	0	0	0
238	5e+24	2.75e+12	4.5e+12	0	0	0	0
239	5e+24	2.75e+12	4.75e+12	0	0	0	0
240	5e+24	3e+12	0	0	0	0	0
241	5e+24	3e+12	2.5e+11	0	0	0	0
242	5e+24	3e+12	5e+11	0	0	0	0
243	5e+24	3e+12	7.5e+11	0	0	0	0
244	5e+24	3e+12	1e+12	0	0	0	0
245	5e+24	3e+12	1.25e+12	0	0	0	0
246	5e+24	3e+12	1.5e+12	0	0	0	0
247	5e+24	3e+12	1.75e+12	0	0	0	0
248	5e+24	3e+12	2e+12	0	0	0	0
249	5e+24	3e+12	2.25e+12	0	0	0	0
250	5e+24	3e+12	2.5e+12	0	0	0	0
251	5e+24	3e+12	2.75e+12	0	0	0	0
252	5e+24	3e+12	3e+12	0	0	0	0
253	5e+24	3e+12	3.25e+12	0	0	0	0
254	5e+24	3e+12	3.5e+12	0	0	0	0
255	5e+24	3e+12	3.75e+12	0	0	0	0
256	5e+24	3e+12	4e+12	0	0	0	0
257	5e+24	3e+12	4.25e+12	0	0	0	0
258	5e+24	3e+12	4.5e+12	0	0	0	0
259	5e+24	3e+12	4.75e+12	0	0	0	0
260	5e+24	3.25e+12	0	0	0	0	0
261	5e+24	3.25e+12	2.5e+11	0	0	0	0
262	5e+24	3.25e+12	5e+11	0	0	0	0
263	5e+24	3.25e+12	7.5e+11	0	0	0	0
264	5e+24	3.25e+12	1e+12	0	0	0	0
265	5e+24	3.25e+12	1.25e+12	0	0	0	0
266	5e+24	3.25e+12	1.5e+12	0	0	0	0
267	5e+24	3.25e+12	1.75e+12	0	0	0	0
268	5e+24	3.25e+12	2e+12	0	0	0	0
269	5e+24	3.25e+12	2.25e+12	0	0	0	0
270	5e+24	3.25e+12	2.5e+12	0	0	0	0
271	5e+24	3.25e+12	2.75e+12	0	0	0	0
272	5e+24	3.25e+12	3e+12	0	0	0	0
273	5e+24	3.25e+12	3.25e+12	0	0	0	0
274	5e+24	3.25e+12	3.5e+12	0	0	0	0
275	5e+24	3.25e+12	3.75e+12	0	0	0	0
276	5e+24	3.25e+12	4e+12	0	0	0	0
277	5e+24	3.25e+12	4.25e+12	0	0	0	0
278	5e+24	3.25e+12	4.5e+12	0	0	0	0
279	5e+24	3.25e+12	4.75e+12	0	0	0	0
280	5e+24	3.5e+12	0	0	0	0	0
281	5e+24	3.5e+12	2.5e+11	0	0	0	0
282	5e+24	3.5e+12	5e+11	0	0	0	0
283	5e+24	3.5e+12	7.5e+11	0	0	0	0
284	5e+24	3.5e+12	1e+12	0	0	0	0
285	5e+24	3.5e+12	1.25e+12	0	0	0	0
286	5e+24	3.5e+12	1.5e+12	0	0	0	0
287	5e+24	3.5e+12	1.75e+12	0	0	0	0
288	5e+24	3.5e+12	2e+12	0	0	0	0
289	5e+24	3.5e+12	2.25e+12	0	0	0	0
290	5e+24	3.5e+12	2.5e+12	0	0	0	0
291	5e+24	3.5e+12	2.75e+12	0	0	0	0
292	5e+24	3.5e+12	3e+12	0	0	0	0
293	5e+24	3.5e+12	3.25e+12	0	0	0	0
294	5e+24	3.5e+12	3.5e+12	0	0	0	0
295	5e+24	3.5e+12	3.75e+12	0	0	0	0
296	5e+24	3.5e+12	4e+12	0	0	0	0
297	5e+24	3.5e+12	4.25e+12	0	0	0	0
298	5e+24	3.5e+12	4.5e+12	0	0	0	0
299	5e+24	3.5e+12	4.75e+12	0	0	0	0
300	5e+24	3.75e+12	0	0	0	0	0
301	5e+24	3.75e+12	2.5e+11	0	0	0	0
302	5e+24	3.75e+12	5e+11	0	0	0	0
303	5e+24	3.75e+12	7.5e+11	0	0	0	0
304	5e+24	3.75e+12	1e+12	0	0	0	0
305	5e+24	3.75e+12	1.25e+12	0	0	0	0
306	5e+24	3.75e+12	1.5e+12	0	0	0	0
307	5e+24	3.75e+12	1.75e+12	0	0	0	0
308	5e+24	3.75e+12	2e+12	0	0	0	0
309	5e+24	3.75e+12	2.25e+12	0	0	0	0
310	5e+24	3.75e+12	2.5e+12	0	0	0	0
311	5e+24	3.75e+12	2.75e+12	0	0	0	0
312	5e+24	3.75e+12	3e+12	0	0	0	0
313	5e+24	3.75e+12	3.25e+12	0	0	0	0
314	5e+24	3.75e+12	3.5e+12	0	0	0	0
315	5e+24	3.75e+12	3.75e+12	0	0	0	0
316	5e+24	3.75e+12	4e+12	0	0	0	0
317	5e+24	3.75e+12	4.25e+12	0	0	0	0
318	5e+24	3.75e+12	4.5e+12	0	0	0	0
319	5e+24	3.75e+12	4.75e+12	0	0	0	0
320	5e+24	4e+12	0	0	0	0	0
321	5e+24	4e+12	2.5e+11	0	0	0	0
322	5e+24	4e+12	5e+11	0	0	0	0
323	5e+24	4e+12	7.5e+11	0	0	0	0
324	5e+24	4e+12	1e+12	0	0	0	0
325	5e+24	4e+12	1.25e+12	0	0	0	0
326	5e+24	4e+12	1.5e+12	0	0	0	0
327	5e+24	4e+12	1.75e+12	0	0	0	0
328	5e+24	4e+12	2e+12	0	0	0	0
329	5e+24	4e+12	2.25e+12	0	0	0	0
330	5e+24	4e+12	2.5e+12	0	0	0	0
331	5e+24	4e+12	2.75e+12	0	0	0	0
332	5e+24	4e+12	3e+12	0	0	0	0
333	5e+24	4e+12	3.25e+12	0	0	0	0
334	5e+24	4e+12	3.5e+12	0	0	0	0
335	5e+24	4e+12	3.75e+12	0	0	0	0
336	5e+24	4e+12	4e+12	0	0	0	0
337	5e+24	4e+12	4.25e+12	0	0	0	0
338	5e+24	4e+12	4.5e+12	0	0	0	0
339	5e+24	4e+12	4.75e+12	0	0	0	0
340	5e+24	4.25e+12	0	0	0	0	0
341	5e+24	4.25e+12	2.5e+11	0	0	0	0
342	5e+24	4.25e+12	5e+11	0	0	0	0
343	5e+24	4.25e+12	7.5e+11	0	0	0	0
344	5e+24	4.25e+12	1e+12	0	0	0	0
345	5e+24	4.25e+12	1.25e+12	0	0	0	0
346	5e+24	4.25e+12	1.5e+12	0	0	0	0
347	5e+24	4.25e+12	1.75e+12	0	0	0	0
348	5e+24	4.25e+12	2e+12	0	0	0	0
349	5e+24	4.25e+12	2.25e+12	0	0	0	0
350	5e+24	4.25e+12	2.5e+12	0	0	0	0
351	5e+24	4.25e+12	2.75e+12	0	0	0	0
352	5e+24	4.25e+12	3e+12	0	0	0	0
353	5e+24	4.25e+12	3.25e+12	0	0	0	0
354	5e+24	4.25e+12	3.5e+12	0	0	0	0
355	5e+24	4.25e+12	3.75e+12	0	0	0	0
356	5e+24	4.25e+12	4e+12	0	0	0	0
357	5e+24	4.25e+12	4.25e+12	0	0	0	0
358	5e+24	4.25e+12	4.5e+12	0	0	0	0
359	5e+24	4.25e+12	4.75e+12	0	0	0	0
360	5e+24	4.5e+12	0	0	0	0	0
361	5e+24	4.5e+12	2.5e+11	0	0	0	0
362	5e+24	4.5e+12	5e+11	0	0	0	0
363	5e+24	4.5e+12	7.5e+11	0	0	0	0
364	5e+24	4.5e+12	1e+12	0	0	0	0
365	5e+24	4.5e+12	1.25e+12	0	0	0	0
366	5e+24	4.5e+12	1.5e+12	0	0	0	0
367	5e+24	4.5e+12	1.75e+12	0	0	0	0
368	5e+24	4.5e+12	2e+12	0	0	0	0
369	5e+24	4.5e+12	2.25e+12	0	0	0	0
370	5e+24	4.5e+12	2.5e+12	0	0	0	0
371	5e+24	4.5e+12	2.75e+12	0	0	0	0
372	5e+24	4.5e+12	3e+12	0	0	0	0
373	5e+24	4.5e+12	3.25e+12	0	0	0	0
374	5e+24	4.5e+12	3.5e+12	0	0	0	0
375	5e+24	4.5e+12	3.75e+12	0	0	0	0
376	5e+24	4.5e+12	4e+12	0	0	0	0
377	5e+24	4.5e+12	4.25e+12	0	0	0	0
378	5e+24	4.5e+12	4.5e+12	0	0	0	0
379	5e+24	4.5e+12	4.75e+12	0	0	0	0
380	5e+24	4.75e+12	0	0	0	0	0
381	5e+24	4.75e+12	2.5e+11	0	0	0	0
382	5e+24	4.75e+12	5e+11	0	0	0	0
383	5e+24	4.75e+12	7.5e+11	0	0	0	0
384	5e+24	4.75e+12	1e+12	0	0	0	0
385	5e+24	4.75e+12	1.25e+12	0	0	0	0
386	5e+24	4.75e+12	1.5e+12	0	0	0	0
387	5e+24	4.75e+12	1.75e+12	0	0	0	0
388	5e+24	4.75e+12	2e+12	0	0	0	0
389	5e+24	4.75e+12	2.25e+12	0	0	0	0
390	5e+24	4.75e+12	2.5e+12	0	0	0	0
391	5e+24	4.75e+12	2.75e+12	0	0	0	0
392	5e+24	4.75e+12	3e+12	0	0	0	0
393	5e+24	4.75e+12	3.25e+12	0	0	0	0
394	5e+24	4.75e+12	3.5e+12	0	0	0	0
395	5e+24	4.75e+12	3.75e+12	0	0	0	0
396	5e+24	4.75e+12	4e+12	0	0	0	0
397	5e+24	4.75e+12	4.25e+12	0	0	0	0
398	5e+24	4.75e+12	4.5e+12	0	0	0	0
399	5e+24	4.75e+12	4.75e+12	0	0	0	0
