625
0	5e+24	1.83648e+08	1.83648e+08	0	3.67322	3.67322	0	3.67422e-08	3.67422e-08	0
1	5e+24	2.18992e+08	2.00119e+11	0	4.38014	2.38616	0	4.38136e-08	2.38629e-08	0
2	5e+24	2.37126e+08	4.00092e+11	0	4.74283	1.83885	0	4.7441e-08	1.83892e-08	0
3	5e+24	2.48581e+08	6.00074e+11	0	4.97193	1.48738	0	4.9732e-08	1.48743e-08	0
4	5e+24	2.56581e+08	8.00061e+11	0	5.13193	1.22435	0	5.1332e-08	1.22438e-08	0
5	5e+24	2.62461e+08	1.00005e+12	0	5.24953	1.01082	0	5.2508e-08	1.01085e-08	0
6	5e+24	2.66894e+08	1.20004e+12	0	5.33819	0.828323	0	5.33945e-08	8.28341e-09	0
7	5e+24	2.70261e+08	1.40003e+12	0	5.40553	0.666572	0	5.40679e-08	6.66586e-09	0
8	5e+24	2.72796e+08	1.60003e+12	0	5.45623	0.519155	0	5.45748e-08	5.19165e-09	0
9	5e+24	2.74647e+08	1.80002e+12	0	5.49325	0.381704	0	5.49451e-08	3.81711e-09	0
10	5e+24	2.75911e+08	2.00001e+12	0	5.51852	0.251	0	5.51978e-08	2.51005e-09	0
11	5e+24	2.76647e+08	2.20001e+12	0	5.53325	0.124493	0	5.5345e-08	1.24495e-09	0
12	5e+24	2.76889e+08	2.4e+12	0	5.53809	-4.97522e-15	0	5.53934e-08	-8.67409e-23	0
13	5e+24	2.76647e+08	2.59999e+12	0	5.53325	-0.124493	0	5.5345e-08	-1.24495e-09	0
14	5e+24	2.75911e+08	2.79999e+12	0	5.51852	-0.251	0	5.51978e-08	-2.51005e-09	0
15	5e+24	2.74647e+08	2.99998e+12	0	5.49325	-0.381704	0	5.49451e-08	-3.81711e-09	0
16	5e+24	2.72796e+08	3.19997e+12	0	5.45623	-0.519155	0	5.45748e-08	-5.19165e-09	0
17	5e+24	2.70261e+08	3.39997e+12	0	5.40553	-0.666572	0	5.40679e-08	-6.66586e-09	0
18	5e+24	2.66894e+08	3.59996e+12	0	5.33819	-0.828323	0	5.33945e-08	-8.28341e-09	0
19	5e+24	2.62461e+08	3.79995e+12	0	5.24953	-1.01082	0	5.2508e-08	-1.01085e-08	0
20	5e+24	2.56581e+08	3.99994e+12	0	5.13193	-1.22435	0	5.1332e-08	-1.22438e-08	0
21	5e+24	2.48581e+08	4.19993e+12	0	4.97193	-1.48738	0	4.9732e-08	-1.48743e-08	0
22	5e+24	2.37126e+08	4.39991e+12	0	4.74283	-1.83885	0	4.7441e-08	-1.83892e-08	0
23	5e+24	2.18992e+08	4.59988e+12	0	4.38014	-2.38616	0	4.38136e-08	-2.38629e-08	0
24	5e+24	1.83648e+08	4.79982e+12	0	3.67322	-3.67322	0	3.67422e-08	-3.67422e-08	0
25	5e+24	2.00119e+11	2.18992e+08	0	2.38616	4.38014	0	2.38629e-08	4.38136e-08	0
26	5e+24	2.0014e+11	2.0014e+11	0	2.79716	2.79716	0	2.79732e-08	2.79732e-08	0
27	5e+24	2.00154e+11	4.00105e+11	0	3.08441	2.09967	0	3.0846e-08	2.09973e-08	0
28	5e+24	2.00164e+11	6.00083e+11	0	3.28637	1.66805	0	3.28658e-08	1.66808e-08	0
29	5e+24	2.00172e+11	8.00068e+11	0	3.43378	1.3563	0	3.434e-08	1.35632e-08	0
30	5e+24	2.00177e+11	1.00006e+12	0	3.5445	1.11006	0	3.54472e-08	1.11007e-08	0
31	5e+24	2.00181e+11	1.20005e+12	0	3.62895	0.903899	0	3.62917e-08	9.03911e-09	0
32	5e+24	2.00185e+11	1.40004e+12	0	3.69354	0.723998	0	3.69376e-08	7.24007e-09	0
33	5e+24	2.00187e+11	1.60003e+12	0	3.74236	0.561944	0	3.74258e-08	5.61951e-09	0
34	5e+24	2.00189e+11	1.80002e+12	0	3.77811	0.412144	0	3.77833e-08	4.12149e-09	0
35	5e+24	2.0019e+11	2.00001e+12	0	3.80255	0.270566	0	3.80277e-08	2.70568e-09	0
36	5e+24	2.00191e+11	2.20001e+12	0	3.8168	0.134068	0	3.81702e-08	1.34069e-09	0
37	5e+24	2.00191e+11	2.4e+12	0	3.82149	-2.45291e-15	0	3.82171e-08	-7.52831e-23	0
38	5e+24	2.00191e+11	2.59999e+12	0	3.8168	-0.134068	0	3.81702e-08	-1.34069e-09	0
39	5e+24	2.0019e+11	2.79999e+12	0	3.80255	-0.270566	0	3.80277e-08	-2.70568e-09	0
40	5e+24	2.00189e+11	2.99998e+12	0	3.77811	-0.412144	0	3.77833e-08	-4.12149e-09	0
41	5e+24	2.00187e+11	3.19997e+12	0	3.74236	-0.561944	0	3.74258e-08	-5.61951e-09	0
42	5e+24	2.00185e+11	3.39996e+12	0	3.69354	-0.723998	0	3.69376e-08	-7.24007e-09	0
43	5e+24	2.00181e+11	3.59995e+12	0	3.62895	-0.903899	0	3.62917e-08	-9.03911e-09	0
44	5e+24	2.00177e+11	3.79994e+12	0	3.5445	-1.11006	0	3.54472e-08	-1.11007e-08	0
45	5e+24	2.00172e+11	3.99993e+12	0	3.43378	-1.3563	0	3.434e-08	-1.35632e-08	0
46	5e+24	2.00164e+11	4.19992e+12	0	3.28637	-1.66805	0	3.28658e-08	-1.66808e-08	0
47	5e+24	2.00154e+11	4.3999e+12	0	3.08441	-2.09967	0	3.0846e-08	-2.09973e-08	0
48	5e+24	2.0014e+11	4.59986e+12	0	2.79716	-2.79716	0	2.79732e-08	-2.79732e-08	0
49	5e+24	2.00119e+11	4.79978e+12	0	2.38616	-4.38014	0	2.38629e-08	-4.38136e-08	0
50	5e+24	4.00092e+11	2.37126e+08	0	1.83885	4.74283	0	1.83892e-08	4.7441e-08	0
51	5e+24	4.00105e+11	2.00154e+11	0	2.09967	3.08441	0	2.09973e-08	3.0846e-08	0
52	5e+24	4.00116e+11	4.00116e+11	0	2.3123	2.3123	0	2.31237e-08	2.31237e-08	0
53	5e+24	4.00124e+11	6.00091e+11	0	2.47787	1.82634	0	2.47796e-08	1.82638e-08	0
54	5e+24	4.0013e+11	8.00074e+11	0	2.60594	1.47626	0	2.60603e-08	1.47628e-08	0
55	5e+24	4.00135e+11	1.00006e+12	0	2.70538	1.20216	0	2.70548e-08	1.20218e-08	0
56	5e+24	4.00139e+11	1.20005e+12	0	2.78277	0.974913	0	2.78287e-08	9.74925e-09	0
57	5e+24	4.00142e+11	1.40004e+12	0	2.8427	0.778372	0	2.84281e-08	7.7838e-09	0
58	5e+24	4.00144e+11	1.60003e+12	0	2.88838	0.602656	0	2.88848e-08	6.02662e-09	0
59	5e+24	4.00146e+11	1.80002e+12	0	2.92199	0.441196	0	2.9221e-08	4.41201e-09	0
60	5e+24	4.00147e+11	2.00001e+12	0	2.94505	0.289274	0	2.94516e-08	2.89277e-09	0
61	5e+24	4.00148e+11	2.20001e+12	0	2.95853	0.143232	0	2.95863e-08	1.43234e-09	0
62	5e+24	4.00148e+11	2.4e+12	0	2.96296	5.96219e-16	0	2.96307e-08	-1.63142e-23	0
63	5e+24	4.00148e+11	2.59999e+12	0	2.95853	-0.143232	0	2.95863e-08	-1.43234e-09	0
64	5e+24	4.00147e+11	2.79999e+12	0	2.94505	-0.289274	0	2.94516e-08	-2.89277e-09	0
65	5e+24	4.00146e+11	2.99998e+12	0	2.92199	-0.441196	0	2.9221e-08	-4.41201e-09	0
66	5e+24	4.00144e+11	3.19997e+12	0	2.88838	-0.602656	0	2.88848e-08	-6.02662e-09	0
67	5e+24	4.00142e+11	3.39996e+12	0	2.8427	-0.778372	0	2.84281e-08	-7.7838e-09	0
68	5e+24	4.00139e+11	3.59995e+12	0	2.78277	-0.974913	0	2.78287e-08	-9.74925e-09	0
69	5e+24	4.00135e+11	3.79994e+12	0	2.70538	-1.20216	0	2.70548e-08	-1.20218e-08	0
70	5e+24	4.0013e+11	3.99993e+12	0	2.60594	-1.47626	0	2.60603e-08	-1.47628e-08	0
71	5e+24	4.00124e+11	4.19991e+12	0	2.47787	-1.82634	0	2.47796e-08	-1.82638e-08	0
72	5e+24	4.00116e+11	4.39988e+12	0	2.3123	-2.3123	0	2.31237e-08	-2.31237e-08	0
73	5e+24	4.00105e+11	4.59985e+12	0	2.09967	-3.08441	0	2.09973e-08	-3.0846e-08	0
74	5e+24	4.00092e+11	4.79976e+12	0	1.83885	-4.74283	0	1.83892e-08	-4.7441e-08	0
75	5e+24	6.00074e+11	2.48581e+08	0	1.48738	4.97193	0	1.48743e-08	4.9732e-08	0
76	5e+24	6.00083e+11	2.00164e+11	0	1.66805	3.28637	0	1.66808e-08	3.28658e-08	0
77	5e+24	6.00091e+11	4.00124e+11	0	1.82634	2.47787	0	1.82638e-08	2.47796e-08	0
78	5e+24	6.00098e+11	6.00098e+11	0	1.9583	1.9583	0	1.95835e-08	1.95835e-08	0
79	5e+24	6.00103e+11	8.00079e+11	0	2.06562	1.58061	0	2.06567e-08	1.58063e-08	0
80	5e+24	6.00108e+11	1.00006e+12	0	2.15184	1.28445	0	2.1519e-08	1.28447e-08	0
81	5e+24	6.00111e+11	1.20005e+12	0	2.22049	1.03946	0	2.22055e-08	1.03947e-08	0
82	5e+24	6.00114e+11	1.40004e+12	0	2.27448	0.828354	0	2.27454e-08	8.28363e-09	0
83	5e+24	6.00116e+11	1.60003e+12	0	2.31605	0.640361	0	2.31611e-08	6.40368e-09	0
84	5e+24	6.00117e+11	1.80002e+12	0	2.34686	0.468235	0	2.34692e-08	4.6824e-09	0
85	5e+24	6.00118e+11	2.00002e+12	0	2.36809	0.30674	0	2.36816e-08	3.06743e-09	0
86	5e+24	6.00119e+11	2.20001e+12	0	2.38053	0.151803	0	2.3806e-08	1.51804e-09	0
87	5e+24	6.00119e+11	2.4e+12	0	2.38463	-1.95428e-16	0	2.3847e-08	-1.3453e-23	0
88	5e+24	6.00119e+11	2.59999e+12	0	2.38053	-0.151803	0	2.3806e-08	-1.51804e-09	0
89	5e+24	6.00118e+11	2.79998e+12	0	2.36809	-0.30674	0	2.36816e-08	-3.06743e-09	0
90	5e+24	6.00117e+11	2.99998e+12	0	2.34686	-0.468235	0	2.34692e-08	-4.6824e-09	0
91	5e+24	6.00116e+11	3.19997e+12	0	2.31605	-0.640361	0	2.31611e-08	-6.40368e-09	0
92	5e+24	6.00114e+11	3.39996e+12	0	2.27448	-0.828354	0	2.27454e-08	-8.28363e-09	0
93	5e+24	6.00111e+11	3.59995e+12	0	2.22049	-1.03946	0	2.22055e-08	-1.03947e-08	0
94	5e+24	6.00108e+11	3.79994e+12	0	2.15184	-1.28445	0	2.1519e-08	-1.28447e-08	0
95	5e+24	6.00103e+11	3.99992e+12	0	2.06562	-1.58061	0	2.06567e-08	-1.58063e-08	0
96	5e+24	6.00098e+11	4.1999e+12	0	1.9583	-1.9583	0	1.95835e-08	-1.95835e-08	0
97	5e+24	6.00091e+11	4.39988e+12	0	1.82634	-2.47787	0	1.82638e-08	-2.47796e-08	0
98	5e+24	6.00083e+11	4.59984e+12	0	1.66805	-3.28637	0	1.66808e-08	-3.28658e-08	0
99	5e+24	6.00074e+11	4.79975e+12	0	1.48738	-4.97193	0	1.48743e-08	-4.9732e-08	0
100	5e+24	8.00061e+11	2.56581e+08	0	1.22435	5.13193	0	1.22438e-08	5.1332e-08	0
101	5e+24	8.00068e+11	2.00172e+11	0	1.3563	3.43378	0	1.35632e-08	3.434e-08	0
102	5e+24	8.00074e+11	4.0013e+11	0	1.47626	2.60594	0	1.47628e-08	2.60603e-08	0
103	5e+24	8.00079e+11	6.00103e+11	0	1.58061	2.06562	0	1.58063e-08	2.06567e-08	0
104	5e+24	8.00083e+11	8.00083e+11	0	1.66871	1.66871	0	1.66874e-08	1.66874e-08	0
105	5e+24	8.00087e+11	1.00007e+12	0	1.74159	1.35579	0	1.74162e-08	1.35581e-08	0
106	5e+24	8.0009e+11	1.20005e+12	0	1.80088	1.09647	0	1.80092e-08	1.09648e-08	0
107	5e+24	8.00092e+11	1.40004e+12	0	1.84825	0.873069	0	1.84829e-08	8.73079e-09	0
108	5e+24	8.00094e+11	1.60003e+12	0	1.88512	0.674393	0	1.88516e-08	6.744e-09	0
109	5e+24	8.00096e+11	1.80002e+12	0	1.91267	0.492787	0	1.91271e-08	4.92792e-09	0
110	5e+24	8.00097e+11	2.00002e+12	0	1.93175	0.322661	0	1.93179e-08	3.22664e-09	0
111	5e+24	8.00097e+11	2.20001e+12	0	1.94296	0.159632	0	1.94301e-08	1.59634e-09	0
112	5e+24	8.00097e+11	2.4e+12	0	1.94666	-1.10404e-15	0	1.94671e-08	-2.94085e-23	0
113	5e+24	8.00097e+11	2.59999e+12	0	1.94296	-0.159632	0	1.94301e-08	-1.59634e-09	0
114	5e+24	8.00097e+11	2.79998e+12	0	1.93175	-0.322661	0	1.93179e-08	-3.22664e-09	0
115	5e+24	8.00096e+11	2.99998e+12	0	1.91267	-0.492787	0	1.91271e-08	-4.92792e-09	0
116	5e+24	8.00094e+11	3.19997e+12	0	1.88512	-0.674393	0	1.88516e-08	-6.744e-09	0
117	5e+24	8.00092e+11	3.39996e+12	0	1.84825	-0.873069	0	1.84829e-08	-8.73079e-09	0
118	5e+24	8.0009e+11	3.59995e+12	0	1.80088	-1.09647	0	1.80092e-08	-1.09648e-08	0
119	5e+24	8.00087e+11	3.79993e+12	0	1.74159	-1.35579	0	1.74162e-08	-1.35581e-08	0
120	5e+24	8.00083e+11	3.99992e+12	0	1.66871	-1.66871	0	1.66874e-08	-1.66874e-08	0
121	5e+24	8.00079e+11	4.1999e+12	0	1.58061	-2.06562	0	1.58063e-08	-2.06567e-08	0
122	5e+24	8.00074e+11	4.39987e+12	0	1.47626	-2.60594	0	1.47628e-08	-2.60603e-08	0
123	5e+24	8.00068e+11	4.59983e+12	0	1.3563	-3.43378	0	1.35632e-08	-3.434e-08	0
124	5e+24	8.00061e+11	4.79974e+12	0	1.22435	-5.13193	0	1.22438e-08	-5.1332e-08	0
125	5e+24	1.00005e+12	2.62461e+08	0	1.01082	5.24953	0	1.01085e-08	5.2508e-08	0
126	5e+24	1.00006e+12	2.00177e+11	0	1.11006	3.5445	0	1.11007e-08	3.54472e-08	0
127	5e+24	1.00006e+12	4.00135e+11	0	1.20216	2.70538	0	1.20218e-08	2.70548e-08	0
128	5e+24	1.00006e+12	6.00108e+11	0	1.28445	2.15184	0	1.28447e-08	2.1519e-08	0
129	5e+24	1.00007e+12	8.00087e+11	0	1.35579	1.74159	0	1.35581e-08	1.74162e-08	0
130	5e+24	1.00007e+12	1.00007e+12	0	1.41618	1.41618	0	1.41621e-08	1.41621e-08	0
131	5e+24	1.00007e+12	1.20006e+12	0	1.46623	1.14557	0	1.46626e-08	1.14558e-08	0
132	5e+24	1.00008e+12	1.40005e+12	0	1.50679	0.912076	0	1.50681e-08	9.12088e-09	0
133	5e+24	1.00008e+12	1.60004e+12	0	1.5387	0.704354	0	1.53873e-08	7.04362e-09	0
134	5e+24	1.00008e+12	1.80003e+12	0	1.56272	0.514541	0	1.56275e-08	5.14546e-09	0
135	5e+24	1.00008e+12	2.00002e+12	0	1.57945	0.336826	0	1.57948e-08	3.36829e-09	0
136	5e+24	1.00008e+12	2.20001e+12	0	1.58931	0.166615	0	1.58934e-08	1.66616e-09	0
137	5e+24	1.00008e+12	2.4e+12	0	1.59257	-1.51626e-16	0	1.5926e-08	-4.15335e-23	0
138	5e+24	1.00008e+12	2.59999e+12	0	1.58931	-0.166615	0	1.58934e-08	-1.66616e-09	0
139	5e+24	1.00008e+12	2.79998e+12	0	1.57945	-0.336826	0	1.57948e-08	-3.36829e-09	0
140	5e+24	1.00008e+12	2.99997e+12	0	1.56272	-0.514541	0	1.56275e-08	-5.14546e-09	0
141	5e+24	1.00008e+12	3.19996e+12	0	1.5387	-0.704354	0	1.53873e-08	-7.04362e-09	0
142	5e+24	1.00008e+12	3.39995e+12	0	1.50679	-0.912076	0	1.50681e-08	-9.12088e-09	0
143	5e+24	1.00007e+12	3.59994e+12	0	1.46623	-1.14557	0	1.46626e-08	-1.14558e-08	0
144	5e+24	1.00007e+12	3.79993e+12	0	1.41618	-1.41618	0	1.41621e-08	-1.41621e-08	0
145	5e+24	1.00007e+12	3.99991e+12	0	1.35579	-1.74159	0	1.35581e-08	-1.74162e-08	0
146	5e+24	1.00006e+12	4.19989e+12	0	1.28445	-2.15184	0	1.28447e-08	-2.1519e-08	0
147	5e+24	1.00006e+12	4.39986e+12	0	1.20216	-2.70538	0	1.20218e-08	-2.70548e-08	0
148	5e+24	1.00006e+12	4.59982e+12	0	1.11006	-3.5445	0	1.11007e-08	-3.54472e-08	0
149	5e+24	1.00005e+12	4.79974e+12	0	1.01082	-5.24953	0	1.01085e-08	-5.2508e-08	0
150	5e+24	1.20004e+12	2.66894e+08	0	0.828323	5.33819	0	8.28341e-09	5.33945e-08	0
151	5e+24	1.20005e+12	2.00181e+11	0	0.903899	3.62895	0	9.03911e-09	3.62917e-08	0
152	5e+24	1.20005e+12	4.00139e+11	0	0.974913	2.78277	0	9.74925e-09	2.78287e-08	0
153	5e+24	1.20005e+12	6.00111e+11	0	1.03946	2.22049	0	1.03947e-08	2.22055e-08	0
154	5e+24	1.20005e+12	8.0009e+11	0	1.09647	1.80088	0	1.09648e-08	1.80092e-08	0
155	5e+24	1.20006e+12	1.00007e+12	0	1.14557	1.46623	0	1.14558e-08	1.46626e-08	0
156	5e+24	1.20006e+12	1.20006e+12	0	1.18687	1.18687	0	1.18689e-08	1.18689e-08	0
157	5e+24	1.20006e+12	1.40005e+12	0	1.22074	0.94527	0	1.22076e-08	9.45283e-09	0
158	5e+24	1.20006e+12	1.60004e+12	0	1.24765	0.730071	0	1.24767e-08	7.3008e-09	0
159	5e+24	1.20006e+12	1.80003e+12	0	1.26805	0.533328	0	1.26807e-08	5.33334e-09	0
160	5e+24	1.20006e+12	2.00002e+12	0	1.28232	0.34911	0	1.28234e-08	3.49114e-09	0
161	5e+24	1.20006e+12	2.20001e+12	0	1.29077	0.172684	0	1.29079e-08	1.72686e-09	0
162	5e+24	1.20006e+12	2.4e+12	0	1.29356	1.40477e-17	0	1.29358e-08	-4.73997e-23	0
163	5e+24	1.20006e+12	2.59999e+12	0	1.29077	-0.172684	0	1.29079e-08	-1.72686e-09	0
164	5e+24	1.20006e+12	2.79998e+12	0	1.28232	-0.34911	0	1.28234e-08	-3.49114e-09	0
165	5e+24	1.20006e+12	2.99997e+12	0	1.26805	-0.533328	0	1.26807e-08	-5.33334e-09	0
166	5e+24	1.20006e+12	3.19996e+12	0	1.24765	-0.730071	0	1.24767e-08	-7.3008e-09	0
167	5e+24	1.20006e+12	3.39995e+12	0	1.22074	-0.94527	0	1.22076e-08	-9.45283e-09	0
168	5e+24	1.20006e+12	3.59994e+12	0	1.18687	-1.18687	0	1.18689e-08	-1.18689e-08	0
169	5e+24	1.20006e+12	3.79993e+12	0	1.14557	-1.46623	0	1.14558e-08	-1.46626e-08	0
170	5e+24	1.20005e+12	3.99991e+12	0	1.09647	-1.80088	0	1.09648e-08	-1.80092e-08	0
171	5e+24	1.20005e+12	4.19989e+12	0	1.03946	-2.22049	0	1.03947e-08	-2.22055e-08	0
172	5e+24	1.20005e+12	4.39986e+12	0	0.974913	-2.78277	0	9.74925e-09	-2.78287e-08	0
173	5e+24	1.20005e+12	4.59982e+12	0	0.903899	-3.62895	0	9.03911e-09	-3.62917e-08	0
174	5e+24	1.20004e+12	4.79973e+12	0	0.828323	-5.33819	0	8.28341e-09	-5.33945e-08	0
175	5e+24	1.40003e+12	2.70261e+08	0	0.666572	5.40553	0	6.66586e-09	5.40679e-08	0
176	5e+24	1.40004e+12	2.00185e+11	0	0.723998	3.69354	0	7.24007e-09	3.69376e-08	0
177	5e+24	1.40004e+12	4.00142e+11	0	0.778372	2.8427	0	7.7838e-09	2.84281e-08	0
178	5e+24	1.40004e+12	6.00114e+11	0	0.828354	2.27448	0	8.28363e-09	2.27454e-08	0
179	5e+24	1.40004e+12	8.00092e+11	0	0.873069	1.84825	0	8.73079e-09	1.84829e-08	0
180	5e+24	1.40005e+12	1.00008e+12	0	0.912076	1.50679	0	9.12088e-09	1.50681e-08	0
181	5e+24	1.40005e+12	1.20006e+12	0	0.94527	1.22074	0	9.45283e-09	1.22076e-08	0
182	5e+24	1.40005e+12	1.40005e+12	0	0.972761	0.972761	0	9.72774e-09	9.72774e-09	0
183	5e+24	1.40005e+12	1.60004e+12	0	0.99477	0.75153	0	9.94785e-09	7.5154e-09	0
184	5e+24	1.40005e+12	1.80003e+12	0	1.01156	0.549093	0	1.01157e-08	5.49099e-09	0
185	5e+24	1.40005e+12	2.00002e+12	0	1.02335	0.359457	0	1.02337e-08	3.59461e-09	0
186	5e+24	1.40005e+12	2.20001e+12	0	1.03035	0.177808	0	1.03037e-08	1.7781e-09	0
187	5e+24	1.40005e+12	2.4e+12	0	1.03267	-3.97536e-15	0	1.03269e-08	-9.45522e-23	0
188	5e+24	1.40005e+12	2.59999e+12	0	1.03035	-0.177808	0	1.03037e-08	-1.7781e-09	0
189	5e+24	1.40005e+12	2.79998e+12	0	1.02335	-0.359457	0	1.02337e-08	-3.59461e-09	0
190	5e+24	1.40005e+12	2.99997e+12	0	1.01156	-0.549093	0	1.01157e-08	-5.49099e-09	0
191	5e+24	1.40005e+12	3.19996e+12	0	0.99477	-0.75153	0	9.94785e-09	-7.5154e-09	0
192	5e+24	1.40005e+12	3.39995e+12	0	0.972761	-0.972761	0	9.72774e-09	-9.72774e-09	0
193	5e+24	1.40005e+12	3.59994e+12	0	0.94527	-1.22074	0	9.45283e-09	-1.22076e-08	0
194	5e+24	1.40005e+12	3.79992e+12	0	0.912076	-1.50679	0	9.12088e-09	-1.50681e-08	0
195	5e+24	1.40004e+12	3.99991e+12	0	0.873069	-1.84825	0	8.73079e-09	-1.84829e-08	0
196	5e+24	1.40004e+12	4.19989e+12	0	0.828354	-2.27448	0	8.28363e-09	-2.27454e-08	0
197	5e+24	1.40004e+12	4.39986e+12	0	0.778372	-2.8427	0	7.7838e-09	-2.84281e-08	0
198	5e+24	1.40004e+12	4.59982e+12	0	0.723998	-3.69354	0	7.24007e-09	-3.69376e-08	0
199	5e+24	1.40003e+12	4.79973e+12	0	0.666572	-5.40553	0	6.66586e-09	-5.40679e-08	0
200	5e+24	1.60003e+12	2.72796e+08	0	0.519155	5.45623	0	5.19165e-09	5.45748e-08	0
201	5e+24	1.60003e+12	2.00187e+11	0	0.561944	3.74236	0	5.61951e-09	3.74258e-08	0
202	5e+24	1.60003e+12	4.00144e+11	0	0.602656	2.88838	0	6.02662e-09	2.88848e-08	0
203	5e+24	1.60003e+12	6.00116e+11	0	0.640361	2.31605	0	6.40368e-09	2.31611e-08	0
204	5e+24	1.60003e+12	8.00094e+11	0	0.674393	1.88512	0	6.744e-09	1.88516e-08	0
205	5e+24	1.60004e+12	1.00008e+12	0	0.704354	1.5387	0	7.04362e-09	1.53873e-08	0
206	5e+24	1.60004e+12	1.20006e+12	0	0.730071	1.24765	0	7.3008e-09	1.24767e-08	0
207	5e+24	1.60004e+12	1.40005e+12	0	0.75153	0.99477	0	7.5154e-09	9.94785e-09	0
208	5e+24	1.60004e+12	1.60004e+12	0	0.76882	0.76882	0	7.6883e-09	7.6883e-09	0
209	5e+24	1.60004e+12	1.80003e+12	0	0.78207	0.561854	0	7.82082e-09	5.61861e-09	0
210	5e+24	1.60004e+12	2.00002e+12	0	0.791418	0.36786	0	7.9143e-09	3.67865e-09	0
211	5e+24	1.60004e+12	2.20001e+12	0	0.796977	0.181977	0	7.96989e-09	1.81979e-09	0
212	5e+24	1.60004e+12	2.4e+12	0	0.798822	-7.43427e-15	0	7.98833e-09	-1.10773e-22	0
213	5e+24	1.60004e+12	2.59999e+12	0	0.796977	-0.181977	0	7.96989e-09	-1.81979e-09	0
214	5e+24	1.60004e+12	2.79998e+12	0	0.791418	-0.36786	0	7.9143e-09	-3.67865e-09	0
215	5e+24	1.60004e+12	2.99997e+12	0	0.78207	-0.561854	0	7.82082e-09	-5.61861e-09	0
216	5e+24	1.60004e+12	3.19996e+12	0	0.76882	-0.76882	0	7.6883e-09	-7.6883e-09	0
217	5e+24	1.60004e+12	3.39995e+12	0	0.75153	-0.99477	0	7.5154e-09	-9.94785e-09	0
218	5e+24	1.60004e+12	3.59994e+12	0	0.730071	-1.24765	0	7.3008e-09	-1.24767e-08	0
219	5e+24	1.60004e+12	3.79992e+12	0	0.704354	-1.5387	0	7.04362e-09	-1.53873e-08	0
220	5e+24	1.60003e+12	3.99991e+12	0	0.674393	-1.88512	0	6.744e-09	-1.88516e-08	0
221	5e+24	1.60003e+12	4.19988e+12	0	0.640361	-2.31605	0	6.40368e-09	-2.31611e-08	0
222	5e+24	1.60003e+12	4.39986e+12	0	0.602656	-2.88838	0	6.02662e-09	-2.88848e-08	0
223	5e+24	1.60003e+12	4.59981e+12	0	0.561944	-3.74236	0	5.61951e-09	-3.74258e-08	0
224	5e+24	1.60003e+12	4.79973e+12	0	0.519155	-5.45623	0	5.19165e-09	-5.45748e-08	0
225	5e+24	1.80002e+12	2.74647e+08	0	0.381704	5.49325	0	3.81711e-09	5.49451e-08	0
226	5e+24	1.80002e+12	2.00189e+11	0	0.412144	3.77811	0	4.12149e-09	3.77833e-08	0
227	5e+24	1.80002e+12	4.00146e+11	0	0.441196	2.92199	0	4.41201e-09	2.9221e-08	0
228	5e+24	1.80002e+12	6.00117e+11	0	0.468235	2.34686	0	4.6824e-09	2.34692e-08	0
229	5e+24	1.80002e+12	8.00096e+11	0	0.492787	1.91267	0	4.92792e-09	1.91271e-08	0
230	5e+24	1.80003e+12	1.00008e+12	0	0.514541	1.56272	0	5.14546e-09	1.56275e-08	0
231	5e+24	1.80003e+12	1.20006e+12	0	0.533328	1.26805	0	5.33334e-09	1.26807e-08	0
232	5e+24	1.80003e+12	1.40005e+12	0	0.549093	1.01156	0	5.49099e-09	1.01157e-08	0
233	5e+24	1.80003e+12	1.60004e+12	0	0.561854	0.78207	0	5.61861e-09	7.82082e-09	0
234	5e+24	1.80003e+12	1.80003e+12	0	0.571671	0.571671	0	5.71679e-09	5.71679e-09	0
235	5e+24	1.80003e+12	2.00002e+12	0	0.578617	0.374342	0	5.78624e-09	3.74347e-09	0
236	5e+24	1.80003e+12	2.20001e+12	0	0.582754	0.185198	0	5.82762e-09	1.852e-09	0
237	5e+24	1.80003e+12	2.4e+12	0	0.584128	-7.1865e-15	0	5.84137e-09	-1.14794e-22	0
238	5e+24	1.80003e+12	2.59999e+12	0	0.582754	-0.185198	0	5.82762e-09	-1.852e-09	0
239	5e+24	1.80003e+12	2.79998e+12	0	0.578617	-0.374342	0	5.78624e-09	-3.74347e-09	0
240	5e+24	1.80003e+12	2.99997e+12	0	0.571671	-0.571671	0	5.71679e-09	-5.71679e-09	0
241	5e+24	1.80003e+12	3.19996e+12	0	0.561854	-0.78207	0	5.61861e-09	-7.82082e-09	0
242	5e+24	1.80003e+12	3.39995e+12	0	0.549093	-1.01156	0	5.49099e-09	-1.01157e-08	0
243	5e+24	1.80003e+12	3.59994e+12	0	0.533328	-1.26805	0	5.33334e-09	-1.26807e-08	0
244	5e+24	1.80003e+12	3.79992e+12	0	0.514541	-1.56272	0	5.14546e-09	-1.56275e-08	0
245	5e+24	1.80002e+12	3.9999e+12	0	0.492787	-1.91267	0	4.92792e-09	-1.91271e-08	0
246	5e+24	1.80002e+12	4.19988e+12	0	0.468235	-2.34686	0	4.6824e-09	-2.34692e-08	0
247	5e+24	1.80002e+12	4.39985e+12	0	0.441196	-2.92199	0	4.41201e-09	-2.9221e-08	0
248	5e+24	1.80002e+12	4.59981e+12	0	0.412144	-3.77811	0	4.12149e-09	-3.77833e-08	0
249	5e+24	1.80002e+12	4.79973e+12	0	0.381704	-5.49325	0	3.81711e-09	-5.49451e-08	0
250	5e+24	2.00001e+12	2.75911e+08	0	0.251	5.51852	0	2.51005e-09	5.51978e-08	0
251	5e+24	2.00001e+12	2.0019e+11	0	0.270566	3.80255	0	2.70568e-09	3.80277e-08	0
252	5e+24	2.00001e+12	4.00147e+11	0	0.289274	2.94505	0	2.89277e-09	2.94516e-08	0
253	5e+24	2.00002e+12	6.00118e+11	0	0.30674	2.36809	0	3.06743e-09	2.36816e-08	0
254	5e+24	2.00002e+12	8.00097e+11	0	0.322661	1.93175	0	3.22664e-09	1.93179e-08	0
255	5e+24	2.00002e+12	1.00008e+12	0	0.336826	1.57945	0	3.36829e-09	1.57948e-08	0
256	5e+24	2.00002e+12	1.20006e+12	0	0.34911	1.28232	0	3.49114e-09	1.28234e-08	0
257	5e+24	2.00002e+12	1.40005e+12	0	0.359457	1.02335	0	3.59461e-09	1.02337e-08	0
258	5e+24	2.00002e+12	1.60004e+12	0	0.36786	0.791418	0	3.67865e-09	7.9143e-09	0
259	5e+24	2.00002e+12	1.80003e+12	0	0.374342	0.578617	0	3.74347e-09	5.78624e-09	0
260	5e+24	2.00002e+12	2.00002e+12	0	0.378936	0.378936	0	3.78941e-09	3.78941e-09	0
261	5e+24	2.00002e+12	2.20001e+12	0	0.381677	0.187484	0	3.81682e-09	1.87486e-09	0
262	5e+24	2.00002e+12	2.4e+12	0	0.382588	-9.92474e-15	0	3.82593e-09	-1.53284e-22	0
263	5e+24	2.00002e+12	2.59999e+12	0	0.381677	-0.187484	0	3.81682e-09	-1.87486e-09	0
264	5e+24	2.00002e+12	2.79998e+12	0	0.378936	-0.378936	0	3.78941e-09	-3.78941e-09	0
265	5e+24	2.00002e+12	2.99997e+12	0	0.374342	-0.578617	0	3.74347e-09	-5.78624e-09	0
266	5e+24	2.00002e+12	3.19996e+12	0	0.36786	-0.791418	0	3.67865e-09	-7.9143e-09	0
267	5e+24	2.00002e+12	3.39995e+12	0	0.359457	-1.02335	0	3.59461e-09	-1.02337e-08	0
268	5e+24	2.00002e+12	3.59994e+12	0	0.34911	-1.28232	0	3.49114e-09	-1.28234e-08	0
269	5e+24	2.00002e+12	3.79992e+12	0	0.336826	-1.57945	0	3.36829e-09	-1.57948e-08	0
270	5e+24	2.00002e+12	3.9999e+12	0	0.322661	-1.93175	0	3.22664e-09	-1.93179e-08	0
271	5e+24	2.00002e+12	4.19988e+12	0	0.30674	-2.36809	0	3.06743e-09	-2.36816e-08	0
272	5e+24	2.00001e+12	4.39985e+12	0	0.289274	-2.94505	0	2.89277e-09	-2.94516e-08	0
273	5e+24	2.00001e+12	4.59981e+12	0	0.270566	-3.80255	0	2.70568e-09	-3.80277e-08	0
274	5e+24	2.00001e+12	4.79972e+12	0	0.251	-5.51852	0	2.51005e-09	-5.51978e-08	0
275	5e+24	2.20001e+12	2.76647e+08	0	0.124493	5.53325	0	1.24495e-09	5.5345e-08	0
276	5e+24	2.20001e+12	2.00191e+11	0	0.134068	3.8168	0	1.34069e-09	3.81702e-08	0
277	5e+24	2.20001e+12	4.00148e+11	0	0.143232	2.95853	0	1.43234e-09	2.95863e-08	0
278	5e+24	2.20001e+12	6.00119e+11	0	0.151803	2.38053	0	1.51804e-09	2.3806e-08	0
279	5e+24	2.20001e+12	8.00097e+11	0	0.159632	1.94296	0	1.59634e-09	1.94301e-08	0
280	5e+24	2.20001e+12	1.00008e+12	0	0.166615	1.58931	0	1.66616e-09	1.58934e-08	0
281	5e+24	2.20001e+12	1.20006e+12	0	0.172684	1.29077	0	1.72686e-09	1.29079e-08	0
282	5e+24	2.20001e+12	1.40005e+12	0	0.177808	1.03035	0	1.7781e-09	1.03037e-08	0
283	5e+24	2.20001e+12	1.60004e+12	0	0.181977	0.796977	0	1.81979e-09	7.96989e-09	0
284	5e+24	2.20001e+12	1.80003e+12	0	0.185198	0.582754	0	1.852e-09	5.82762e-09	0
285	5e+24	2.20001e+12	2.00002e+12	0	0.187484	0.381677	0	1.87486e-09	3.81682e-09	0
286	5e+24	2.20001e+12	2.20001e+12	0	0.188848	0.188848	0	1.88851e-09	1.88851e-09	0
287	5e+24	2.20001e+12	2.4e+12	0	0.189302	-1.28095e-14	0	1.89304e-09	-1.86953e-22	0
288	5e+24	2.20001e+12	2.59999e+12	0	0.188848	-0.188848	0	1.88851e-09	-1.88851e-09	0
289	5e+24	2.20001e+12	2.79998e+12	0	0.187484	-0.381677	0	1.87486e-09	-3.81682e-09	0
290	5e+24	2.20001e+12	2.99997e+12	0	0.185198	-0.582754	0	1.852e-09	-5.82762e-09	0
291	5e+24	2.20001e+12	3.19996e+12	0	0.181977	-0.796977	0	1.81979e-09	-7.96989e-09	0
292	5e+24	2.20001e+12	3.39995e+12	0	0.177808	-1.03035	0	1.7781e-09	-1.03037e-08	0
293	5e+24	2.20001e+12	3.59994e+12	0	0.172684	-1.29077	0	1.72686e-09	-1.29079e-08	0
294	5e+24	2.20001e+12	3.79992e+12	0	0.166615	-1.58931	0	1.66616e-09	-1.58934e-08	0
295	5e+24	2.20001e+12	3.9999e+12	0	0.159632	-1.94296	0	1.59634e-09	-1.94301e-08	0
296	5e+24	2.20001e+12	4.19988e+12	0	0.151803	-2.38053	0	1.51804e-09	-2.3806e-08	0
297	5e+24	2.20001e+12	4.39985e+12	0	0.143232	-2.95853	0	1.43234e-09	-2.95863e-08	0
298	5e+24	2.20001e+12	4.59981e+12	0	0.134068	-3.8168	0	1.34069e-09	-3.81702e-08	0
299	5e+24	2.20001e+12	4.79972e+12	0	0.124493	-5.53325	0	1.24495e-09	-5.5345e-08	0
300	5e+24	2.4e+12	2.76889e+08	0	-4.97619e-15	5.53809	0	-8.43312e-23	5.53934e-08	0
301	5e+24	2.4e+12	2.00191e+11	0	-2.46712e-15	3.82149	0	-7.93746e-23	3.82171e-08	0
302	5e+24	2.4e+12	4.00148e+11	0	5.87613e-16	2.96296	0	-1.41744e-23	2.96307e-08	0
303	5e+24	2.4e+12	6.00119e+11	0	-1.71982e-16	2.38463	0	-3.48458e-23	2.3847e-08	0
304	5e+24	2.4e+12	8.00097e+11	0	-1.13137e-15	1.94666	0	-1.06063e-23	1.94671e-08	0
305	5e+24	2.4e+12	1.00008e+12	0	-1.32938e-16	1.59257	0	-2.23969e-23	1.5926e-08	0
306	5e+24	2.4e+12	1.20006e+12	0	2.26527e-17	1.29356	0	-3.65139e-23	1.29358e-08	0
307	5e+24	2.4e+12	1.40005e+12	0	-3.94367e-15	1.03267	0	-1.01835e-22	1.03269e-08	0
308	5e+24	2.4e+12	1.60004e+12	0	-7.39138e-15	0.798822	0	-1.09849e-22	7.98833e-09	0
309	5e+24	2.4e+12	1.80003e+12	0	-7.13746e-15	0.584128	0	-1.11524e-22	5.84137e-09	0
310	5e+24	2.4e+12	2.00002e+12	0	-9.922e-15	0.382588	0	-1.39842e-22	3.82593e-09	0
311	5e+24	2.4e+12	2.20001e+12	0	-1.28416e-14	0.189302	0	-2.05813e-22	1.89304e-09	0
312	5e+24	2.4e+12	2.4e+12	0	-1.05345e-14	-1.05591e-14	0	-1.55588e-22	-1.50738e-22	0
313	5e+24	2.4e+12	2.59999e+12	0	-1.27884e-14	-0.189302	0	-1.85805e-22	-1.89304e-09	0
314	5e+24	2.4e+12	2.79998e+12	0	-9.94897e-15	-0.382588	0	-1.48621e-22	-3.82593e-09	0
315	5e+24	2.4e+12	2.99997e+12	0	-7.18995e-15	-0.584128	0	-1.08865e-22	-5.84137e-09	0
316	5e+24	2.4e+12	3.19996e+12	0	-7.42611e-15	-0.798822	0	-1.22772e-22	-7.98833e-09	0
317	5e+24	2.4e+12	3.39995e+12	0	-4.00306e-15	-1.03267	0	-8.04304e-23	-1.03269e-08	0
318	5e+24	2.4e+12	3.59994e+12	0	-2.18388e-17	-1.29356	0	-1.27373e-23	-1.29358e-08	0
319	5e+24	2.4e+12	3.79992e+12	0	-1.33898e-16	-1.59257	0	-4.00019e-23	-1.5926e-08	0
320	5e+24	2.4e+12	3.9999e+12	0	-1.05649e-15	-1.94666	0	-4.14754e-23	-1.94671e-08	0
321	5e+24	2.4e+12	4.19988e+12	0	-1.9283e-16	-2.38463	0	-2.30447e-23	-2.3847e-08	0
322	5e+24	2.4e+12	4.39985e+12	0	5.81714e-16	-2.96296	0	4.04543e-24	-2.96307e-08	0
323	5e+24	2.4e+12	4.59981e+12	0	-2.46523e-15	-3.82149	0	-7.88342e-23	-3.82171e-08	0
324	5e+24	2.4e+12	4.79972e+12	0	-4.98149e-15	-5.53809	0	-9.10545e-23	-5.53934e-08	0
325	5e+24	2.59999e+12	2.76647e+08	0	-0.124493	5.53325	0	-1.24495e-09	5.5345e-08	0
326	5e+24	2.59999e+12	2.00191e+11	0	-0.134068	3.8168	0	-1.34069e-09	3.81702e-08	0
327	5e+24	2.59999e+12	4.00148e+11	0	-0.143232	2.95853	0	-1.43234e-09	2.95863e-08	0
328	5e+24	2.59999e+12	6.00119e+11	0	-0.151803	2.38053	0	-1.51804e-09	2.3806e-08	0
329	5e+24	2.59999e+12	8.00097e+11	0	-0.159632	1.94296	0	-1.59634e-09	1.94301e-08	0
330	5e+24	2.59999e+12	1.00008e+12	0	-0.166615	1.58931	0	-1.66616e-09	1.58934e-08	0
331	5e+24	2.59999e+12	1.20006e+12	0	-0.172684	1.29077	0	-1.72686e-09	1.29079e-08	0
332	5e+24	2.59999e+12	1.40005e+12	0	-0.177808	1.03035	0	-1.7781e-09	1.03037e-08	0
333	5e+24	2.59999e+12	1.60004e+12	0	-0.181977	0.796977	0	-1.81979e-09	7.96989e-09	0
334	5e+24	2.59999e+12	1.80003e+12	0	-0.185198	0.582754	0	-1.852e-09	5.82762e-09	0
335	5e+24	2.59999e+12	2.00002e+12	0	-0.187484	0.381677	0	-1.87486e-09	3.81682e-09	0
336	5e+24	2.59999e+12	2.20001e+12	0	-0.188848	0.188848	0	-1.88851e-09	1.88851e-09	0
337	5e+24	2.59999e+12	2.4e+12	0	-0.189302	-1.28037e-14	0	-1.89304e-09	-1.87088e-22	0
338	5e+24	2.59999e+12	2.59999e+12	0	-0.188848	-0.188848	0	-1.88851e-09	-1.88851e-09	0
339	5e+24	2.59999e+12	2.79998e+12	0	-0.187484	-0.381677	0	-1.87486e-09	-3.81682e-09	0
340	5e+24	2.59999e+12	2.99997e+12	0	-0.185198	-0.582754	0	-1.852e-09	-5.82762e-09	0
341	5e+24	2.59999e+12	3.19996e+12	0	-0.181977	-0.796977	0	-1.81979e-09	-7.96989e-09	0
342	5e+24	2.59999e+12	3.39995e+12	0	-0.177808	-1.03035	0	-1.7781e-09	-1.03037e-08	0
343	5e+24	2.59999e+12	3.59994e+12	0	-0.172684	-1.29077	0	-1.72686e-09	-1.29079e-08	0
344	5e+24	2.59999e+12	3.79992e+12	0	-0.166615	-1.58931	0	-1.66616e-09	-1.58934e-08	0
345	5e+24	2.59999e+12	3.9999e+12	0	-0.159632	-1.94296	0	-1.59634e-09	-1.94301e-08	0
346	5e+24	2.59999e+12	4.19988e+12	0	-0.151803	-2.38053	0	-1.51804e-09	-2.3806e-08	0
347	5e+24	2.59999e+12	4.39985e+12	0	-0.143232	-2.95853	0	-1.43234e-09	-2.95863e-08	0
348	5e+24	2.59999e+12	4.59981e+12	0	-0.134068	-3.8168	0	-1.34069e-09	-3.81702e-08	0
349	5e+24	2.59999e+12	4.79972e+12	0	-0.124493	-5.53325	0	-1.24495e-09	-5.5345e-08	0
350	5e+24	2.79999e+12	2.75911e+08	0	-0.251	5.51852	0	-2.51005e-09	5.51978e-08	0
351	5e+24	2.79999e+12	2.0019e+11	0	-0.270566	3.80255	0	-2.70568e-09	3.80277e-08	0
352	5e+24	2.79999e+12	4.00147e+11	0	-0.289274	2.94505	0	-2.89277e-09	2.94516e-08	0
353	5e+24	2.79998e+12	6.00118e+11	0	-0.30674	2.36809	0	-3.06743e-09	2.36816e-08	0
354	5e+24	2.79998e+12	8.00097e+11	0	-0.322661	1.93175	0	-3.22664e-09	1.93179e-08	0
355	5e+24	2.79998e+12	1.00008e+12	0	-0.336826	1.57945	0	-3.36829e-09	1.57948e-08	0
356	5e+24	2.79998e+12	1.20006e+12	0	-0.34911	1.28232	0	-3.49114e-09	1.28234e-08	0
357	5e+24	2.79998e+12	1.40005e+12	0	-0.359457	1.02335	0	-3.59461e-09	1.02337e-08	0
358	5e+24	2.79998e+12	1.60004e+12	0	-0.36786	0.791418	0	-3.67865e-09	7.9143e-09	0
359	5e+24	2.79998e+12	1.80003e+12	0	-0.374342	0.578617	0	-3.74347e-09	5.78624e-09	0
360	5e+24	2.79998e+12	2.00002e+12	0	-0.378936	0.378936	0	-3.78941e-09	3.78941e-09	0
361	5e+24	2.79998e+12	2.20001e+12	0	-0.381677	0.187484	0	-3.81682e-09	1.87486e-09	0
362	5e+24	2.79998e+12	2.4e+12	0	-0.382588	-9.9253e-15	0	-3.82593e-09	-1.54512e-22	0
363	5e+24	2.79998e+12	2.59999e+12	0	-0.381677	-0.187484	0	-3.81682e-09	-1.87486e-09	0
364	5e+24	2.79998e+12	2.79998e+12	0	-0.378936	-0.378936	0	-3.78941e-09	-3.78941e-09	0
365	5e+24	2.79998e+12	2.99997e+12	0	-0.374342	-0.578617	0	-3.74347e-09	-5.78624e-09	0
366	5e+24	2.79998e+12	3.19996e+12	0	-0.36786	-0.791418	0	-3.67865e-09	-7.9143e-09	0
367	5e+24	2.79998e+12	3.39995e+12	0	-0.359457	-1.02335	0	-3.59461e-09	-1.02337e-08	0
368	5e+24	2.79998e+12	3.59994e+12	0	-0.34911	-1.28232	0	-3.49114e-09	-1.28234e-08	0
369	5e+24	2.79998e+12	3.79992e+12	0	-0.336826	-1.57945	0	-3.36829e-09	-1.57948e-08	0
370	5e+24	2.79998e+12	3.9999e+12	0	-0.322661	-1.93175	0	-3.22664e-09	-1.93179e-08	0
371	5e+24	2.79998e+12	4.19988e+12	0	-0.30674	-2.36809	0	-3.06743e-09	-2.36816e-08	0
372	5e+24	2.79999e+12	4.39985e+12	0	-0.289274	-2.94505	0	-2.89277e-09	-2.94516e-08	0
373	5e+24	2.79999e+12	4.59981e+12	0	-0.270566	-3.80255	0	-2.70568e-09	-3.80277e-08	0
374	5e+24	2.79999e+12	4.79972e+12	0	-0.251	-5.51852	0	-2.51005e-09	-5.51978e-08	0
375	5e+24	2.99998e+12	2.74647e+08	0	-0.381704	5.49325	0	-3.81711e-09	5.49451e-08	0
376	5e+24	2.99998e+12	2.00189e+11	0	-0.412144	3.77811	0	-4.12149e-09	3.77833e-08	0
377	5e+24	2.99998e+12	4.00146e+11	0	-0.441196	2.92199	0	-4.41201e-09	2.9221e-08	0
378	5e+24	2.99998e+12	6.00117e+11	0	-0.468235	2.34686	0	-4.6824e-09	2.34692e-08	0
379	5e+24	2.99998e+12	8.00096e+11	0	-0.492787	1.91267	0	-4.92792e-09	1.91271e-08	0
380	5e+24	2.99997e+12	1.00008e+12	0	-0.514541	1.56272	0	-5.14546e-09	1.56275e-08	0
381	5e+24	2.99997e+12	1.20006e+12	0	-0.533328	1.26805	0	-5.33334e-09	1.26807e-08	0
382	5e+24	2.99997e+12	1.40005e+12	0	-0.549093	1.01156	0	-5.49099e-09	1.01157e-08	0
383	5e+24	2.99997e+12	1.60004e+12	0	-0.561854	0.78207	0	-5.61861e-09	7.82082e-09	0
384	5e+24	2.99997e+12	1.80003e+12	0	-0.571671	0.571671	0	-5.71679e-09	5.71679e-09	0
385	5e+24	2.99997e+12	2.00002e+12	0	-0.578617	0.374342	0	-5.78624e-09	3.74347e-09	0
386	5e+24	2.99997e+12	2.20001e+12	0	-0.582754	0.185198	0	-5.82762e-09	1.852e-09	0
387	5e+24	2.99997e+12	2.4e+12	0	-0.584128	-7.19153e-15	0	-5.84137e-09	-1.14261e-22	0
388	5e+24	2.99997e+12	2.59999e+12	0	-0.582754	-0.185198	0	-5.82762e-09	-1.852e-09	0
389	5e+24	2.99997e+12	2.79998e+12	0	-0.578617	-0.374342	0	-5.78624e-09	-3.74347e-09	0
390	5e+24	2.99997e+12	2.99997e+12	0	-0.571671	-0.571671	0	-5.71679e-09	-5.71679e-09	0
391	5e+24	2.99997e+12	3.19996e+12	0	-0.561854	-0.78207	0	-5.61861e-09	-7.82082e-09	0
392	5e+24	2.99997e+12	3.39995e+12	0	-0.549093	-1.01156	0	-5.49099e-09	-1.01157e-08	0
393	5e+24	2.99997e+12	3.59994e+12	0	-0.533328	-1.26805	0	-5.33334e-09	-1.26807e-08	0
394	5e+24	2.99997e+12	3.79992e+12	0	-0.514541	-1.56272	0	-5.14546e-09	-1.56275e-08	0
395	5e+24	2.99998e+12	3.9999e+12	0	-0.492787	-1.91267	0	-4.92792e-09	-1.91271e-08	0
396	5e+24	2.99998e+12	4.19988e+12	0	-0.468235	-2.34686	0	-4.6824e-09	-2.34692e-08	0
397	5e+24	2.99998e+12	4.39985e+12	0	-0.441196	-2.92199	0	-4.41201e-09	-2.9221e-08	0
398	5e+24	2.99998e+12	4.59981e+12	0	-0.412144	-3.77811	0	-4.12149e-09	-3.77833e-08	0
399	5e+24	2.99998e+12	4.79973e+12	0	-0.381704	-5.49325	0	-3.81711e-09	-5.49451e-08	0
400	5e+24	3.19997e+12	2.72796e+08	0	-0.519155	5.45623	0	-5.19165e-09	5.45748e-08	0
401	5e+24	3.19997e+12	2.00187e+11	0	-0.561944	3.74236	0	-5.61951e-09	3.74258e-08	0
402	5e+24	3.19997e+12	4.00144e+11	0	-0.602656	2.88838	0	-6.02662e-09	2.88848e-08	0
403	5e+24	3.19997e+12	6.00116e+11	0	-0.640361	2.31605	0	-6.40368e-09	2.31611e-08	0
404	5e+24	3.19997e+12	8.00094e+11	0	-0.674393	1.88512	0	-6.744e-09	1.88516e-08	0
405	5e+24	3.19996e+12	1.00008e+12	0	-0.704354	1.5387	0	-7.04362e-09	1.53873e-08	0
406	5e+24	3.19996e+12	1.20006e+12	0	-0.730071	1.24765	0	-7.3008e-09	1.24767e-08	0
407	5e+24	3.19996e+12	1.40005e+12	0	-0.75153	0.99477	0	-7.5154e-09	9.94785e-09	0
408	5e+24	3.19996e+12	1.60004e+12	0	-0.76882	0.76882	0	-7.6883e-09	7.6883e-09	0
409	5e+24	3.19996e+12	1.80003e+12	0	-0.78207	0.561854	0	-7.82082e-09	5.61861e-09	0
410	5e+24	3.19996e+12	2.00002e+12	0	-0.791418	0.36786	0	-7.9143e-09	3.67865e-09	0
411	5e+24	3.19996e+12	2.20001e+12	0	-0.796977	0.181977	0	-7.96989e-09	1.81979e-09	0
412	5e+24	3.19996e+12	2.4e+12	0	-0.798822	-7.43133e-15	0	-7.98833e-09	-1.10597e-22	0
413	5e+24	3.19996e+12	2.59999e+12	0	-0.796977	-0.181977	0	-7.96989e-09	-1.81979e-09	0
414	5e+24	3.19996e+12	2.79998e+12	0	-0.791418	-0.36786	0	-7.9143e-09	-3.67865e-09	0
415	5e+24	3.19996e+12	2.99997e+12	0	-0.78207	-0.561854	0	-7.82082e-09	-5.61861e-09	0
416	5e+24	3.19996e+12	3.19996e+12	0	-0.76882	-0.76882	0	-7.6883e-09	-7.6883e-09	0
417	5e+24	3.19996e+12	3.39995e+12	0	-0.75153	-0.99477	0	-7.5154e-09	-9.94785e-09	0
418	5e+24	3.19996e+12	3.59994e+12	0	-0.730071	-1.24765	0	-7.3008e-09	-1.24767e-08	0
419	5e+24	3.19996e+12	3.79992e+12	0	-0.704354	-1.5387	0	-7.04362e-09	-1.53873e-08	0
420	5e+24	3.19997e+12	3.99991e+12	0	-0.674393	-1.88512	0	-6.744e-09	-1.88516e-08	0
421	5e+24	3.19997e+12	4.19988e+12	0	-0.640361	-2.31605	0	-6.40368e-09	-2.31611e-08	0
422	5e+24	3.19997e+12	4.39986e+12	0	-0.602656	-2.88838	0	-6.02662e-09	-2.88848e-08	0
423	5e+24	3.19997e+12	4.59981e+12	0	-0.561944	-3.74236	0	-5.61951e-09	-3.74258e-08	0
424	5e+24	3.19997e+12	4.79973e+12	0	-0.519155	-5.45623	0	-5.19165e-09	-5.45748e-08	0
425	5e+24	3.39997e+12	2.70261e+08	0	-0.666572	5.40553	0	-6.66586e-09	5.40679e-08	0
426	5e+24	3.39996e+12	2.00185e+11	0	-0.723998	3.69354	0	-7.24007e-09	3.69376e-08	0
427	5e+24	3.39996e+12	4.00142e+11	0	-0.778372	2.8427	0	-7.7838e-09	2.84281e-08	0
428	5e+24	3.39996e+12	6.00114e+11	0	-0.828354	2.27448	0	-8.28363e-09	2.27454e-08	0
429	5e+24	3.39996e+12	8.00092e+11	0	-0.873069	1.84825	0	-8.73079e-09	1.84829e-08	0
430	5e+24	3.39995e+12	1.00008e+12	0	-0.912076	1.50679	0	-9.12088e-09	1.50681e-08	0
431	5e+24	3.39995e+12	1.20006e+12	0	-0.94527	1.22074	0	-9.45283e-09	1.22076e-08	0
432	5e+24	3.39995e+12	1.40005e+12	0	-0.972761	0.972761	0	-9.72774e-09	9.72774e-09	0
433	5e+24	3.39995e+12	1.60004e+12	0	-0.99477	0.75153	0	-9.94785e-09	7.5154e-09	0
434	5e+24	3.39995e+12	1.80003e+12	0	-1.01156	0.549093	0	-1.01157e-08	5.49099e-09	0
435	5e+24	3.39995e+12	2.00002e+12	0	-1.02335	0.359457	0	-1.02337e-08	3.59461e-09	0
436	5e+24	3.39995e+12	2.20001e+12	0	-1.03035	0.177808	0	-1.03037e-08	1.7781e-09	0
437	5e+24	3.39995e+12	2.4e+12	0	-1.03267	-3.97692e-15	0	-1.03269e-08	-9.70257e-23	0
438	5e+24	3.39995e+12	2.59999e+12	0	-1.03035	-0.177808	0	-1.03037e-08	-1.7781e-09	0
439	5e+24	3.39995e+12	2.79998e+12	0	-1.02335	-0.359457	0	-1.02337e-08	-3.59461e-09	0
440	5e+24	3.39995e+12	2.99997e+12	0	-1.01156	-0.549093	0	-1.01157e-08	-5.49099e-09	0
441	5e+24	3.39995e+12	3.19996e+12	0	-0.99477	-0.75153	0	-9.94785e-09	-7.5154e-09	0
442	5e+24	3.39995e+12	3.39995e+12	0	-0.972761	-0.972761	0	-9.72774e-09	-9.72774e-09	0
443	5e+24	3.39995e+12	3.59994e+12	0	-0.94527	-1.22074	0	-9.45283e-09	-1.22076e-08	0
444	5e+24	3.39995e+12	3.79992e+12	0	-0.912076	-1.50679	0	-9.12088e-09	-1.50681e-08	0
445	5e+24	3.39996e+12	3.99991e+12	0	-0.873069	-1.84825	0	-8.73079e-09	-1.84829e-08	0
446	5e+24	3.39996e+12	4.19989e+12	0	-0.828354	-2.27448	0	-8.28363e-09	-2.27454e-08	0
447	5e+24	3.39996e+12	4.39986e+12	0	-0.778372	-2.8427	0	-7.7838e-09	-2.84281e-08	0
448	5e+24	3.39996e+12	4.59982e+12	0	-0.723998	-3.69354	0	-7.24007e-09	-3.69376e-08	0
449	5e+24	3.39997e+12	4.79973e+12	0	-0.666572	-5.40553	0	-6.66586e-09	-5.40679e-08	0
450	5e+24	3.59996e+12	2.66894e+08	0	-0.828323	5.33819	0	-8.28341e-09	5.33945e-08	0
451	5e+24	3.59995e+12	2.00181e+11	0	-0.903899	3.62895	0	-9.03911e-09	3.62917e-08	0
452	5e+24	3.59995e+12	4.00139e+11	0	-0.974913	2.78277	0	-9.74925e-09	2.78287e-08	0
453	5e+24	3.59995e+12	6.00111e+11	0	-1.03946	2.22049	0	-1.03947e-08	2.22055e-08	0
454	5e+24	3.59995e+12	8.0009e+11	0	-1.09647	1.80088	0	-1.09648e-08	1.80092e-08	0
455	5e+24	3.59994e+12	1.00007e+12	0	-1.14557	1.46623	0	-1.14558e-08	1.46626e-08	0
456	5e+24	3.59994e+12	1.20006e+12	0	-1.18687	1.18687	0	-1.18689e-08	1.18689e-08	0
457	5e+24	3.59994e+12	1.40005e+12	0	-1.22074	0.94527	0	-1.22076e-08	9.45283e-09	0
458	5e+24	3.59994e+12	1.60004e+12	0	-1.24765	0.730071	0	-1.24767e-08	7.3008e-09	0
459	5e+24	3.59994e+12	1.80003e+12	0	-1.26805	0.533328	0	-1.26807e-08	5.33334e-09	0
460	5e+24	3.59994e+12	2.00002e+12	0	-1.28232	0.34911	0	-1.28234e-08	3.49114e-09	0
461	5e+24	3.59994e+12	2.20001e+12	0	-1.29077	0.172684	0	-1.29079e-08	1.72686e-09	0
462	5e+24	3.59994e+12	2.4e+12	0	-1.29356	9.91464e-18	0	-1.29358e-08	-4.55789e-23	0
463	5e+24	3.59994e+12	2.59999e+12	0	-1.29077	-0.172684	0	-1.29079e-08	-1.72686e-09	0
464	5e+24	3.59994e+12	2.79998e+12	0	-1.28232	-0.34911	0	-1.28234e-08	-3.49114e-09	0
465	5e+24	3.59994e+12	2.99997e+12	0	-1.26805	-0.533328	0	-1.26807e-08	-5.33334e-09	0
466	5e+24	3.59994e+12	3.19996e+12	0	-1.24765	-0.730071	0	-1.24767e-08	-7.3008e-09	0
467	5e+24	3.59994e+12	3.39995e+12	0	-1.22074	-0.94527	0	-1.22076e-08	-9.45283e-09	0
468	5e+24	3.59994e+12	3.59994e+12	0	-1.18687	-1.18687	0	-1.18689e-08	-1.18689e-08	0
469	5e+24	3.59994e+12	3.79993e+12	0	-1.14557	-1.46623	0	-1.14558e-08	-1.46626e-08	0
470	5e+24	3.59995e+12	3.99991e+12	0	-1.09647	-1.80088	0	-1.09648e-08	-1.80092e-08	0
471	5e+24	3.59995e+12	4.19989e+12	0	-1.03946	-2.22049	0	-1.03947e-08	-2.22055e-08	0
472	5e+24	3.59995e+12	4.39986e+12	0	-0.974913	-2.78277	0	-9.74925e-09	-2.78287e-08	0
473	5e+24	3.59995e+12	4.59982e+12	0	-0.903899	-3.62895	0	-9.03911e-09	-3.62917e-08	0
474	5e+24	3.59996e+12	4.79973e+12	0	-0.828323	-5.33819	0	-8.28341e-09	-5.33945e-08	0
475	5e+24	3.79995e+12	2.62461e+08	0	-1.01082	5.24953	0	-1.01085e-08	5.2508e-08	0
476	5e+24	3.79994e+12	2.00177e+11	0	-1.11006	3.5445	0	-1.11007e-08	3.54472e-08	0
477	5e+24	3.79994e+12	4.00135e+11	0	-1.20216	2.70538	0	-1.20218e-08	2.70548e-08	0
478	5e+24	3.79994e+12	6.00108e+11	0	-1.28445	2.15184	0	-1.28447e-08	2.1519e-08	0
479	5e+24	3.79993e+12	8.00087e+11	0	-1.35579	1.74159	0	-1.35581e-08	1.74162e-08	0
480	5e+24	3.79993e+12	1.00007e+12	0	-1.41618	1.41618	0	-1.41621e-08	1.41621e-08	0
481	5e+24	3.79993e+12	1.20006e+12	0	-1.46623	1.14557	0	-1.46626e-08	1.14558e-08	0
482	5e+24	3.79992e+12	1.40005e+12	0	-1.50679	0.912076	0	-1.50681e-08	9.12088e-09	0
483	5e+24	3.79992e+12	1.60004e+12	0	-1.5387	0.704354	0	-1.53873e-08	7.04362e-09	0
484	5e+24	3.79992e+12	1.80003e+12	0	-1.56272	0.514541	0	-1.56275e-08	5.14546e-09	0
485	5e+24	3.79992e+12	2.00002e+12	0	-1.57945	0.336826	0	-1.57948e-08	3.36829e-09	0
486	5e+24	3.79992e+12	2.20001e+12	0	-1.58931	0.166615	0	-1.58934e-08	1.66616e-09	0
487	5e+24	3.79992e+12	2.4e+12	0	-1.59257	-1.50752e-16	0	-1.5926e-08	-4.38858e-23	0
488	5e+24	3.79992e+12	2.59999e+12	0	-1.58931	-0.166615	0	-1.58934e-08	-1.66616e-09	0
489	5e+24	3.79992e+12	2.79998e+12	0	-1.57945	-0.336826	0	-1.57948e-08	-3.36829e-09	0
490	5e+24	3.79992e+12	2.99997e+12	0	-1.56272	-0.514541	0	-1.56275e-08	-5.14546e-09	0
491	5e+24	3.79992e+12	3.19996e+12	0	-1.5387	-0.704354	0	-1.53873e-08	-7.04362e-09	0
492	5e+24	3.79992e+12	3.39995e+12	0	-1.50679	-0.912076	0	-1.50681e-08	-9.12088e-09	0
493	5e+24	3.79993e+12	3.59994e+12	0	-1.46623	-1.14557	0	-1.46626e-08	-1.14558e-08	0
494	5e+24	3.79993e+12	3.79993e+12	0	-1.41618	-1.41618	0	-1.41621e-08	-1.41621e-08	0
495	5e+24	3.79993e+12	3.99991e+12	0	-1.35579	-1.74159	0	-1.35581e-08	-1.74162e-08	0
496	5e+24	3.79994e+12	4.19989e+12	0	-1.28445	-2.15184	0	-1.28447e-08	-2.1519e-08	0
497	5e+24	3.79994e+12	4.39986e+12	0	-1.20216	-2.70538	0	-1.20218e-08	-2.70548e-08	0
498	5e+24	3.79994e+12	4.59982e+12	0	-1.11006	-3.5445	0	-1.11007e-08	-3.54472e-08	0
499	5e+24	3.79995e+12	4.79974e+12	0	-1.01082	-5.24953	0	-1.01085e-08	-5.2508e-08	0
500	5e+24	3.99994e+12	2.56581e+08	0	-1.22435	5.13193	0	-1.22438e-08	5.1332e-08	0
501	5e+24	3.99993e+12	2.00172e+11	0	-1.3563	3.43378	0	-1.35632e-08	3.434e-08	0
502	5e+24	3.99993e+12	4.0013e+11	0	-1.47626	2.60594	0	-1.47628e-08	2.60603e-08	0
503	5e+24	3.99992e+12	6.00103e+11	0	-1.58061	2.06562	0	-1.58063e-08	2.06567e-08	0
504	5e+24	3.99992e+12	8.00083e+11	0	-1.66871	1.66871	0	-1.66874e-08	1.66874e-08	0
505	5e+24	3.99991e+12	1.00007e+12	0	-1.74159	1.35579	0	-1.74162e-08	1.35581e-08	0
506	5e+24	3.99991e+12	1.20005e+12	0	-1.80088	1.09647	0	-1.80092e-08	1.09648e-08	0
507	5e+24	3.99991e+12	1.40004e+12	0	-1.84825	0.873069	0	-1.84829e-08	8.73079e-09	0
508	5e+24	3.99991e+12	1.60003e+12	0	-1.88512	0.674393	0	-1.88516e-08	6.744e-09	0
509	5e+24	3.9999e+12	1.80002e+12	0	-1.91267	0.492787	0	-1.91271e-08	4.92792e-09	0
510	5e+24	3.9999e+12	2.00002e+12	0	-1.93175	0.322661	0	-1.93179e-08	3.22664e-09	0
511	5e+24	3.9999e+12	2.20001e+12	0	-1.94296	0.159632	0	-1.94301e-08	1.59634e-09	0
512	5e+24	3.9999e+12	2.4e+12	0	-1.94666	-1.09921e-15	0	-1.94671e-08	-3.24927e-23	0
513	5e+24	3.9999e+12	2.59999e+12	0	-1.94296	-0.159632	0	-1.94301e-08	-1.59634e-09	0
514	5e+24	3.9999e+12	2.79998e+12	0	-1.93175	-0.322661	0	-1.93179e-08	-3.22664e-09	0
515	5e+24	3.9999e+12	2.99998e+12	0	-1.91267	-0.492787	0	-1.91271e-08	-4.92792e-09	0
516	5e+24	3.99991e+12	3.19997e+12	0	-1.88512	-0.674393	0	-1.88516e-08	-6.744e-09	0
517	5e+24	3.99991e+12	3.39996e+12	0	-1.84825	-0.873069	0	-1.84829e-08	-8.73079e-09	0
518	5e+24	3.99991e+12	3.59995e+12	0	-1.80088	-1.09647	0	-1.80092e-08	-1.09648e-08	0
519	5e+24	3.99991e+12	3.79993e+12	0	-1.74159	-1.35579	0	-1.74162e-08	-1.35581e-08	0
520	5e+24	3.99992e+12	3.99992e+12	0	-1.66871	-1.66871	0	-1.66874e-08	-1.66874e-08	0
521	5e+24	3.99992e+12	4.1999e+12	0	-1.58061	-2.06562	0	-1.58063e-08	-2.06567e-08	0
522	5e+24	3.99993e+12	4.39987e+12	0	-1.47626	-2.60594	0	-1.47628e-08	-2.60603e-08	0
523	5e+24	3.99993e+12	4.59983e+12	0	-1.3563	-3.43378	0	-1.35632e-08	-3.434e-08	0
524	5e+24	3.99994e+12	4.79974e+12	0	-1.22435	-5.13193	0	-1.22438e-08	-5.1332e-08	0
525	5e+24	4.19993e+12	2.48581e+08	0	-1.48738	4.97193	0	-1.48743e-08	4.9732e-08	0
526	5e+24	4.19992e+12	2.00164e+11	0	-1.66805	3.28637	0	-1.66808e-08	3.28658e-08	0
527	5e+24	4.19991e+12	4.00124e+11	0	-1.82634	2.47787	0	-1.82638e-08	2.47796e-08	0
528	5e+24	4.1999e+12	6.00098e+11	0	-1.9583	1.9583	0	-1.95835e-08	1.95835e-08	0
529	5e+24	4.1999e+12	8.00079e+11	0	-2.06562	1.58061	0	-2.06567e-08	1.58063e-08	0
530	5e+24	4.19989e+12	1.00006e+12	0	-2.15184	1.28445	0	-2.1519e-08	1.28447e-08	0
531	5e+24	4.19989e+12	1.20005e+12	0	-2.22049	1.03946	0	-2.22055e-08	1.03947e-08	0
532	5e+24	4.19989e+12	1.40004e+12	0	-2.27448	0.828354	0	-2.27454e-08	8.28363e-09	0
533	5e+24	4.19988e+12	1.60003e+12	0	-2.31605	0.640361	0	-2.31611e-08	6.40368e-09	0
534	5e+24	4.19988e+12	1.80002e+12	0	-2.34686	0.468235	0	-2.34692e-08	4.6824e-09	0
535	5e+24	4.19988e+12	2.00002e+12	0	-2.36809	0.30674	0	-2.36816e-08	3.06743e-09	0
536	5e+24	4.19988e+12	2.20001e+12	0	-2.38053	0.151803	0	-2.3806e-08	1.51804e-09	0
537	5e+24	4.19988e+12	2.4e+12	0	-2.38463	-1.98786e-16	0	-2.3847e-08	-1.71834e-23	0
538	5e+24	4.19988e+12	2.59999e+12	0	-2.38053	-0.151803	0	-2.3806e-08	-1.51804e-09	0
539	5e+24	4.19988e+12	2.79998e+12	0	-2.36809	-0.30674	0	-2.36816e-08	-3.06743e-09	0
540	5e+24	4.19988e+12	2.99998e+12	0	-2.34686	-0.468235	0	-2.34692e-08	-4.6824e-09	0
541	5e+24	4.19988e+12	3.19997e+12	0	-2.31605	-0.640361	0	-2.31611e-08	-6.40368e-09	0
542	5e+24	4.19989e+12	3.39996e+12	0	-2.27448	-0.828354	0	-2.27454e-08	-8.28363e-09	0
543	5e+24	4.19989e+12	3.59995e+12	0	-2.22049	-1.03946	0	-2.22055e-08	-1.03947e-08	0
544	5e+24	4.19989e+12	3.79994e+12	0	-2.15184	-1.28445	0	-2.1519e-08	-1.28447e-08	0
545	5e+24	4.1999e+12	3.99992e+12	0	-2.06562	-1.58061	0	-2.06567e-08	-1.58063e-08	0
546	5e+24	4.1999e+12	4.1999e+12	0	-1.9583	-1.9583	0	-1.95835e-08	-1.95835e-08	0
547	5e+24	4.19991e+12	4.39988e+12	0	-1.82634	-2.47787	0	-1.82638e-08	-2.47796e-08	0
548	5e+24	4.19992e+12	4.59984e+12	0	-1.66805	-3.28637	0	-1.66808e-08	-3.28658e-08	0
549	5e+24	4.19993e+12	4.79975e+12	0	-1.48738	-4.97193	0	-1.48743e-08	-4.9732e-08	0
550	5e+24	4.39991e+12	2.37126e+08	0	-1.83885	4.74283	0	-1.83892e-08	4.7441e-08	0
551	5e+24	4.3999e+12	2.00154e+11	0	-2.09967	3.08441	0	-2.09973e-08	3.0846e-08	0
552	5e+24	4.39988e+12	4.00116e+11	0	-2.3123	2.3123	0	-2.31237e-08	2.31237e-08	0
553	5e+24	4.39988e+12	6.00091e+11	0	-2.47787	1.82634	0	-2.47796e-08	1.82638e-08	0
554	5e+24	4.39987e+12	8.00074e+11	0	-2.60594	1.47626	0	-2.60603e-08	1.47628e-08	0
555	5e+24	4.39986e+12	1.00006e+12	0	-2.70538	1.20216	0	-2.70548e-08	1.20218e-08	0
556	5e+24	4.39986e+12	1.20005e+12	0	-2.78277	0.974913	0	-2.78287e-08	9.74925e-09	0
557	5e+24	4.39986e+12	1.40004e+12	0	-2.8427	0.778372	0	-2.84281e-08	7.7838e-09	0
558	5e+24	4.39986e+12	1.60003e+12	0	-2.88838	0.602656	0	-2.88848e-08	6.02662e-09	0
559	5e+24	4.39985e+12	1.80002e+12	0	-2.92199	0.441196	0	-2.9221e-08	4.41201e-09	0
560	5e+24	4.39985e+12	2.00001e+12	0	-2.94505	0.289274	0	-2.94516e-08	2.89277e-09	0
561	5e+24	4.39985e+12	2.20001e+12	0	-2.95853	0.143232	0	-2.95863e-08	1.43234e-09	0
562	5e+24	4.39985e+12	2.4e+12	0	-2.96296	5.98338e-16	0	-2.96307e-08	-1.33835e-23	0
563	5e+24	4.39985e+12	2.59999e+12	0	-2.95853	-0.143232	0	-2.95863e-08	-1.43234e-09	0
564	5e+24	4.39985e+12	2.79999e+12	0	-2.94505	-0.289274	0	-2.94516e-08	-2.89277e-09	0
565	5e+24	4.39985e+12	2.99998e+12	0	-2.92199	-0.441196	0	-2.9221e-08	-4.41201e-09	0
566	5e+24	4.39986e+12	3.19997e+12	0	-2.88838	-0.602656	0	-2.88848e-08	-6.02662e-09	0
567	5e+24	4.39986e+12	3.39996e+12	0	-2.8427	-0.778372	0	-2.84281e-08	-7.7838e-09	0
568	5e+24	4.39986e+12	3.59995e+12	0	-2.78277	-0.974913	0	-2.78287e-08	-9.74925e-09	0
569	5e+24	4.39986e+12	3.79994e+12	0	-2.70538	-1.20216	0	-2.70548e-08	-1.20218e-08	0
570	5e+24	4.39987e+12	3.99993e+12	0	-2.60594	-1.47626	0	-2.60603e-08	-1.47628e-08	0
571	5e+24	4.39988e+12	4.19991e+12	0	-2.47787	-1.82634	0	-2.47796e-08	-1.82638e-08	0
572	5e+24	4.39988e+12	4.39988e+12	0	-2.3123	-2.3123	0	-2.31237e-08	-2.31237e-08	0
573	5e+24	4.3999e+12	4.59985e+12	0	-2.09967	-3.08441	0	-2.09973e-08	-3.0846e-08	0
574	5e+24	4.39991e+12	4.79976e+12	0	-1.83885	-4.74283	0	-1.83892e-08	-4.7441e-08	0
575	5e+24	4.59988e+12	2.18992e+08	0	-2.38616	4.38014	0	-2.38629e-08	4.38136e-08	0
576	5e+24	4.59986e+12	2.0014e+11	0	-2.79716	2.79716	0	-2.79732e-08	2.79732e-08	0
577	5e+24	4.59985e+12	4.00105e+11	0	-3.08441	2.09967	0	-3.0846e-08	2.09973e-08	0
578	5e+24	4.59984e+12	6.00083e+11	0	-3.28637	1.66805	0	-3.28658e-08	1.66808e-08	0
579	5e+24	4.59983e+12	8.00068e+11	0	-3.43378	1.3563	0	-3.434e-08	1.35632e-08	0
580	5e+24	4.59982e+12	1.00006e+12	0	-3.5445	1.11006	0	-3.54472e-08	1.11007e-08	0
581	5e+24	4.59982e+12	1.20005e+12	0	-3.62895	0.903899	0	-3.62917e-08	9.03911e-09	0
582	5e+24	4.59982e+12	1.40004e+12	0	-3.69354	0.723998	0	-3.69376e-08	7.24007e-09	0
583	5e+24	4.59981e+12	1.60003e+12	0	-3.74236	0.561944	0	-3.74258e-08	5.61951e-09	0
584	5e+24	4.59981e+12	1.80002e+12	0	-3.77811	0.412144	0	-3.77833e-08	4.12149e-09	0
585	5e+24	4.59981e+12	2.00001e+12	0	-3.80255	0.270566	0	-3.80277e-08	2.70568e-09	0
586	5e+24	4.59981e+12	2.20001e+12	0	-3.8168	0.134068	0	-3.81702e-08	1.34069e-09	0
587	5e+24	4.59981e+12	2.4e+12	0	-3.82149	-2.45185e-15	0	-3.82171e-08	-7.60683e-23	0
588	5e+24	4.59981e+12	2.59999e+12	0	-3.8168	-0.134068	0	-3.81702e-08	-1.34069e-09	0
589	5e+24	4.59981e+12	2.79999e+12	0	-3.80255	-0.270566	0	-3.80277e-08	-2.70568e-09	0
590	5e+24	4.59981e+12	2.99998e+12	0	-3.77811	-0.412144	0	-3.77833e-08	-4.12149e-09	0
591	5e+24	4.59981e+12	3.19997e+12	0	-3.74236	-0.561944	0	-3.74258e-08	-5.61951e-09	0
592	5e+24	4.59982e+12	3.39996e+12	0	-3.69354	-0.723998	0	-3.69376e-08	-7.24007e-09	0
593	5e+24	4.59982e+12	3.59995e+12	0	-3.62895	-0.903899	0	-3.62917e-08	-9.03911e-09	0
594	5e+24	4.59982e+12	3.79994e+12	0	-3.5445	-1.11006	0	-3.54472e-08	-1.11007e-08	0
595	5e+24	4.59983e+12	3.99993e+12	0	-3.43378	-1.3563	0	-3.434e-08	-1.35632e-08	0
596	5e+24	4.59984e+12	4.19992e+12	0	-3.28637	-1.66805	0	-3.28658e-08	-1.66808e-08	0
597	5e+24	4.59985e+12	4.3999e+12	0	-3.08441	-2.09967	0	-3.0846e-08	-2.09973e-08	0
598	5e+24	4.59986e+12	4.59986e+12	0	-2.79716	-2.79716	0	-2.79732e-08	-2.79732e-08	0
599	5e+24	4.59988e+12	4.79978e+12	0	-2.38616	-4.38014	0	-2.38629e-08	-4.38136e-08	0
600	5e+24	4.79982e+12	1.83648e+08	0	-3.67322	3.67322	0	-3.67422e-08	3.67422e-08	0
601	5e+24	4.79978e+12	2.00119e+11	0	-4.38014	2.38616	0	-4.38136e-08	2.38629e-08	0
602	5e+24	4.79976e+12	4.00092e+11	0	-4.74283	1.83885	0	-4.7441e-08	1.83892e-08	0
603	5e+24	4.79975e+12	6.00074e+11	0	-4.97193	1.48738	0	-4.9732e-08	1.48743e-08	0
604	5e+24	4.79974e+12	8.00061e+11	0	-5.13193	1.22435	0	-5.1332e-08	1.22438e-08	0
605	5e+24	4.79974e+12	1.00005e+12	0	-5.24953	1.01082	0	-5.2508e-08	1.01085e-08	0
606	5e+24	4.79973e+12	1.20004e+12	0	-5.33819	0.828323	0	-5.33945e-08	8.28341e-09	0
607	5e+24	4.79973e+12	1.40003e+12	0	-5.40553	0.666572	0	-5.40679e-08	6.66586e-09	0
608	5e+24	4.79973e+12	1.60003e+12	0	-5.45623	0.519155	0	-5.45748e-08	5.19165e-09	0
609	5e+24	4.79973e+12	1.80002e+12	0	-5.49325	0.381704	0	-5.49451e-08	3.81711e-09	0
610	5e+24	4.79972e+12	2.00001e+12	0	-5.51852	0.251	0	-5.51978e-08	2.51005e-09	0
611	5e+24	4.79972e+12	2.20001e+12	0	-5.53325	0.124493	0	-5.5345e-08	1.24495e-09	0
612	5e+24	4.79972e+12	2.4e+12	0	-5.53809	-4.97468e-15	0	-5.53934e-08	-8.77652e-23	0
613	5e+24	4.79972e+12	2.59999e+12	0	-5.53325	-0.124493	0	-5.5345e-08	-1.24495e-09	0
614	5e+24	4.79972e+12	2.79999e+12	0	-5.51852	-0.251	0	-5.51978e-08	-2.51005e-09	0
615	5e+24	4.79973e+12	2.99998e+12	0	-5.49325	-0.381704	0	-5.49451e-08	-3.81711e-09	0
616	5e+24	4.79973e+12	3.19997e+12	0	-5.45623	-0.519155	0	-5.45748e-08	-5.19165e-09	0
617	5e+24	4.79973e+12	3.39997e+12	0	-5.40553	-0.666572	0	-5.40679e-08	-6.66586e-09	0
618	5e+24	4.79973e+12	3.59996e+12	0	-5.33819	-0.828323	0	-5.33945e-08	-8.28341e-09	0
619	5e+24	4.79974e+12	3.79995e+12	0	-5.24953	-1.01082	0	-5.2508e-08	-1.01085e-08	0
620	5e+24	4.79974e+12	3.99994e+12	0	-5.13193	-1.22435	0	-5.1332e-08	-1.22438e-08	0
621	5e+24	4.79975e+12	4.19993e+12	0	-4.97193	-1.48738	0	-4.9732e-08	-1.48743e-08	0
622	5e+24	4.79976e+12	4.39991e+12	0	-4.74283	-1.83885	0	-4.7441e-08	-1.83892e-08	0
623	5e+24	4.79978e+12	4.59988e+12	0	-4.38014	-2.38616	0	-4.38136e-08	-2.38629e-08	0
624	5e+24	4.79982e+12	4.79982e+12	0	-3.67322	-3.67322	0	-3.67422e-08	-3.67422e-08	0
