625
0	5e+24	165272	165272	0	0.110181	0.110181	0	3.67272e-08	3.67272e-08	0
1	5e+24	197079	2e+11	0	0.131386	0.0715826	0	4.37954e-08	2.38609e-08	0
2	5e+24	213399	4e+11	0	0.142266	0.0551643	0	4.7422e-08	1.83881e-08	0
3	5e+24	223708	6e+11	0	0.149139	0.0446207	0	4.9713e-08	1.48736e-08	0
4	5e+24	230908	8e+11	0	0.153939	0.0367301	0	5.1313e-08	1.22434e-08	0
5	5e+24	236200	1e+12	0	0.157467	0.0303243	0	5.2489e-08	1.01081e-08	0
6	5e+24	240190	1.2e+12	0	0.160127	0.0248494	0	5.33756e-08	8.28314e-09	0
7	5e+24	243221	1.4e+12	0	0.162147	0.019997	0	5.4049e-08	6.66565e-09	0
8	5e+24	245502	1.6e+12	0	0.163668	0.0155745	0	5.4556e-08	5.1915e-09	0
9	5e+24	247168	1.8e+12	0	0.164779	0.011451	0	5.49262e-08	3.817e-09	0
10	5e+24	248305	2e+12	0	0.165537	0.00752994	0	5.5179e-08	2.50998e-09	0
11	5e+24	248968	2.2e+12	0	0.165979	0.00373475	0	5.53263e-08	1.24492e-09	0
12	5e+24	249186	2.4e+12	0	0.166124	-2.7348e-18	0	5.53746e-08	3.11808e-24	0
13	5e+24	248968	2.6e+12	0	0.165979	-0.00373475	0	5.53263e-08	-1.24492e-09	0
14	5e+24	248305	2.8e+12	0	0.165537	-0.00752994	0	5.5179e-08	-2.50998e-09	0
15	5e+24	247168	3e+12	0	0.164779	-0.011451	0	5.49262e-08	-3.817e-09	0
16	5e+24	245502	3.2e+12	0	0.163668	-0.0155745	0	5.4556e-08	-5.1915e-09	0
17	5e+24	243221	3.4e+12	0	0.162147	-0.019997	0	5.4049e-08	-6.66565e-09	0
18	5e+24	240190	3.6e+12	0	0.160127	-0.0248494	0	5.33756e-08	-8.28314e-09	0
19	5e+24	236200	3.8e+12	0	0.157467	-0.0303243	0	5.2489e-08	-1.01081e-08	0
20	5e+24	230908	4e+12	0	0.153939	-0.0367301	0	5.1313e-08	-1.22434e-08	0
21	5e+24	223708	4.2e+12	0	0.149139	-0.0446207	0	4.9713e-08	-1.48736e-08	0
22	5e+24	213399	4.4e+12	0	0.142266	-0.0551643	0	4.7422e-08	-1.83881e-08	0
23	5e+24	197079	4.6e+12	0	0.131386	-0.0715826	0	4.37954e-08	-2.38609e-08	0
24	5e+24	165272	4.8e+12	0	0.110181	-0.110181	0	3.67272e-08	-3.67272e-08	0
25	5e+24	2e+11	197079	0	0.0715826	0.131386	0	2.38609e-08	4.37954e-08	0
26	5e+24	2e+11	2e+11	0	0.0839125	0.0839125	0	2.79708e-08	2.79708e-08	0
27	5e+24	2e+11	4e+11	0	0.0925292	0.0629891	0	3.08431e-08	2.09964e-08	0
28	5e+24	2e+11	6e+11	0	0.0985879	0.0500409	0	3.28626e-08	1.66803e-08	0
29	5e+24	2e+11	8e+11	0	0.10301	0.0406886	0	3.43368e-08	1.35629e-08	0
30	5e+24	2e+11	1e+12	0	0.106332	0.0333014	0	3.54439e-08	1.11005e-08	0
31	5e+24	2e+11	1.2e+12	0	0.108865	0.0271168	0	3.62884e-08	9.03893e-09	0
32	5e+24	2e+11	1.4e+12	0	0.110803	0.0217198	0	3.69343e-08	7.23994e-09	0
33	5e+24	2e+11	1.6e+12	0	0.112267	0.0168582	0	3.74225e-08	5.61941e-09	0
34	5e+24	2e+11	1.8e+12	0	0.11334	0.0123643	0	3.778e-08	4.12142e-09	0
35	5e+24	2e+11	2e+12	0	0.114073	0.00811692	0	3.80244e-08	2.70564e-09	0
36	5e+24	2e+11	2.2e+12	0	0.114501	0.004022	0	3.8167e-08	1.34067e-09	0
37	5e+24	2e+11	2.4e+12	0	0.114641	6.82442e-18	0	3.82138e-08	7.00599e-24	0
38	5e+24	2e+11	2.6e+12	0	0.114501	-0.004022	0	3.8167e-08	-1.34067e-09	0
39	5e+24	2e+11	2.8e+12	0	0.114073	-0.00811692	0	3.80244e-08	-2.70564e-09	0
40	5e+24	2e+11	3e+12	0	0.11334	-0.0123643	0	3.778e-08	-4.12142e-09	0
41	5e+24	2e+11	3.2e+12	0	0.112267	-0.0168582	0	3.74225e-08	-5.61941e-09	0
42	5e+24	2e+11	3.4e+12	0	0.110803	-0.0217198	0	3.69343e-08	-7.23994e-09	0
43	5e+24	2e+11	3.6e+12	0	0.108865	-0.0271168	0	3.62884e-08	-9.03893e-09	0
44	5e+24	2e+11	3.8e+12	0	0.106332	-0.0333014	0	3.54439e-08	-1.11005e-08	0
45	5e+24	2e+11	4e+12	0	0.10301	-0.0406886	0	3.43368e-08	-1.35629e-08	0
46	5e+24	2e+11	4.2e+12	0	0.0985879	-0.0500409	0	3.28626e-08	-1.66803e-08	0
47	5e+24	2e+11	4.4e+12	0	0.0925292	-0.0629891	0	3.08431e-08	-2.09964e-08	0
48	5e+24	2e+11	4.6e+12	0	0.0839125	-0.0839125	0	2.79708e-08	-2.79708e-08	0
49	5e+24	2e+11	4.8e+12	0	0.0715826	-0.131386	0	2.38609e-08	-4.37954e-08	0
50	5e+24	4e+11	213399	0	0.0551643	0.142266	0	1.83881e-08	4.7422e-08	0
51	5e+24	4e+11	2e+11	0	0.0629891	0.0925292	0	2.09964e-08	3.08431e-08	0
52	5e+24	4e+11	4e+11	0	0.0693677	0.0693677	0	2.31226e-08	2.31226e-08	0
53	5e+24	4e+11	6e+11	0	0.0743348	0.0547897	0	2.47783e-08	1.82632e-08	0
54	5e+24	4e+11	8e+11	0	0.0781767	0.0442873	0	2.60589e-08	1.47624e-08	0
55	5e+24	4e+11	1e+12	0	0.08116	0.0360645	0	2.70533e-08	1.20215e-08	0
56	5e+24	4e+11	1.2e+12	0	0.0834816	0.0292472	0	2.78272e-08	9.74907e-09	0
57	5e+24	4e+11	1.4e+12	0	0.0852796	0.023351	0	2.84265e-08	7.78368e-09	0
58	5e+24	4e+11	1.6e+12	0	0.0866497	0.0180796	0	2.88832e-08	6.02653e-09	0
59	5e+24	4e+11	1.8e+12	0	0.0876582	0.0132358	0	2.92194e-08	4.41194e-09	0
60	5e+24	4e+11	2e+12	0	0.08835	0.00867818	0	2.945e-08	2.89273e-09	0
61	5e+24	4e+11	2.2e+12	0	0.0887543	0.00429695	0	2.95848e-08	1.43232e-09	0
62	5e+24	4e+11	2.4e+12	0	0.0888873	1.62544e-17	0	2.96291e-08	3.44282e-24	0
63	5e+24	4e+11	2.6e+12	0	0.0887543	-0.00429695	0	2.95848e-08	-1.43232e-09	0
64	5e+24	4e+11	2.8e+12	0	0.08835	-0.00867818	0	2.945e-08	-2.89273e-09	0
65	5e+24	4e+11	3e+12	0	0.0876582	-0.0132358	0	2.92194e-08	-4.41194e-09	0
66	5e+24	4e+11	3.2e+12	0	0.0866497	-0.0180796	0	2.88832e-08	-6.02653e-09	0
67	5e+24	4e+11	3.4e+12	0	0.0852796	-0.023351	0	2.84265e-08	-7.78368e-09	0
68	5e+24	4e+11	3.6e+12	0	0.0834816	-0.0292472	0	2.78272e-08	-9.74907e-09	0
69	5e+24	4e+11	3.8e+12	0	0.08116	-0.0360645	0	2.70533e-08	-1.20215e-08	0
70	5e+24	4e+11	4e+12	0	0.0781767	-0.0442873	0	2.60589e-08	-1.47624e-08	0
71	5e+24	4e+11	4.2e+12	0	0.0743348	-0.0547897	0	2.47783e-08	-1.82632e-08	0
72	5e+24	4e+11	4.4e+12	0	0.0693677	-0.0693677	0	2.31226e-08	-2.31226e-08	0
73	5e+24	4e+11	4.6e+12	0	0.0629891	-0.0925292	0	2.09964e-08	-3.08431e-08	0
74	5e+24	4e+11	4.8e+12	0	0.0551643	-0.142266	0	1.83881e-08	-4.7422e-08	0
75	5e+24	6e+11	223708	0	0.0446207	0.149139	0	1.48736e-08	4.9713e-08	0
76	5e+24	6e+11	2e+11	0	0.0500409	0.0985879	0	1.66803e-08	3.28626e-08	0
77	5e+24	6e+11	4e+11	0	0.0547897	0.0743348	0	1.82632e-08	2.47783e-08	0
78	5e+24	6e+11	6e+11	0	0.0587484	0.0587484	0	1.95828e-08	1.95828e-08	0
79	5e+24	6e+11	8e+11	0	0.0619678	0.0474177	0	2.06559e-08	1.58059e-08	0
80	5e+24	6e+11	1e+12	0	0.0645545	0.0385331	0	2.15182e-08	1.28444e-08	0
81	5e+24	6e+11	1.2e+12	0	0.0666139	0.0311836	0	2.22046e-08	1.03945e-08	0
82	5e+24	6e+11	1.4e+12	0	0.0682334	0.0248505	0	2.27445e-08	8.2835e-09	0
83	5e+24	6e+11	1.6e+12	0	0.0694805	0.0192107	0	2.31602e-08	6.40358e-09	0
84	5e+24	6e+11	1.8e+12	0	0.0704048	0.014047	0	2.34683e-08	4.68233e-09	0
85	5e+24	6e+11	2e+12	0	0.0710418	0.00920216	0	2.36806e-08	3.06739e-09	0
86	5e+24	6e+11	2.2e+12	0	0.071415	0.00455407	0	2.3805e-08	1.51802e-09	0
87	5e+24	6e+11	2.4e+12	0	0.071538	-1.67495e-17	0	2.3846e-08	-7.65142e-24	0
88	5e+24	6e+11	2.6e+12	0	0.071415	-0.00455407	0	2.3805e-08	-1.51802e-09	0
89	5e+24	6e+11	2.8e+12	0	0.0710418	-0.00920216	0	2.36806e-08	-3.06739e-09	0
90	5e+24	6e+11	3e+12	0	0.0704048	-0.014047	0	2.34683e-08	-4.68233e-09	0
91	5e+24	6e+11	3.2e+12	0	0.0694805	-0.0192107	0	2.31602e-08	-6.40358e-09	0
92	5e+24	6e+11	3.4e+12	0	0.0682334	-0.0248505	0	2.27445e-08	-8.2835e-09	0
93	5e+24	6e+11	3.6e+12	0	0.0666139	-0.0311836	0	2.22046e-08	-1.03945e-08	0
94	5e+24	6e+11	3.8e+12	0	0.0645545	-0.0385331	0	2.15182e-08	-1.28444e-08	0
95	5e+24	6e+11	4e+12	0	0.0619678	-0.0474177	0	2.06559e-08	-1.58059e-08	0
96	5e+24	6e+11	4.2e+12	0	0.0587484	-0.0587484	0	1.95828e-08	-1.95828e-08	0
97	5e+24	6e+11	4.4e+12	0	0.0547897	-0.0743348	0	1.82632e-08	-2.47783e-08	0
98	5e+24	6e+11	4.6e+12	0	0.0500409	-0.0985879	0	1.66803e-08	-3.28626e-08	0
99	5e+24	6e+11	4.8e+12	0	0.0446207	-0.149139	0	1.48736e-08	-4.9713e-08	0
100	5e+24	8e+11	230908	0	0.0367301	0.153939	0	1.22434e-08	5.1313e-08	0
101	5e+24	8e+11	2e+11	0	0.0406886	0.10301	0	1.35629e-08	3.43368e-08	0
102	5e+24	8e+11	4e+11	0	0.0442873	0.0781767	0	1.47624e-08	2.60589e-08	0
103	5e+24	8e+11	6e+11	0	0.0474177	0.0619678	0	1.58059e-08	2.06559e-08	0
104	5e+24	8e+11	8e+11	0	0.0500607	0.0500607	0	1.66869e-08	1.66869e-08	0
105	5e+24	8e+11	1e+12	0	0.0522471	0.0406734	0	1.74157e-08	1.35578e-08	0
106	5e+24	8e+11	1.2e+12	0	0.0540259	0.0328937	0	1.80086e-08	1.09646e-08	0
107	5e+24	8e+11	1.4e+12	0	0.0554468	0.0261919	0	1.84823e-08	8.73064e-09	0
108	5e+24	8e+11	1.6e+12	0	0.056553	0.0202317	0	1.8851e-08	6.7439e-09	0
109	5e+24	8e+11	1.8e+12	0	0.0573794	0.0147835	0	1.91265e-08	4.92785e-09	0
110	5e+24	8e+11	2e+12	0	0.0579518	0.00967978	0	1.93173e-08	3.22659e-09	0
111	5e+24	8e+11	2.2e+12	0	0.0582883	0.00478895	0	1.94294e-08	1.59632e-09	0
112	5e+24	8e+11	2.4e+12	0	0.0583993	-4.06787e-17	0	1.94664e-08	-1.87037e-23	0
113	5e+24	8e+11	2.6e+12	0	0.0582883	-0.00478895	0	1.94294e-08	-1.59632e-09	0
114	5e+24	8e+11	2.8e+12	0	0.0579518	-0.00967978	0	1.93173e-08	-3.22659e-09	0
115	5e+24	8e+11	3e+12	0	0.0573794	-0.0147835	0	1.91265e-08	-4.92785e-09	0
116	5e+24	8e+11	3.2e+12	0	0.056553	-0.0202317	0	1.8851e-08	-6.7439e-09	0
117	5e+24	8e+11	3.4e+12	0	0.0554468	-0.0261919	0	1.84823e-08	-8.73064e-09	0
118	5e+24	8e+11	3.6e+12	0	0.0540259	-0.0328937	0	1.80086e-08	-1.09646e-08	0
119	5e+24	8e+11	3.8e+12	0	0.0522471	-0.0406734	0	1.74157e-08	-1.35578e-08	0
120	5e+24	8e+11	4e+12	0	0.0500607	-0.0500607	0	1.66869e-08	-1.66869e-08	0
121	5e+24	8e+11	4.2e+12	0	0.0474177	-0.0619678	0	1.58059e-08	-2.06559e-08	0
122	5e+24	8e+11	4.4e+12	0	0.0442873	-0.0781767	0	1.47624e-08	-2.60589e-08	0
123	5e+24	8e+11	4.6e+12	0	0.0406886	-0.10301	0	1.35629e-08	-3.43368e-08	0
124	5e+24	8e+11	4.8e+12	0	0.0367301	-0.153939	0	1.22434e-08	-5.1313e-08	0
125	5e+24	1e+12	236200	0	0.0303243	0.157467	0	1.01081e-08	5.2489e-08	0
126	5e+24	1e+12	2e+11	0	0.0333014	0.106332	0	1.11005e-08	3.54439e-08	0
127	5e+24	1e+12	4e+11	0	0.0360645	0.08116	0	1.20215e-08	2.70533e-08	0
128	5e+24	1e+12	6e+11	0	0.0385331	0.0645545	0	1.28444e-08	2.15182e-08	0
129	5e+24	1e+12	8e+11	0	0.0406734	0.0522471	0	1.35578e-08	1.74157e-08	0
130	5e+24	1e+12	1e+12	0	0.0424851	0.0424851	0	1.41617e-08	1.41617e-08	0
131	5e+24	1e+12	1.2e+12	0	0.0439866	0.0343667	0	1.46622e-08	1.14556e-08	0
132	5e+24	1e+12	1.4e+12	0	0.0452032	0.0273621	0	1.50677e-08	9.12071e-09	0
133	5e+24	1e+12	1.6e+12	0	0.0461605	0.0211305	0	1.53868e-08	7.0435e-09	0
134	5e+24	1e+12	1.8e+12	0	0.0468811	0.0154361	0	1.5627e-08	5.14538e-09	0
135	5e+24	1e+12	2e+12	0	0.0473829	0.0101047	0	1.57943e-08	3.36824e-09	0
136	5e+24	1e+12	2.2e+12	0	0.0476788	0.00499842	0	1.58929e-08	1.66614e-09	0
137	5e+24	1e+12	2.4e+12	0	0.0477766	-3.16614e-17	0	1.59255e-08	-9.00367e-24	0
138	5e+24	1e+12	2.6e+12	0	0.0476788	-0.00499842	0	1.58929e-08	-1.66614e-09	0
139	5e+24	1e+12	2.8e+12	0	0.0473829	-0.0101047	0	1.57943e-08	-3.36824e-09	0
140	5e+24	1e+12	3e+12	0	0.0468811	-0.0154361	0	1.5627e-08	-5.14538e-09	0
141	5e+24	1e+12	3.2e+12	0	0.0461605	-0.0211305	0	1.53868e-08	-7.0435e-09	0
142	5e+24	1e+12	3.4e+12	0	0.0452032	-0.0273621	0	1.50677e-08	-9.12071e-09	0
143	5e+24	1e+12	3.6e+12	0	0.0439866	-0.0343667	0	1.46622e-08	-1.14556e-08	0
144	5e+24	1e+12	3.8e+12	0	0.0424851	-0.0424851	0	1.41617e-08	-1.41617e-08	0
145	5e+24	1e+12	4e+12	0	0.0406734	-0.0522471	0	1.35578e-08	-1.74157e-08	0
146	5e+24	1e+12	4.2e+12	0	0.0385331	-0.0645545	0	1.28444e-08	-2.15182e-08	0
147	5e+24	1e+12	4.4e+12	0	0.0360645	-0.08116	0	1.20215e-08	-2.70533e-08	0
148	5e+24	1e+12	4.6e+12	0	0.0333014	-0.106332	0	1.11005e-08	-3.54439e-08	0
149	5e+24	1e+12	4.8e+12	0	0.0303243	-0.157467	0	1.01081e-08	-5.2489e-08	0
150	5e+24	1.2e+12	240190	0	0.0248494	0.160127	0	8.28314e-09	5.33756e-08	0
151	5e+24	1.2e+12	2e+11	0	0.0271168	0.108865	0	9.03893e-09	3.62884e-08	0
152	5e+24	1.2e+12	4e+11	0	0.0292472	0.0834816	0	9.74907e-09	2.78272e-08	0
153	5e+24	1.2e+12	6e+11	0	0.0311836	0.0666139	0	1.03945e-08	2.22046e-08	0
154	5e+24	1.2e+12	8e+11	0	0.0328937	0.0540259	0	1.09646e-08	1.80086e-08	0
155	5e+24	1.2e+12	1e+12	0	0.0343667	0.0439866	0	1.14556e-08	1.46622e-08	0
156	5e+24	1.2e+12	1.2e+12	0	0.0356058	0.0356058	0	1.18686e-08	1.18686e-08	0
157	5e+24	1.2e+12	1.4e+12	0	0.036622	0.0283579	0	1.22073e-08	9.45264e-09	0
158	5e+24	1.2e+12	1.6e+12	0	0.0374292	0.021902	0	1.24764e-08	7.30066e-09	0
159	5e+24	1.2e+12	1.8e+12	0	0.038041	0.0159997	0	1.26803e-08	5.33325e-09	0
160	5e+24	1.2e+12	2e+12	0	0.0384693	0.0104732	0	1.28231e-08	3.49108e-09	0
161	5e+24	1.2e+12	2.2e+12	0	0.0387226	0.0051805	0	1.29075e-08	1.72683e-09	0
162	5e+24	1.2e+12	2.4e+12	0	0.0388065	-2.05759e-17	0	1.29355e-08	-1.02396e-23	0
163	5e+24	1.2e+12	2.6e+12	0	0.0387226	-0.0051805	0	1.29075e-08	-1.72683e-09	0
164	5e+24	1.2e+12	2.8e+12	0	0.0384693	-0.0104732	0	1.28231e-08	-3.49108e-09	0
165	5e+24	1.2e+12	3e+12	0	0.038041	-0.0159997	0	1.26803e-08	-5.33325e-09	0
166	5e+24	1.2e+12	3.2e+12	0	0.0374292	-0.021902	0	1.24764e-08	-7.30066e-09	0
167	5e+24	1.2e+12	3.4e+12	0	0.036622	-0.0283579	0	1.22073e-08	-9.45264e-09	0
168	5e+24	1.2e+12	3.6e+12	0	0.0356058	-0.0356058	0	1.18686e-08	-1.18686e-08	0
169	5e+24	1.2e+12	3.8e+12	0	0.0343667	-0.0439866	0	1.14556e-08	-1.46622e-08	0
170	5e+24	1.2e+12	4e+12	0	0.0328937	-0.0540259	0	1.09646e-08	-1.80086e-08	0
171	5e+24	1.2e+12	4.2e+12	0	0.0311836	-0.0666139	0	1.03945e-08	-2.22046e-08	0
172	5e+24	1.2e+12	4.4e+12	0	0.0292472	-0.0834816	0	9.74907e-09	-2.78272e-08	0
173	5e+24	1.2e+12	4.6e+12	0	0.0271168	-0.108865	0	9.03893e-09	-3.62884e-08	0
174	5e+24	1.2e+12	4.8e+12	0	0.0248494	-0.160127	0	8.28314e-09	-5.33756e-08	0
175	5e+24	1.4e+12	243221	0	0.019997	0.162147	0	6.66565e-09	5.4049e-08	0
176	5e+24	1.4e+12	2e+11	0	0.0217198	0.110803	0	7.23994e-09	3.69343e-08	0
177	5e+24	1.4e+12	4e+11	0	0.023351	0.0852796	0	7.78368e-09	2.84265e-08	0
178	5e+24	1.4e+12	6e+11	0	0.0248505	0.0682334	0	8.2835e-09	2.27445e-08	0
179	5e+24	1.4e+12	8e+11	0	0.0261919	0.0554468	0	8.73064e-09	1.84823e-08	0
180	5e+24	1.4e+12	1e+12	0	0.0273621	0.0452032	0	9.12071e-09	1.50677e-08	0
181	5e+24	1.4e+12	1.2e+12	0	0.0283579	0.036622	0	9.45264e-09	1.22073e-08	0
182	5e+24	1.4e+12	1.4e+12	0	0.0291826	0.0291826	0	9.72754e-09	9.72754e-09	0
183	5e+24	1.4e+12	1.6e+12	0	0.0298429	0.0225458	0	9.94763e-09	7.51526e-09	0
184	5e+24	1.4e+12	1.8e+12	0	0.0303464	0.0164727	0	1.01155e-08	5.49089e-09	0
185	5e+24	1.4e+12	2e+12	0	0.0307004	0.0107836	0	1.02335e-08	3.59455e-09	0
186	5e+24	1.4e+12	2.2e+12	0	0.0309104	0.00533421	0	1.03035e-08	1.77807e-09	0
187	5e+24	1.4e+12	2.4e+12	0	0.03098	-3.22056e-17	0	1.03267e-08	-1.92917e-23	0
188	5e+24	1.4e+12	2.6e+12	0	0.0309104	-0.00533421	0	1.03035e-08	-1.77807e-09	0
189	5e+24	1.4e+12	2.8e+12	0	0.0307004	-0.0107836	0	1.02335e-08	-3.59455e-09	0
190	5e+24	1.4e+12	3e+12	0	0.0303464	-0.0164727	0	1.01155e-08	-5.49089e-09	0
191	5e+24	1.4e+12	3.2e+12	0	0.0298429	-0.0225458	0	9.94763e-09	-7.51526e-09	0
192	5e+24	1.4e+12	3.4e+12	0	0.0291826	-0.0291826	0	9.72754e-09	-9.72754e-09	0
193	5e+24	1.4e+12	3.6e+12	0	0.0283579	-0.036622	0	9.45264e-09	-1.22073e-08	0
194	5e+24	1.4e+12	3.8e+12	0	0.0273621	-0.0452032	0	9.12071e-09	-1.50677e-08	0
195	5e+24	1.4e+12	4e+12	0	0.0261919	-0.0554468	0	8.73064e-09	-1.84823e-08	0
196	5e+24	1.4e+12	4.2e+12	0	0.0248505	-0.0682334	0	8.2835e-09	-2.27445e-08	0
197	5e+24	1.4e+12	4.4e+12	0	0.023351	-0.0852796	0	7.78368e-09	-2.84265e-08	0
198	5e+24	1.4e+12	4.6e+12	0	0.0217198	-0.110803	0	7.23994e-09	-3.69343e-08	0
199	5e+24	1.4e+12	4.8e+12	0	0.019997	-0.162147	0	6.66565e-09	-5.4049e-08	0
200	5e+24	1.6e+12	245502	0	0.0155745	0.163668	0	5.1915e-09	5.4556e-08	0
201	5e+24	1.6e+12	2e+11	0	0.0168582	0.112267	0	5.61941e-09	3.74225e-08	0
202	5e+24	1.6e+12	4e+11	0	0.0180796	0.0866497	0	6.02653e-09	2.88832e-08	0
203	5e+24	1.6e+12	6e+11	0	0.0192107	0.0694805	0	6.40358e-09	2.31602e-08	0
204	5e+24	1.6e+12	8e+11	0	0.0202317	0.056553	0	6.7439e-09	1.8851e-08	0
205	5e+24	1.6e+12	1e+12	0	0.0211305	0.0461605	0	7.0435e-09	1.53868e-08	0
206	5e+24	1.6e+12	1.2e+12	0	0.021902	0.0374292	0	7.30066e-09	1.24764e-08	0
207	5e+24	1.6e+12	1.4e+12	0	0.0225458	0.0298429	0	7.51526e-09	9.94763e-09	0
208	5e+24	1.6e+12	1.6e+12	0	0.0230644	0.0230644	0	7.68815e-09	7.68815e-09	0
209	5e+24	1.6e+12	1.8e+12	0	0.0234619	0.0168555	0	7.82065e-09	5.61851e-09	0
210	5e+24	1.6e+12	2e+12	0	0.0237424	0.0110357	0	7.91413e-09	3.67858e-09	0
211	5e+24	1.6e+12	2.2e+12	0	0.0239091	0.00545928	0	7.96971e-09	1.81976e-09	0
212	5e+24	1.6e+12	2.4e+12	0	0.0239645	-3.8377e-17	0	7.98816e-09	-2.41724e-23	0
213	5e+24	1.6e+12	2.6e+12	0	0.0239091	-0.00545928	0	7.96971e-09	-1.81976e-09	0
214	5e+24	1.6e+12	2.8e+12	0	0.0237424	-0.0110357	0	7.91413e-09	-3.67858e-09	0
215	5e+24	1.6e+12	3e+12	0	0.0234619	-0.0168555	0	7.82065e-09	-5.61851e-09	0
216	5e+24	1.6e+12	3.2e+12	0	0.0230644	-0.0230644	0	7.68815e-09	-7.68815e-09	0
217	5e+24	1.6e+12	3.4e+12	0	0.0225458	-0.0298429	0	7.51526e-09	-9.94763e-09	0
218	5e+24	1.6e+12	3.6e+12	0	0.021902	-0.0374292	0	7.30066e-09	-1.24764e-08	0
219	5e+24	1.6e+12	3.8e+12	0	0.0211305	-0.0461605	0	7.0435e-09	-1.53868e-08	0
220	5e+24	1.6e+12	4e+12	0	0.0202317	-0.056553	0	6.7439e-09	-1.8851e-08	0
221	5e+24	1.6e+12	4.2e+12	0	0.0192107	-0.0694805	0	6.40358e-09	-2.31602e-08	0
222	5e+24	1.6e+12	4.4e+12	0	0.0180796	-0.0866497	0	6.02653e-09	-2.88832e-08	0
223	5e+24	1.6e+12	4.6e+12	0	0.0168582	-0.112267	0	5.61941e-09	-3.74225e-08	0
224	5e+24	1.6e+12	4.8e+12	0	0.0155745	-0.163668	0	5.1915e-09	-5.4556e-08	0
225	5e+24	1.8e+12	247168	0	0.011451	0.164779	0	3.817e-09	5.49262e-08	0
226	5e+24	1.8e+12	2e+11	0	0.0123643	0.11334	0	4.12142e-09	3.778e-08	0
227	5e+24	1.8e+12	4e+11	0	0.0132358	0.0876582	0	4.41194e-09	2.92194e-08	0
228	5e+24	1.8e+12	6e+11	0	0.014047	0.0704048	0	4.68233e-09	2.34683e-08	0
229	5e+24	1.8e+12	8e+11	0	0.0147835	0.0573794	0	4.92785e-09	1.91265e-08	0
230	5e+24	1.8e+12	1e+12	0	0.0154361	0.0468811	0	5.14538e-09	1.5627e-08	0
231	5e+24	1.8e+12	1.2e+12	0	0.0159997	0.038041	0	5.33325e-09	1.26803e-08	0
232	5e+24	1.8e+12	1.4e+12	0	0.0164727	0.0303464	0	5.49089e-09	1.01155e-08	0
233	5e+24	1.8e+12	1.6e+12	0	0.0168555	0.0234619	0	5.61851e-09	7.82065e-09	0
234	5e+24	1.8e+12	1.8e+12	0	0.01715	0.01715	0	5.71668e-09	5.71668e-09	0
235	5e+24	1.8e+12	2e+12	0	0.0173584	0.0112302	0	5.78613e-09	3.74339e-09	0
236	5e+24	1.8e+12	2.2e+12	0	0.0174825	0.0055559	0	5.8275e-09	1.85197e-09	0
237	5e+24	1.8e+12	2.4e+12	0	0.0175237	-5.6575e-17	0	5.84124e-09	-3.49451e-23	0
238	5e+24	1.8e+12	2.6e+12	0	0.0174825	-0.0055559	0	5.8275e-09	-1.85197e-09	0
239	5e+24	1.8e+12	2.8e+12	0	0.0173584	-0.0112302	0	5.78613e-09	-3.74339e-09	0
240	5e+24	1.8e+12	3e+12	0	0.01715	-0.01715	0	5.71668e-09	-5.71668e-09	0
241	5e+24	1.8e+12	3.2e+12	0	0.0168555	-0.0234619	0	5.61851e-09	-7.82065e-09	0
242	5e+24	1.8e+12	3.4e+12	0	0.0164727	-0.0303464	0	5.49089e-09	-1.01155e-08	0
243	5e+24	1.8e+12	3.6e+12	0	0.0159997	-0.038041	0	5.33325e-09	-1.26803e-08	0
244	5e+24	1.8e+12	3.8e+12	0	0.0154361	-0.0468811	0	5.14538e-09	-1.5627e-08	0
245	5e+24	1.8e+12	4e+12	0	0.0147835	-0.0573794	0	4.92785e-09	-1.91265e-08	0
246	5e+24	1.8e+12	4.2e+12	0	0.014047	-0.0704048	0	4.68233e-09	-2.34683e-08	0
247	5e+24	1.8e+12	4.4e+12	0	0.0132358	-0.0876582	0	4.41194e-09	-2.92194e-08	0
248	5e+24	1.8e+12	4.6e+12	0	0.0123643	-0.11334	0	4.12142e-09	-3.778e-08	0
249	5e+24	1.8e+12	4.8e+12	0	0.011451	-0.164779	0	3.817e-09	-5.49262e-08	0
250	5e+24	2e+12	248305	0	0.00752994	0.165537	0	2.50998e-09	5.5179e-08	0
251	5e+24	2e+12	2e+11	0	0.00811692	0.114073	0	2.70564e-09	3.80244e-08	0
252	5e+24	2e+12	4e+11	0	0.00867818	0.08835	0	2.89273e-09	2.945e-08	0
253	5e+24	2e+12	6e+11	0	0.00920216	0.0710418	0	3.06739e-09	2.36806e-08	0
254	5e+24	2e+12	8e+11	0	0.00967978	0.0579518	0	3.22659e-09	1.93173e-08	0
255	5e+24	2e+12	1e+12	0	0.0101047	0.0473829	0	3.36824e-09	1.57943e-08	0
256	5e+24	2e+12	1.2e+12	0	0.0104732	0.0384693	0	3.49108e-09	1.28231e-08	0
257	5e+24	2e+12	1.4e+12	0	0.0107836	0.0307004	0	3.59455e-09	1.02335e-08	0
258	5e+24	2e+12	1.6e+12	0	0.0110357	0.0237424	0	3.67858e-09	7.91413e-09	0
259	5e+24	2e+12	1.8e+12	0	0.0112302	0.0173584	0	3.74339e-09	5.78613e-09	0
260	5e+24	2e+12	2e+12	0	0.011368	0.011368	0	3.78934e-09	3.78934e-09	0
261	5e+24	2e+12	2.2e+12	0	0.0114502	0.00562447	0	3.81675e-09	1.87482e-09	0
262	5e+24	2e+12	2.4e+12	0	0.0114776	-1.06985e-16	0	3.82586e-09	-7.00099e-23	0
263	5e+24	2e+12	2.6e+12	0	0.0114502	-0.00562447	0	3.81675e-09	-1.87482e-09	0
264	5e+24	2e+12	2.8e+12	0	0.011368	-0.011368	0	3.78934e-09	-3.78934e-09	0
265	5e+24	2e+12	3e+12	0	0.0112302	-0.0173584	0	3.74339e-09	-5.78613e-09	0
266	5e+24	2e+12	3.2e+12	0	0.0110357	-0.0237424	0	3.67858e-09	-7.91413e-09	0
267	5e+24	2e+12	3.4e+12	0	0.0107836	-0.0307004	0	3.59455e-09	-1.02335e-08	0
268	5e+24	2e+12	3.6e+12	0	0.0104732	-0.0384693	0	3.49108e-09	-1.28231e-08	0
269	5e+24	2e+12	3.8e+12	0	0.0101047	-0.0473829	0	3.36824e-09	-1.57943e-08	0
270	5e+24	2e+12	4e+12	0	0.00967978	-0.0579518	0	3.22659e-09	-1.93173e-08	0
271	5e+24	2e+12	4.2e+12	0	0.00920216	-0.0710418	0	3.06739e-09	-2.36806e-08	0
272	5e+24	2e+12	4.4e+12	0	0.00867818	-0.08835	0	2.89273e-09	-2.945e-08	0
273	5e+24	2e+12	4.6e+12	0	0.00811692	-0.114073	0	2.70564e-09	-3.80244e-08	0
274	5e+24	2e+12	4.8e+12	0	0.00752994	-0.165537	0	2.50998e-09	-5.5179e-08	0
275	5e+24	2.2e+12	248968	0	0.00373475	0.165979	0	1.24492e-09	5.53263e-08	0
276	5e+24	2.2e+12	2e+11	0	0.004022	0.114501	0	1.34067e-09	3.8167e-08	0
277	5e+24	2.2e+12	4e+11	0	0.00429695	0.0887543	0	1.43232e-09	2.95848e-08	0
278	5e+24	2.2e+12	6e+11	0	0.00455407	0.071415	0	1.51802e-09	2.3805e-08	0
279	5e+24	2.2e+12	8e+11	0	0.00478895	0.0582883	0	1.59632e-09	1.94294e-08	0
280	5e+24	2.2e+12	1e+12	0	0.00499842	0.0476788	0	1.66614e-09	1.58929e-08	0
281	5e+24	2.2e+12	1.2e+12	0	0.0051805	0.0387226	0	1.72683e-09	1.29075e-08	0
282	5e+24	2.2e+12	1.4e+12	0	0.00533421	0.0309104	0	1.77807e-09	1.03035e-08	0
283	5e+24	2.2e+12	1.6e+12	0	0.00545928	0.0239091	0	1.81976e-09	7.96971e-09	0
284	5e+24	2.2e+12	1.8e+12	0	0.0055559	0.0174825	0	1.85197e-09	5.8275e-09	0
285	5e+24	2.2e+12	2e+12	0	0.00562447	0.0114502	0	1.87482e-09	3.81675e-09	0
286	5e+24	2.2e+12	2.2e+12	0	0.00566541	0.00566541	0	1.88847e-09	1.88847e-09	0
287	5e+24	2.2e+12	2.4e+12	0	0.00567902	-1.50742e-16	0	1.89301e-09	-9.65216e-23	0
288	5e+24	2.2e+12	2.6e+12	0	0.00566541	-0.00566541	0	1.88847e-09	-1.88847e-09	0
289	5e+24	2.2e+12	2.8e+12	0	0.00562447	-0.0114502	0	1.87482e-09	-3.81675e-09	0
290	5e+24	2.2e+12	3e+12	0	0.0055559	-0.0174825	0	1.85197e-09	-5.8275e-09	0
291	5e+24	2.2e+12	3.2e+12	0	0.00545928	-0.0239091	0	1.81976e-09	-7.96971e-09	0
292	5e+24	2.2e+12	3.4e+12	0	0.00533421	-0.0309104	0	1.77807e-09	-1.03035e-08	0
293	5e+24	2.2e+12	3.6e+12	0	0.0051805	-0.0387226	0	1.72683e-09	-1.29075e-08	0
294	5e+24	2.2e+12	3.8e+12	0	0.00499842	-0.0476788	0	1.66614e-09	-1.58929e-08	0
295	5e+24	2.2e+12	4e+12	0	0.00478895	-0.0582883	0	1.59632e-09	-1.94294e-08	0
296	5e+24	2.2e+12	4.2e+12	0	0.00455407	-0.071415	0	1.51802e-09	-2.3805e-08	0
297	5e+24	2.2e+12	4.4e+12	0	0.00429695	-0.0887543	0	1.43232e-09	-2.95848e-08	0
298	5e+24	2.2e+12	4.6e+12	0	0.004022	-0.114501	0	1.34067e-09	-3.8167e-08	0
299	5e+24	2.2e+12	4.8e+12	0	0.00373475	-0.165979	0	1.24492e-09	-5.53263e-08	0
300	5e+24	2.4e+12	249186	0	-1.03232e-17	0.166124	0	-3.30089e-23	5.53746e-08	0
301	5e+24	2.4e+12	2e+11	0	2.19871e-18	0.114641	0	1.37066e-23	3.82138e-08	0
302	5e+24	2.4e+12	4e+11	0	2.34743e-17	0.0888873	0	2.31837e-25	2.96291e-08	0
303	5e+24	2.4e+12	6e+11	0	-9.92496e-18	0.071538	0	-7.63042e-24	2.3846e-08	0
304	5e+24	2.4e+12	8e+11	0	-3.46132e-17	0.0583993	0	-8.37359e-24	1.94664e-08	0
305	5e+24	2.4e+12	1e+12	0	-2.33443e-17	0.0477766	0	-2.48154e-24	1.59255e-08	0
306	5e+24	2.4e+12	1.2e+12	0	-2.51947e-17	0.0388065	0	1.31266e-23	1.29355e-08	0
307	5e+24	2.4e+12	1.4e+12	0	-3.47824e-17	0.03098	0	-1.56453e-23	1.03267e-08	0
308	5e+24	2.4e+12	1.6e+12	0	-4.09198e-17	0.0239645	0	-2.85038e-23	7.98816e-09	0
309	5e+24	2.4e+12	1.8e+12	0	-5.66157e-17	0.0175237	0	-2.87251e-23	5.84124e-09	0
310	5e+24	2.4e+12	2e+12	0	-1.09218e-16	0.0114776	0	-6.47269e-23	3.82586e-09	0
311	5e+24	2.4e+12	2.2e+12	0	-1.50434e-16	0.00567902	0	-1.14044e-22	1.89301e-09	0
312	5e+24	2.4e+12	2.4e+12	0	-1.33569e-16	-1.35336e-16	0	-8.24143e-23	-8.47182e-23	0
313	5e+24	2.4e+12	2.6e+12	0	-1.49646e-16	-0.00567902	0	-1.02567e-22	-1.89301e-09	0
314	5e+24	2.4e+12	2.8e+12	0	-1.12824e-16	-0.0114776	0	-6.66753e-23	-3.82586e-09	0
315	5e+24	2.4e+12	3e+12	0	-5.87893e-17	-0.0175237	0	-3.96788e-23	-5.84124e-09	0
316	5e+24	2.4e+12	3.2e+12	0	-3.24676e-17	-0.0239645	0	-7.41231e-24	-7.98816e-09	0
317	5e+24	2.4e+12	3.4e+12	0	-2.8065e-17	-0.03098	0	-1.06241e-23	-1.03267e-08	0
318	5e+24	2.4e+12	3.6e+12	0	-2.01738e-17	-0.0388065	0	-3.71714e-23	-1.29355e-08	0
319	5e+24	2.4e+12	3.8e+12	0	-3.68308e-17	-0.0477766	0	-2.14808e-23	-1.59255e-08	0
320	5e+24	2.4e+12	4e+12	0	-4.17544e-17	-0.0583993	0	-1.66599e-23	-1.94664e-08	0
321	5e+24	2.4e+12	4.2e+12	0	-2.7639e-17	-0.071538	0	-3.0373e-24	-2.3846e-08	0
322	5e+24	2.4e+12	4.4e+12	0	1.23439e-17	-0.0888873	0	1.70671e-23	-2.96291e-08	0
323	5e+24	2.4e+12	4.6e+12	0	1.10028e-17	-0.114641	0	-1.55484e-23	-3.82138e-08	0
324	5e+24	2.4e+12	4.8e+12	0	-1.70251e-18	-0.166124	0	2.53389e-23	-5.53746e-08	0
325	5e+24	2.6e+12	248968	0	-0.00373475	0.165979	0	-1.24492e-09	5.53263e-08	0
326	5e+24	2.6e+12	2e+11	0	-0.004022	0.114501	0	-1.34067e-09	3.8167e-08	0
327	5e+24	2.6e+12	4e+11	0	-0.00429695	0.0887543	0	-1.43232e-09	2.95848e-08	0
328	5e+24	2.6e+12	6e+11	0	-0.00455407	0.071415	0	-1.51802e-09	2.3805e-08	0
329	5e+24	2.6e+12	8e+11	0	-0.00478895	0.0582883	0	-1.59632e-09	1.94294e-08	0
330	5e+24	2.6e+12	1e+12	0	-0.00499842	0.0476788	0	-1.66614e-09	1.58929e-08	0
331	5e+24	2.6e+12	1.2e+12	0	-0.0051805	0.0387226	0	-1.72683e-09	1.29075e-08	0
332	5e+24	2.6e+12	1.4e+12	0	-0.00533421	0.0309104	0	-1.77807e-09	1.03035e-08	0
333	5e+24	2.6e+12	1.6e+12	0	-0.00545928	0.0239091	0	-1.81976e-09	7.96971e-09	0
334	5e+24	2.6e+12	1.8e+12	0	-0.0055559	0.0174825	0	-1.85197e-09	5.8275e-09	0
335	5e+24	2.6e+12	2e+12	0	-0.00562447	0.0114502	0	-1.87482e-09	3.81675e-09	0
336	5e+24	2.6e+12	2.2e+12	0	-0.00566541	0.00566541	0	-1.88847e-09	1.88847e-09	0
337	5e+24	2.6e+12	2.4e+12	0	-0.00567902	-1.50598e-16	0	-1.89301e-09	-9.68738e-23	0
338	5e+24	2.6e+12	2.6e+12	0	-0.00566541	-0.00566541	0	-1.88847e-09	-1.88847e-09	0
339	5e+24	2.6e+12	2.8e+12	0	-0.00562447	-0.0114502	0	-1.87482e-09	-3.81675e-09	0
340	5e+24	2.6e+12	3e+12	0	-0.0055559	-0.0174825	0	-1.85197e-09	-5.8275e-09	0
341	5e+24	2.6e+12	3.2e+12	0	-0.00545928	-0.0239091	0	-1.81976e-09	-7.96971e-09	0
342	5e+24	2.6e+12	3.4e+12	0	-0.00533421	-0.0309104	0	-1.77807e-09	-1.03035e-08	0
343	5e+24	2.6e+12	3.6e+12	0	-0.0051805	-0.0387226	0	-1.72683e-09	-1.29075e-08	0
344	5e+24	2.6e+12	3.8e+12	0	-0.00499842	-0.0476788	0	-1.66614e-09	-1.58929e-08	0
345	5e+24	2.6e+12	4e+12	0	-0.00478895	-0.0582883	0	-1.59632e-09	-1.94294e-08	0
346	5e+24	2.6e+12	4.2e+12	0	-0.00455407	-0.071415	0	-1.51802e-09	-2.3805e-08	0
347	5e+24	2.6e+12	4.4e+12	0	-0.00429695	-0.0887543	0	-1.43232e-09	-2.95848e-08	0
348	5e+24	2.6e+12	4.6e+12	0	-0.004022	-0.114501	0	-1.34067e-09	-3.8167e-08	0
349	5e+24	2.6e+12	4.8e+12	0	-0.00373475	-0.165979	0	-1.24492e-09	-5.53263e-08	0
350	5e+24	2.8e+12	248305	0	-0.00752994	0.165537	0	-2.50998e-09	5.5179e-08	0
351	5e+24	2.8e+12	2e+11	0	-0.00811692	0.114073	0	-2.70564e-09	3.80244e-08	0
352	5e+24	2.8e+12	4e+11	0	-0.00867818	0.08835	0	-2.89273e-09	2.945e-08	0
353	5e+24	2.8e+12	6e+11	0	-0.00920216	0.0710418	0	-3.06739e-09	2.36806e-08	0
354	5e+24	2.8e+12	8e+11	0	-0.00967978	0.0579518	0	-3.22659e-09	1.93173e-08	0
355	5e+24	2.8e+12	1e+12	0	-0.0101047	0.0473829	0	-3.36824e-09	1.57943e-08	0
356	5e+24	2.8e+12	1.2e+12	0	-0.0104732	0.0384693	0	-3.49108e-09	1.28231e-08	0
357	5e+24	2.8e+12	1.4e+12	0	-0.0107836	0.0307004	0	-3.59455e-09	1.02335e-08	0
358	5e+24	2.8e+12	1.6e+12	0	-0.0110357	0.0237424	0	-3.67858e-09	7.91413e-09	0
359	5e+24	2.8e+12	1.8e+12	0	-0.0112302	0.0173584	0	-3.74339e-09	5.78613e-09	0
360	5e+24	2.8e+12	2e+12	0	-0.011368	0.011368	0	-3.78934e-09	3.78934e-09	0
361	5e+24	2.8e+12	2.2e+12	0	-0.0114502	0.00562447	0	-3.81675e-09	1.87482e-09	0
362	5e+24	2.8e+12	2.4e+12	0	-0.0114776	-1.0692e-16	0	-3.82586e-09	-6.82779e-23	0
363	5e+24	2.8e+12	2.6e+12	0	-0.0114502	-0.00562447	0	-3.81675e-09	-1.87482e-09	0
364	5e+24	2.8e+12	2.8e+12	0	-0.011368	-0.011368	0	-3.78934e-09	-3.78934e-09	0
365	5e+24	2.8e+12	3e+12	0	-0.0112302	-0.0173584	0	-3.74339e-09	-5.78613e-09	0
366	5e+24	2.8e+12	3.2e+12	0	-0.0110357	-0.0237424	0	-3.67858e-09	-7.91413e-09	0
367	5e+24	2.8e+12	3.4e+12	0	-0.0107836	-0.0307004	0	-3.59455e-09	-1.02335e-08	0
368	5e+24	2.8e+12	3.6e+12	0	-0.0104732	-0.0384693	0	-3.49108e-09	-1.28231e-08	0
369	5e+24	2.8e+12	3.8e+12	0	-0.0101047	-0.0473829	0	-3.36824e-09	-1.57943e-08	0
370	5e+24	2.8e+12	4e+12	0	-0.00967978	-0.0579518	0	-3.22659e-09	-1.93173e-08	0
371	5e+24	2.8e+12	4.2e+12	0	-0.00920216	-0.0710418	0	-3.06739e-09	-2.36806e-08	0
372	5e+24	2.8e+12	4.4e+12	0	-0.00867818	-0.08835	0	-2.89273e-09	-2.945e-08	0
373	5e+24	2.8e+12	4.6e+12	0	-0.00811692	-0.114073	0	-2.70564e-09	-3.80244e-08	0
374	5e+24	2.8e+12	4.8e+12	0	-0.00752994	-0.165537	0	-2.50998e-09	-5.5179e-08	0
375	5e+24	3e+12	247168	0	-0.011451	0.164779	0	-3.817e-09	5.49262e-08	0
376	5e+24	3e+12	2e+11	0	-0.0123643	0.11334	0	-4.12142e-09	3.778e-08	0
377	5e+24	3e+12	4e+11	0	-0.0132358	0.0876582	0	-4.41194e-09	2.92194e-08	0
378	5e+24	3e+12	6e+11	0	-0.014047	0.0704048	0	-4.68233e-09	2.34683e-08	0
379	5e+24	3e+12	8e+11	0	-0.0147835	0.0573794	0	-4.92785e-09	1.91265e-08	0
380	5e+24	3e+12	1e+12	0	-0.0154361	0.0468811	0	-5.14538e-09	1.5627e-08	0
381	5e+24	3e+12	1.2e+12	0	-0.0159997	0.038041	0	-5.33325e-09	1.26803e-08	0
382	5e+24	3e+12	1.4e+12	0	-0.0164727	0.0303464	0	-5.49089e-09	1.01155e-08	0
383	5e+24	3e+12	1.6e+12	0	-0.0168555	0.0234619	0	-5.61851e-09	7.82065e-09	0
384	5e+24	3e+12	1.8e+12	0	-0.01715	0.01715	0	-5.71668e-09	5.71668e-09	0
385	5e+24	3e+12	2e+12	0	-0.0173584	0.0112302	0	-5.78613e-09	3.74339e-09	0
386	5e+24	3e+12	2.2e+12	0	-0.0174825	0.0055559	0	-5.8275e-09	1.85197e-09	0
387	5e+24	3e+12	2.4e+12	0	-0.0175237	-5.64136e-17	0	-5.84124e-09	-3.4664e-23	0
388	5e+24	3e+12	2.6e+12	0	-0.0174825	-0.0055559	0	-5.8275e-09	-1.85197e-09	0
389	5e+24	3e+12	2.8e+12	0	-0.0173584	-0.0112302	0	-5.78613e-09	-3.74339e-09	0
390	5e+24	3e+12	3e+12	0	-0.01715	-0.01715	0	-5.71668e-09	-5.71668e-09	0
391	5e+24	3e+12	3.2e+12	0	-0.0168555	-0.0234619	0	-5.61851e-09	-7.82065e-09	0
392	5e+24	3e+12	3.4e+12	0	-0.0164727	-0.0303464	0	-5.49089e-09	-1.01155e-08	0
393	5e+24	3e+12	3.6e+12	0	-0.0159997	-0.038041	0	-5.33325e-09	-1.26803e-08	0
394	5e+24	3e+12	3.8e+12	0	-0.0154361	-0.0468811	0	-5.14538e-09	-1.5627e-08	0
395	5e+24	3e+12	4e+12	0	-0.0147835	-0.0573794	0	-4.92785e-09	-1.91265e-08	0
396	5e+24	3e+12	4.2e+12	0	-0.014047	-0.0704048	0	-4.68233e-09	-2.34683e-08	0
397	5e+24	3e+12	4.4e+12	0	-0.0132358	-0.0876582	0	-4.41194e-09	-2.92194e-08	0
398	5e+24	3e+12	4.6e+12	0	-0.0123643	-0.11334	0	-4.12142e-09	-3.778e-08	0
399	5e+24	3e+12	4.8e+12	0	-0.011451	-0.164779	0	-3.817e-09	-5.49262e-08	0
400	5e+24	3.2e+12	245502	0	-0.0155745	0.163668	0	-5.1915e-09	5.4556e-08	0
401	5e+24	3.2e+12	2e+11	0	-0.0168582	0.112267	0	-5.61941e-09	3.74225e-08	0
402	5e+24	3.2e+12	4e+11	0	-0.0180796	0.0866497	0	-6.02653e-09	2.88832e-08	0
403	5e+24	3.2e+12	6e+11	0	-0.0192107	0.0694805	0	-6.40358e-09	2.31602e-08	0
404	5e+24	3.2e+12	8e+11	0	-0.0202317	0.056553	0	-6.7439e-09	1.8851e-08	0
405	5e+24	3.2e+12	1e+12	0	-0.0211305	0.0461605	0	-7.0435e-09	1.53868e-08	0
406	5e+24	3.2e+12	1.2e+12	0	-0.021902	0.0374292	0	-7.30066e-09	1.24764e-08	0
407	5e+24	3.2e+12	1.4e+12	0	-0.0225458	0.0298429	0	-7.51526e-09	9.94763e-09	0
408	5e+24	3.2e+12	1.6e+12	0	-0.0230644	0.0230644	0	-7.68815e-09	7.68815e-09	0
409	5e+24	3.2e+12	1.8e+12	0	-0.0234619	0.0168555	0	-7.82065e-09	5.61851e-09	0
410	5e+24	3.2e+12	2e+12	0	-0.0237424	0.0110357	0	-7.91413e-09	3.67858e-09	0
411	5e+24	3.2e+12	2.2e+12	0	-0.0239091	0.00545928	0	-7.96971e-09	1.81976e-09	0
412	5e+24	3.2e+12	2.4e+12	0	-0.0239645	-3.76211e-17	0	-7.98816e-09	-2.7465e-23	0
413	5e+24	3.2e+12	2.6e+12	0	-0.0239091	-0.00545928	0	-7.96971e-09	-1.81976e-09	0
414	5e+24	3.2e+12	2.8e+12	0	-0.0237424	-0.0110357	0	-7.91413e-09	-3.67858e-09	0
415	5e+24	3.2e+12	3e+12	0	-0.0234619	-0.0168555	0	-7.82065e-09	-5.61851e-09	0
416	5e+24	3.2e+12	3.2e+12	0	-0.0230644	-0.0230644	0	-7.68815e-09	-7.68815e-09	0
417	5e+24	3.2e+12	3.4e+12	0	-0.0225458	-0.0298429	0	-7.51526e-09	-9.94763e-09	0
418	5e+24	3.2e+12	3.6e+12	0	-0.021902	-0.0374292	0	-7.30066e-09	-1.24764e-08	0
419	5e+24	3.2e+12	3.8e+12	0	-0.0211305	-0.0461605	0	-7.0435e-09	-1.53868e-08	0
420	5e+24	3.2e+12	4e+12	0	-0.0202317	-0.056553	0	-6.7439e-09	-1.8851e-08	0
421	5e+24	3.2e+12	4.2e+12	0	-0.0192107	-0.0694805	0	-6.40358e-09	-2.31602e-08	0
422	5e+24	3.2e+12	4.4e+12	0	-0.0180796	-0.0866497	0	-6.02653e-09	-2.88832e-08	0
423	5e+24	3.2e+12	4.6e+12	0	-0.0168582	-0.112267	0	-5.61941e-09	-3.74225e-08	0
424	5e+24	3.2e+12	4.8e+12	0	-0.0155745	-0.163668	0	-5.1915e-09	-5.4556e-08	0
425	5e+24	3.4e+12	243221	0	-0.019997	0.162147	0	-6.66565e-09	5.4049e-08	0
426	5e+24	3.4e+12	2e+11	0	-0.0217198	0.110803	0	-7.23994e-09	3.69343e-08	0
427	5e+24	3.4e+12	4e+11	0	-0.023351	0.0852796	0	-7.78368e-09	2.84265e-08	0
428	5e+24	3.4e+12	6e+11	0	-0.0248505	0.0682334	0	-8.2835e-09	2.27445e-08	0
429	5e+24	3.4e+12	8e+11	0	-0.0261919	0.0554468	0	-8.73064e-09	1.84823e-08	0
430	5e+24	3.4e+12	1e+12	0	-0.0273621	0.0452032	0	-9.12071e-09	1.50677e-08	0
431	5e+24	3.4e+12	1.2e+12	0	-0.0283579	0.036622	0	-9.45264e-09	1.22073e-08	0
432	5e+24	3.4e+12	1.4e+12	0	-0.0291826	0.0291826	0	-9.72754e-09	9.72754e-09	0
433	5e+24	3.4e+12	1.6e+12	0	-0.0298429	0.0225458	0	-9.94763e-09	7.51526e-09	0
434	5e+24	3.4e+12	1.8e+12	0	-0.0303464	0.0164727	0	-1.01155e-08	5.49089e-09	0
435	5e+24	3.4e+12	2e+12	0	-0.0307004	0.0107836	0	-1.02335e-08	3.59455e-09	0
436	5e+24	3.4e+12	2.2e+12	0	-0.0309104	0.00533421	0	-1.03035e-08	1.77807e-09	0
437	5e+24	3.4e+12	2.4e+12	0	-0.03098	-3.14753e-17	0	-1.03267e-08	-2.01884e-23	0
438	5e+24	3.4e+12	2.6e+12	0	-0.0309104	-0.00533421	0	-1.03035e-08	-1.77807e-09	0
439	5e+24	3.4e+12	2.8e+12	0	-0.0307004	-0.0107836	0	-1.02335e-08	-3.59455e-09	0
440	5e+24	3.4e+12	3e+12	0	-0.0303464	-0.0164727	0	-1.01155e-08	-5.49089e-09	0
441	5e+24	3.4e+12	3.2e+12	0	-0.0298429	-0.0225458	0	-9.94763e-09	-7.51526e-09	0
442	5e+24	3.4e+12	3.4e+12	0	-0.0291826	-0.0291826	0	-9.72754e-09	-9.72754e-09	0
443	5e+24	3.4e+12	3.6e+12	0	-0.0283579	-0.036622	0	-9.45264e-09	-1.22073e-08	0
444	5e+24	3.4e+12	3.8e+12	0	-0.0273621	-0.0452032	0	-9.12071e-09	-1.50677e-08	0
445	5e+24	3.4e+12	4e+12	0	-0.0261919	-0.0554468	0	-8.73064e-09	-1.84823e-08	0
446	5e+24	3.4e+12	4.2e+12	0	-0.0248505	-0.0682334	0	-8.2835e-09	-2.27445e-08	0
447	5e+24	3.4e+12	4.4e+12	0	-0.023351	-0.0852796	0	-7.78368e-09	-2.84265e-08	0
448	5e+24	3.4e+12	4.6e+12	0	-0.0217198	-0.110803	0	-7.23994e-09	-3.69343e-08	0
449	5e+24	3.4e+12	4.8e+12	0	-0.019997	-0.162147	0	-6.66565e-09	-5.4049e-08	0
450	5e+24	3.6e+12	240190	0	-0.0248494	0.160127	0	-8.28314e-09	5.33756e-08	0
451	5e+24	3.6e+12	2e+11	0	-0.0271168	0.108865	0	-9.03893e-09	3.62884e-08	0
452	5e+24	3.6e+12	4e+11	0	-0.0292472	0.0834816	0	-9.74907e-09	2.78272e-08	0
453	5e+24	3.6e+12	6e+11	0	-0.0311836	0.0666139	0	-1.03945e-08	2.22046e-08	0
454	5e+24	3.6e+12	8e+11	0	-0.0328937	0.0540259	0	-1.09646e-08	1.80086e-08	0
455	5e+24	3.6e+12	1e+12	0	-0.0343667	0.0439866	0	-1.14556e-08	1.46622e-08	0
456	5e+24	3.6e+12	1.2e+12	0	-0.0356058	0.0356058	0	-1.18686e-08	1.18686e-08	0
457	5e+24	3.6e+12	1.4e+12	0	-0.036622	0.0283579	0	-1.22073e-08	9.45264e-09	0
458	5e+24	3.6e+12	1.6e+12	0	-0.0374292	0.021902	0	-1.24764e-08	7.30066e-09	0
459	5e+24	3.6e+12	1.8e+12	0	-0.038041	0.0159997	0	-1.26803e-08	5.33325e-09	0
460	5e+24	3.6e+12	2e+12	0	-0.0384693	0.0104732	0	-1.28231e-08	3.49108e-09	0
461	5e+24	3.6e+12	2.2e+12	0	-0.0387226	0.0051805	0	-1.29075e-08	1.72683e-09	0
462	5e+24	3.6e+12	2.4e+12	0	-0.0388065	-2.07208e-17	0	-1.29355e-08	-1.1503e-23	0
463	5e+24	3.6e+12	2.6e+12	0	-0.0387226	-0.0051805	0	-1.29075e-08	-1.72683e-09	0
464	5e+24	3.6e+12	2.8e+12	0	-0.0384693	-0.0104732	0	-1.28231e-08	-3.49108e-09	0
465	5e+24	3.6e+12	3e+12	0	-0.038041	-0.0159997	0	-1.26803e-08	-5.33325e-09	0
466	5e+24	3.6e+12	3.2e+12	0	-0.0374292	-0.021902	0	-1.24764e-08	-7.30066e-09	0
467	5e+24	3.6e+12	3.4e+12	0	-0.036622	-0.0283579	0	-1.22073e-08	-9.45264e-09	0
468	5e+24	3.6e+12	3.6e+12	0	-0.0356058	-0.0356058	0	-1.18686e-08	-1.18686e-08	0
469	5e+24	3.6e+12	3.8e+12	0	-0.0343667	-0.0439866	0	-1.14556e-08	-1.46622e-08	0
470	5e+24	3.6e+12	4e+12	0	-0.0328937	-0.0540259	0	-1.09646e-08	-1.80086e-08	0
471	5e+24	3.6e+12	4.2e+12	0	-0.0311836	-0.0666139	0	-1.03945e-08	-2.22046e-08	0
472	5e+24	3.6e+12	4.4e+12	0	-0.0292472	-0.0834816	0	-9.74907e-09	-2.78272e-08	0
473	5e+24	3.6e+12	4.6e+12	0	-0.0271168	-0.108865	0	-9.03893e-09	-3.62884e-08	0
474	5e+24	3.6e+12	4.8e+12	0	-0.0248494	-0.160127	0	-8.28314e-09	-5.33756e-08	0
475	5e+24	3.8e+12	236200	0	-0.0303243	0.157467	0	-1.01081e-08	5.2489e-08	0
476	5e+24	3.8e+12	2e+11	0	-0.0333014	0.106332	0	-1.11005e-08	3.54439e-08	0
477	5e+24	3.8e+12	4e+11	0	-0.0360645	0.08116	0	-1.20215e-08	2.70533e-08	0
478	5e+24	3.8e+12	6e+11	0	-0.0385331	0.0645545	0	-1.28444e-08	2.15182e-08	0
479	5e+24	3.8e+12	8e+11	0	-0.0406734	0.0522471	0	-1.35578e-08	1.74157e-08	0
480	5e+24	3.8e+12	1e+12	0	-0.0424851	0.0424851	0	-1.41617e-08	1.41617e-08	0
481	5e+24	3.8e+12	1.2e+12	0	-0.0439866	0.0343667	0	-1.46622e-08	1.14556e-08	0
482	5e+24	3.8e+12	1.4e+12	0	-0.0452032	0.0273621	0	-1.50677e-08	9.12071e-09	0
483	5e+24	3.8e+12	1.6e+12	0	-0.0461605	0.0211305	0	-1.53868e-08	7.0435e-09	0
484	5e+24	3.8e+12	1.8e+12	0	-0.0468811	0.0154361	0	-1.5627e-08	5.14538e-09	0
485	5e+24	3.8e+12	2e+12	0	-0.0473829	0.0101047	0	-1.57943e-08	3.36824e-09	0
486	5e+24	3.8e+12	2.2e+12	0	-0.0476788	0.00499842	0	-1.58929e-08	1.66614e-09	0
487	5e+24	3.8e+12	2.4e+12	0	-0.0477766	-3.12894e-17	0	-1.59255e-08	-1.21169e-23	0
488	5e+24	3.8e+12	2.6e+12	0	-0.0476788	-0.00499842	0	-1.58929e-08	-1.66614e-09	0
489	5e+24	3.8e+12	2.8e+12	0	-0.0473829	-0.0101047	0	-1.57943e-08	-3.36824e-09	0
490	5e+24	3.8e+12	3e+12	0	-0.0468811	-0.0154361	0	-1.5627e-08	-5.14538e-09	0
491	5e+24	3.8e+12	3.2e+12	0	-0.0461605	-0.0211305	0	-1.53868e-08	-7.0435e-09	0
492	5e+24	3.8e+12	3.4e+12	0	-0.0452032	-0.0273621	0	-1.50677e-08	-9.12071e-09	0
493	5e+24	3.8e+12	3.6e+12	0	-0.0439866	-0.0343667	0	-1.46622e-08	-1.14556e-08	0
494	5e+24	3.8e+12	3.8e+12	0	-0.0424851	-0.0424851	0	-1.41617e-08	-1.41617e-08	0
495	5e+24	3.8e+12	4e+12	0	-0.0406734	-0.0522471	0	-1.35578e-08	-1.74157e-08	0
496	5e+24	3.8e+12	4.2e+12	0	-0.0385331	-0.0645545	0	-1.28444e-08	-2.15182e-08	0
497	5e+24	3.8e+12	4.4e+12	0	-0.0360645	-0.08116	0	-1.20215e-08	-2.70533e-08	0
498	5e+24	3.8e+12	4.6e+12	0	-0.0333014	-0.106332	0	-1.11005e-08	-3.54439e-08	0
499	5e+24	3.8e+12	4.8e+12	0	-0.0303243	-0.157467	0	-1.01081e-08	-5.2489e-08	0
500	5e+24	4e+12	230908	0	-0.0367301	0.153939	0	-1.22434e-08	5.1313e-08	0
501	5e+24	4e+12	2e+11	0	-0.0406886	0.10301	0	-1.35629e-08	3.43368e-08	0
502	5e+24	4e+12	4e+11	0	-0.0442873	0.0781767	0	-1.47624e-08	2.60589e-08	0
503	5e+24	4e+12	6e+11	0	-0.0474177	0.0619678	0	-1.58059e-08	2.06559e-08	0
504	5e+24	4e+12	8e+11	0	-0.0500607	0.0500607	0	-1.66869e-08	1.66869e-08	0
505	5e+24	4e+12	1e+12	0	-0.0522471	0.0406734	0	-1.74157e-08	1.35578e-08	0
506	5e+24	4e+12	1.2e+12	0	-0.0540259	0.0328937	0	-1.80086e-08	1.09646e-08	0
507	5e+24	4e+12	1.4e+12	0	-0.0554468	0.0261919	0	-1.84823e-08	8.73064e-09	0
508	5e+24	4e+12	1.6e+12	0	-0.056553	0.0202317	0	-1.8851e-08	6.7439e-09	0
509	5e+24	4e+12	1.8e+12	0	-0.0573794	0.0147835	0	-1.91265e-08	4.92785e-09	0
510	5e+24	4e+12	2e+12	0	-0.0579518	0.00967978	0	-1.93173e-08	3.22659e-09	0
511	5e+24	4e+12	2.2e+12	0	-0.0582883	0.00478895	0	-1.94294e-08	1.59632e-09	0
512	5e+24	4e+12	2.4e+12	0	-0.0583993	-4.00638e-17	0	-1.94664e-08	-2.03564e-23	0
513	5e+24	4e+12	2.6e+12	0	-0.0582883	-0.00478895	0	-1.94294e-08	-1.59632e-09	0
514	5e+24	4e+12	2.8e+12	0	-0.0579518	-0.00967978	0	-1.93173e-08	-3.22659e-09	0
515	5e+24	4e+12	3e+12	0	-0.0573794	-0.0147835	0	-1.91265e-08	-4.92785e-09	0
516	5e+24	4e+12	3.2e+12	0	-0.056553	-0.0202317	0	-1.8851e-08	-6.7439e-09	0
517	5e+24	4e+12	3.4e+12	0	-0.0554468	-0.0261919	0	-1.84823e-08	-8.73064e-09	0
518	5e+24	4e+12	3.6e+12	0	-0.0540259	-0.0328937	0	-1.80086e-08	-1.09646e-08	0
519	5e+24	4e+12	3.8e+12	0	-0.0522471	-0.0406734	0	-1.74157e-08	-1.35578e-08	0
520	5e+24	4e+12	4e+12	0	-0.0500607	-0.0500607	0	-1.66869e-08	-1.66869e-08	0
521	5e+24	4e+12	4.2e+12	0	-0.0474177	-0.0619678	0	-1.58059e-08	-2.06559e-08	0
522	5e+24	4e+12	4.4e+12	0	-0.0442873	-0.0781767	0	-1.47624e-08	-2.60589e-08	0
523	5e+24	4e+12	4.6e+12	0	-0.0406886	-0.10301	0	-1.35629e-08	-3.43368e-08	0
524	5e+24	4e+12	4.8e+12	0	-0.0367301	-0.153939	0	-1.22434e-08	-5.1313e-08	0
525	5e+24	4.2e+12	223708	0	-0.0446207	0.149139	0	-1.48736e-08	4.9713e-08	0
526	5e+24	4.2e+12	2e+11	0	-0.0500409	0.0985879	0	-1.66803e-08	3.28626e-08	0
527	5e+24	4.2e+12	4e+11	0	-0.0547897	0.0743348	0	-1.82632e-08	2.47783e-08	0
528	5e+24	4.2e+12	6e+11	0	-0.0587484	0.0587484	0	-1.95828e-08	1.95828e-08	0
529	5e+24	4.2e+12	8e+11	0	-0.0619678	0.0474177	0	-2.06559e-08	1.58059e-08	0
530	5e+24	4.2e+12	1e+12	0	-0.0645545	0.0385331	0	-2.15182e-08	1.28444e-08	0
531	5e+24	4.2e+12	1.2e+12	0	-0.0666139	0.0311836	0	-2.22046e-08	1.03945e-08	0
532	5e+24	4.2e+12	1.4e+12	0	-0.0682334	0.0248505	0	-2.27445e-08	8.2835e-09	0
533	5e+24	4.2e+12	1.6e+12	0	-0.0694805	0.0192107	0	-2.31602e-08	6.40358e-09	0
534	5e+24	4.2e+12	1.8e+12	0	-0.0704048	0.014047	0	-2.34683e-08	4.68233e-09	0
535	5e+24	4.2e+12	2e+12	0	-0.0710418	0.00920216	0	-2.36806e-08	3.06739e-09	0
536	5e+24	4.2e+12	2.2e+12	0	-0.071415	0.00455407	0	-2.3805e-08	1.51802e-09	0
537	5e+24	4.2e+12	2.4e+12	0	-0.071538	-1.63864e-17	0	-2.3846e-08	-1.04496e-23	0
538	5e+24	4.2e+12	2.6e+12	0	-0.071415	-0.00455407	0	-2.3805e-08	-1.51802e-09	0
539	5e+24	4.2e+12	2.8e+12	0	-0.0710418	-0.00920216	0	-2.36806e-08	-3.06739e-09	0
540	5e+24	4.2e+12	3e+12	0	-0.0704048	-0.014047	0	-2.34683e-08	-4.68233e-09	0
541	5e+24	4.2e+12	3.2e+12	0	-0.0694805	-0.0192107	0	-2.31602e-08	-6.40358e-09	0
542	5e+24	4.2e+12	3.4e+12	0	-0.0682334	-0.0248505	0	-2.27445e-08	-8.2835e-09	0
543	5e+24	4.2e+12	3.6e+12	0	-0.0666139	-0.0311836	0	-2.22046e-08	-1.03945e-08	0
544	5e+24	4.2e+12	3.8e+12	0	-0.0645545	-0.0385331	0	-2.15182e-08	-1.28444e-08	0
545	5e+24	4.2e+12	4e+12	0	-0.0619678	-0.0474177	0	-2.06559e-08	-1.58059e-08	0
546	5e+24	4.2e+12	4.2e+12	0	-0.0587484	-0.0587484	0	-1.95828e-08	-1.95828e-08	0
547	5e+24	4.2e+12	4.4e+12	0	-0.0547897	-0.0743348	0	-1.82632e-08	-2.47783e-08	0
548	5e+24	4.2e+12	4.6e+12	0	-0.0500409	-0.0985879	0	-1.66803e-08	-3.28626e-08	0
549	5e+24	4.2e+12	4.8e+12	0	-0.0446207	-0.149139	0	-1.48736e-08	-4.9713e-08	0
550	5e+24	4.4e+12	213399	0	-0.0551643	0.142266	0	-1.83881e-08	4.7422e-08	0
551	5e+24	4.4e+12	2e+11	0	-0.0629891	0.0925292	0	-2.09964e-08	3.08431e-08	0
552	5e+24	4.4e+12	4e+11	0	-0.0693677	0.0693677	0	-2.31226e-08	2.31226e-08	0
553	5e+24	4.4e+12	6e+11	0	-0.0743348	0.0547897	0	-2.47783e-08	1.82632e-08	0
554	5e+24	4.4e+12	8e+11	0	-0.0781767	0.0442873	0	-2.60589e-08	1.47624e-08	0
555	5e+24	4.4e+12	1e+12	0	-0.08116	0.0360645	0	-2.70533e-08	1.20215e-08	0
556	5e+24	4.4e+12	1.2e+12	0	-0.0834816	0.0292472	0	-2.78272e-08	9.74907e-09	0
557	5e+24	4.4e+12	1.4e+12	0	-0.0852796	0.023351	0	-2.84265e-08	7.78368e-09	0
558	5e+24	4.4e+12	1.6e+12	0	-0.0866497	0.0180796	0	-2.88832e-08	6.02653e-09	0
559	5e+24	4.4e+12	1.8e+12	0	-0.0876582	0.0132358	0	-2.92194e-08	4.41194e-09	0
560	5e+24	4.4e+12	2e+12	0	-0.08835	0.00867818	0	-2.945e-08	2.89273e-09	0
561	5e+24	4.4e+12	2.2e+12	0	-0.0887543	0.00429695	0	-2.95848e-08	1.43232e-09	0
562	5e+24	4.4e+12	2.4e+12	0	-0.0888873	1.6276e-17	0	-2.96291e-08	4.20053e-24	0
563	5e+24	4.4e+12	2.6e+12	0	-0.0887543	-0.00429695	0	-2.95848e-08	-1.43232e-09	0
564	5e+24	4.4e+12	2.8e+12	0	-0.08835	-0.00867818	0	-2.945e-08	-2.89273e-09	0
565	5e+24	4.4e+12	3e+12	0	-0.0876582	-0.0132358	0	-2.92194e-08	-4.41194e-09	0
566	5e+24	4.4e+12	3.2e+12	0	-0.0866497	-0.0180796	0	-2.88832e-08	-6.02653e-09	0
567	5e+24	4.4e+12	3.4e+12	0	-0.0852796	-0.023351	0	-2.84265e-08	-7.78368e-09	0
568	5e+24	4.4e+12	3.6e+12	0	-0.0834816	-0.0292472	0	-2.78272e-08	-9.74907e-09	0
569	5e+24	4.4e+12	3.8e+12	0	-0.08116	-0.0360645	0	-2.70533e-08	-1.20215e-08	0
570	5e+24	4.4e+12	4e+12	0	-0.0781767	-0.0442873	0	-2.60589e-08	-1.47624e-08	0
571	5e+24	4.4e+12	4.2e+12	0	-0.0743348	-0.0547897	0	-2.47783e-08	-1.82632e-08	0
572	5e+24	4.4e+12	4.4e+12	0	-0.0693677	-0.0693677	0	-2.31226e-08	-2.31226e-08	0
573	5e+24	4.4e+12	4.6e+12	0	-0.0629891	-0.0925292	0	-2.09964e-08	-3.08431e-08	0
574	5e+24	4.4e+12	4.8e+12	0	-0.0551643	-0.142266	0	-1.83881e-08	-4.7422e-08	0
575	5e+24	4.6e+12	197079	0	-0.0715826	0.131386	0	-2.38609e-08	4.37954e-08	0
576	5e+24	4.6e+12	2e+11	0	-0.0839125	0.0839125	0	-2.79708e-08	2.79708e-08	0
577	5e+24	4.6e+12	4e+11	0	-0.0925292	0.0629891	0	-3.08431e-08	2.09964e-08	0
578	5e+24	4.6e+12	6e+11	0	-0.0985879	0.0500409	0	-3.28626e-08	1.66803e-08	0
579	5e+24	4.6e+12	8e+11	0	-0.10301	0.0406886	0	-3.43368e-08	1.35629e-08	0
580	5e+24	4.6e+12	1e+12	0	-0.106332	0.0333014	0	-3.54439e-08	1.11005e-08	0
581	5e+24	4.6e+12	1.2e+12	0	-0.108865	0.0271168	0	-3.62884e-08	9.03893e-09	0
582	5e+24	4.6e+12	1.4e+12	0	-0.110803	0.0217198	0	-3.69343e-08	7.23994e-09	0
583	5e+24	4.6e+12	1.6e+12	0	-0.112267	0.0168582	0	-3.74225e-08	5.61941e-09	0
584	5e+24	4.6e+12	1.8e+12	0	-0.11334	0.0123643	0	-3.778e-08	4.12142e-09	0
585	5e+24	4.6e+12	2e+12	0	-0.114073	0.00811692	0	-3.80244e-08	2.70564e-09	0
586	5e+24	4.6e+12	2.2e+12	0	-0.114501	0.004022	0	-3.8167e-08	1.34067e-09	0
587	5e+24	4.6e+12	2.4e+12	0	-0.114641	7.08812e-18	0	-3.82138e-08	7.66435e-24	0
588	5e+24	4.6e+12	2.6e+12	0	-0.114501	-0.004022	0	-3.8167e-08	-1.34067e-09	0
589	5e+24	4.6e+12	2.8e+12	0	-0.114073	-0.00811692	0	-3.80244e-08	-2.70564e-09	0
590	5e+24	4.6e+12	3e+12	0	-0.11334	-0.0123643	0	-3.778e-08	-4.12142e-09	0
591	5e+24	4.6e+12	3.2e+12	0	-0.112267	-0.0168582	0	-3.74225e-08	-5.61941e-09	0
592	5e+24	4.6e+12	3.4e+12	0	-0.110803	-0.0217198	0	-3.69343e-08	-7.23994e-09	0
593	5e+24	4.6e+12	3.6e+12	0	-0.108865	-0.0271168	0	-3.62884e-08	-9.03893e-09	0
594	5e+24	4.6e+12	3.8e+12	0	-0.106332	-0.0333014	0	-3.54439e-08	-1.11005e-08	0
595	5e+24	4.6e+12	4e+12	0	-0.10301	-0.0406886	0	-3.43368e-08	-1.35629e-08	0
596	5e+24	4.6e+12	4.2e+12	0	-0.0985879	-0.0500409	0	-3.28626e-08	-1.66803e-08	0
597	5e+24	4.6e+12	4.4e+12	0	-0.0925292	-0.0629891	0	-3.08431e-08	-2.09964e-08	0
598	5e+24	4.6e+12	4.6e+12	0	-0.0839125	-0.0839125	0	-2.79708e-08	-2.79708e-08	0
599	5e+24	4.6e+12	4.8e+12	0	-0.0715826	-0.131386	0	-2.38609e-08	-4.37954e-08	0
600	5e+24	4.8e+12	165272	0	-0.110181	0.110181	0	-3.67272e-08	3.67272e-08	0
601	5e+24	4.8e+12	2e+11	0	-0.131386	0.0715826	0	-4.37954e-08	2.38609e-08	0
602	5e+24	4.8e+12	4e+11	0	-0.142266	0.0551643	0	-4.7422e-08	1.83881e-08	0
603	5e+24	4.8e+12	6e+11	0	-0.149139	0.0446207	0	-4.9713e-08	1.48736e-08	0
604	5e+24	4.8e+12	8e+11	0	-0.153939	0.0367301	0	-5.1313e-08	1.22434e-08	0
605	5e+24	4.8e+12	1e+12	0	-0.157467	0.0303243	0	-5.2489e-08	1.01081e-08	0
606	5e+24	4.8e+12	1.2e+12	0	-0.160127	0.0248494	0	-5.33756e-08	8.28314e-09	0
607	5e+24	4.8e+12	1.4e+12	0	-0.162147	0.019997	0	-5.4049e-08	6.66565e-09	0
608	5e+24	4.8e+12	1.6e+12	0	-0.163668	0.0155745	0	-5.4556e-08	5.1915e-09	0
609	5e+24	4.8e+12	1.8e+12	0	-0.164779	0.011451	0	-5.49262e-08	3.817e-09	0
610	5e+24	4.8e+12	2e+12	0	-0.165537	0.00752994	0	-5.5179e-08	2.50998e-09	0
611	5e+24	4.8e+12	2.2e+12	0	-0.165979	0.00373475	0	-5.53263e-08	1.24492e-09	0
612	5e+24	4.8e+12	2.4e+12	0	-0.166124	-3.532e-18	0	-5.53746e-08	3.35396e-24	0
613	5e+24	4.8e+12	2.6e+12	0	-0.165979	-0.00373475	0	-5.53263e-08	-1.24492e-09	0
614	5e+24	4.8e+12	2.8e+12	0	-0.165537	-0.00752994	0	-5.5179e-08	-2.50998e-09	0
615	5e+24	4.8e+12	3e+12	0	-0.164779	-0.011451	0	-5.49262e-08	-3.817e-09	0
616	5e+24	4.8e+12	3.2e+12	0	-0.163668	-0.0155745	0	-5.4556e-08	-5.1915e-09	0
617	5e+24	4.8e+12	3.4e+12	0	-0.162147	-0.019997	0	-5.4049e-08	-6.66565e-09	0
618	5e+24	4.8e+12	3.6e+12	0	-0.160127	-0.0248494	0	-5.33756e-08	-8.28314e-09	0
619	5e+24	4.8e+12	3.8e+12	0	-0.157467	-0.0303243	0	-5.2489e-08	-1.01081e-08	0
620	5e+24	4.8e+12	4e+12	0	-0.153939	-0.0367301	0	-5.1313e-08	-1.22434e-08	0
621	5e+24	4.8e+12	4.2e+12	0	-0.149139	-0.0446207	0	-4.9713e-08	-1.48736e-08	0
622	5e+24	4.8e+12	4.4e+12	0	-0.142266	-0.0551643	0	-4.7422e-08	-1.83881e-08	0
623	5e+24	4.8e+12	4.6e+12	0	-0.131386	-0.0715826	0	-4.37954e-08	-2.38609e-08	0
624	5e+24	4.8e+12	4.8e+12	0	-0.110181	-0.110181	0	-3.67272e-08	-3.67272e-08	0
