625
0	5e+24	6.61105e+07	6.61105e+07	0	2.20374	2.20374	0	3.67326e-08	3.67326e-08	0
1	5e+24	7.88336e+07	2.00043e+11	0	2.62785	1.43167	0	4.38019e-08	2.38616e-08	0
2	5e+24	8.53617e+07	4.00033e+11	0	2.84546	1.10329	0	4.74288e-08	1.83885e-08	0
3	5e+24	8.94853e+07	6.00027e+11	0	2.98291	0.892419	0	4.97198e-08	1.48738e-08	0
4	5e+24	9.23653e+07	8.00022e+11	0	3.07891	0.734605	0	5.13198e-08	1.22435e-08	0
5	5e+24	9.44822e+07	1.00002e+12	0	3.14948	0.606488	0	5.24958e-08	1.01082e-08	0
6	5e+24	9.60781e+07	1.20001e+12	0	3.20267	0.49699	0	5.33824e-08	8.28324e-09	0
7	5e+24	9.72903e+07	1.40001e+12	0	3.24308	0.39994	0	5.40558e-08	6.66572e-09	0
8	5e+24	9.82028e+07	1.60001e+12	0	3.27349	0.311491	0	5.45628e-08	5.19156e-09	0
9	5e+24	9.88692e+07	1.80001e+12	0	3.29571	0.229021	0	5.4933e-08	3.81704e-09	0
10	5e+24	9.93242e+07	2e+12	0	3.31087	0.150599	0	5.51857e-08	2.51001e-09	0
11	5e+24	9.95893e+07	2.2e+12	0	3.31971	0.0746953	0	5.5333e-08	1.24493e-09	0
12	5e+24	9.96763e+07	2.4e+12	0	3.32261	-1.77619e-15	0	5.53814e-08	-6.47826e-23	0
13	5e+24	9.95893e+07	2.6e+12	0	3.31971	-0.0746953	0	5.5333e-08	-1.24493e-09	0
14	5e+24	9.93242e+07	2.8e+12	0	3.31087	-0.150599	0	5.51857e-08	-2.51001e-09	0
15	5e+24	9.88692e+07	2.99999e+12	0	3.29571	-0.229021	0	5.4933e-08	-3.81704e-09	0
16	5e+24	9.82028e+07	3.19999e+12	0	3.27349	-0.311491	0	5.45628e-08	-5.19156e-09	0
17	5e+24	9.72903e+07	3.39999e+12	0	3.24308	-0.39994	0	5.40558e-08	-6.66572e-09	0
18	5e+24	9.60781e+07	3.59999e+12	0	3.20267	-0.49699	0	5.33824e-08	-8.28324e-09	0
19	5e+24	9.44822e+07	3.79998e+12	0	3.14948	-0.606488	0	5.24958e-08	-1.01082e-08	0
20	5e+24	9.23653e+07	3.99998e+12	0	3.07891	-0.734605	0	5.13198e-08	-1.22435e-08	0
21	5e+24	8.94853e+07	4.19997e+12	0	2.98291	-0.892419	0	4.97198e-08	-1.48738e-08	0
22	5e+24	8.53617e+07	4.39997e+12	0	2.84546	-1.10329	0	4.74288e-08	-1.83885e-08	0
23	5e+24	7.88336e+07	4.59996e+12	0	2.62785	-1.43167	0	4.38019e-08	-2.38616e-08	0
24	5e+24	6.61105e+07	4.79993e+12	0	2.20374	-2.20374	0	3.67326e-08	-3.67326e-08	0
25	5e+24	2.00043e+11	7.88336e+07	0	1.43167	2.62785	0	2.38616e-08	4.38019e-08	0
26	5e+24	2.0005e+11	2.0005e+11	0	1.67827	1.67827	0	2.79717e-08	2.79717e-08	0
27	5e+24	2.00056e+11	4.00038e+11	0	1.85061	1.25979	0	3.08441e-08	2.09967e-08	0
28	5e+24	2.00059e+11	6.0003e+11	0	1.97178	1.00082	0	3.28638e-08	1.66805e-08	0
29	5e+24	2.00062e+11	8.00024e+11	0	2.06023	0.813774	0	3.43379e-08	1.3563e-08	0
30	5e+24	2.00064e+11	1.00002e+12	0	2.12666	0.66603	0	3.54451e-08	1.11006e-08	0
31	5e+24	2.00065e+11	1.20002e+12	0	2.17733	0.542337	0	3.62896e-08	9.039e-09	0
32	5e+24	2.00066e+11	1.40001e+12	0	2.21608	0.434397	0	3.69355e-08	7.23999e-09	0
33	5e+24	2.00067e+11	1.60001e+12	0	2.24537	0.337165	0	3.74237e-08	5.61945e-09	0
34	5e+24	2.00068e+11	1.80001e+12	0	2.26682	0.247286	0	3.77812e-08	4.12144e-09	0
35	5e+24	2.00068e+11	2e+12	0	2.28149	0.162339	0	3.80256e-08	2.70566e-09	0
36	5e+24	2.00069e+11	2.2e+12	0	2.29004	0.0804402	0	3.81681e-08	1.34068e-09	0
37	5e+24	2.00069e+11	2.4e+12	0	2.29285	-2.44264e-16	0	3.8215e-08	-3.60389e-23	0
38	5e+24	2.00069e+11	2.6e+12	0	2.29004	-0.0804402	0	3.81681e-08	-1.34068e-09	0
39	5e+24	2.00068e+11	2.8e+12	0	2.28149	-0.162339	0	3.80256e-08	-2.70566e-09	0
40	5e+24	2.00068e+11	2.99999e+12	0	2.26682	-0.247286	0	3.77812e-08	-4.12144e-09	0
41	5e+24	2.00067e+11	3.19999e+12	0	2.24537	-0.337165	0	3.74237e-08	-5.61945e-09	0
42	5e+24	2.00066e+11	3.39999e+12	0	2.21608	-0.434397	0	3.69355e-08	-7.23999e-09	0
43	5e+24	2.00065e+11	3.59998e+12	0	2.17733	-0.542337	0	3.62896e-08	-9.039e-09	0
44	5e+24	2.00064e+11	3.79998e+12	0	2.12666	-0.66603	0	3.54451e-08	-1.11006e-08	0
45	5e+24	2.00062e+11	3.99998e+12	0	2.06023	-0.813774	0	3.43379e-08	-1.3563e-08	0
46	5e+24	2.00059e+11	4.19997e+12	0	1.97178	-1.00082	0	3.28638e-08	-1.66805e-08	0
47	5e+24	2.00056e+11	4.39996e+12	0	1.85061	-1.25979	0	3.08441e-08	-2.09967e-08	0
48	5e+24	2.0005e+11	4.59995e+12	0	1.67827	-1.67827	0	2.79717e-08	-2.79717e-08	0
49	5e+24	2.00043e+11	4.79992e+12	0	1.43167	-2.62785	0	2.38616e-08	-4.38019e-08	0
50	5e+24	4.00033e+11	8.53617e+07	0	1.10329	2.84546	0	1.83885e-08	4.74288e-08	0
51	5e+24	4.00038e+11	2.00056e+11	0	1.25979	1.85061	0	2.09967e-08	3.08441e-08	0
52	5e+24	4.00042e+11	4.00042e+11	0	1.38736	1.38736	0	2.3123e-08	2.3123e-08	0
53	5e+24	4.00045e+11	6.00033e+11	0	1.4867	1.0958	0	2.47787e-08	1.82634e-08	0
54	5e+24	4.00047e+11	8.00027e+11	0	1.56354	0.88575	0	2.60594e-08	1.47626e-08	0
55	5e+24	4.00049e+11	1.00002e+12	0	1.62321	0.721292	0	2.70539e-08	1.20216e-08	0
56	5e+24	4.0005e+11	1.20002e+12	0	1.66964	0.584946	0	2.78277e-08	9.74914e-09	0
57	5e+24	4.00051e+11	1.40001e+12	0	1.7056	0.467022	0	2.84271e-08	7.78372e-09	0
58	5e+24	4.00052e+11	1.60001e+12	0	1.73301	0.361593	0	2.88838e-08	6.02657e-09	0
59	5e+24	4.00053e+11	1.80001e+12	0	1.75318	0.264717	0	2.922e-08	4.41197e-09	0
60	5e+24	4.00053e+11	2.00001e+12	0	1.76701	0.173564	0	2.94506e-08	2.89274e-09	0
61	5e+24	4.00053e+11	2.2e+12	0	1.7751	0.0859392	0	2.95853e-08	1.43232e-09	0
62	5e+24	4.00053e+11	2.4e+12	0	1.77776	9.84608e-16	0	2.96297e-08	-1.36501e-23	0
63	5e+24	4.00053e+11	2.6e+12	0	1.7751	-0.0859392	0	2.95853e-08	-1.43232e-09	0
64	5e+24	4.00053e+11	2.79999e+12	0	1.76701	-0.173564	0	2.94506e-08	-2.89274e-09	0
65	5e+24	4.00053e+11	2.99999e+12	0	1.75318	-0.264717	0	2.922e-08	-4.41197e-09	0
66	5e+24	4.00052e+11	3.19999e+12	0	1.73301	-0.361593	0	2.88838e-08	-6.02657e-09	0
67	5e+24	4.00051e+11	3.39999e+12	0	1.7056	-0.467022	0	2.84271e-08	-7.78372e-09	0
68	5e+24	4.0005e+11	3.59998e+12	0	1.66964	-0.584946	0	2.78277e-08	-9.74914e-09	0
69	5e+24	4.00049e+11	3.79998e+12	0	1.62321	-0.721292	0	2.70539e-08	-1.20216e-08	0
70	5e+24	4.00047e+11	3.99997e+12	0	1.56354	-0.88575	0	2.60594e-08	-1.47626e-08	0
71	5e+24	4.00045e+11	4.19997e+12	0	1.4867	-1.0958	0	2.47787e-08	-1.82634e-08	0
72	5e+24	4.00042e+11	4.39996e+12	0	1.38736	-1.38736	0	2.3123e-08	-2.3123e-08	0
73	5e+24	4.00038e+11	4.59994e+12	0	1.25979	-1.85061	0	2.09967e-08	-3.08441e-08	0
74	5e+24	4.00033e+11	4.79991e+12	0	1.10329	-2.84546	0	1.83885e-08	-4.74288e-08	0
75	5e+24	6.00027e+11	8.94853e+07	0	0.892419	2.98291	0	1.48738e-08	4.97198e-08	0
76	5e+24	6.0003e+11	2.00059e+11	0	1.00082	1.97178	0	1.66805e-08	3.28638e-08	0
77	5e+24	6.00033e+11	4.00045e+11	0	1.0958	1.4867	0	1.82634e-08	2.47787e-08	0
78	5e+24	6.00035e+11	6.00035e+11	0	1.17497	1.17497	0	1.9583e-08	1.9583e-08	0
79	5e+24	6.00037e+11	8.00028e+11	0	1.23936	0.948358	0	2.06562e-08	1.58061e-08	0
80	5e+24	6.00039e+11	1.00002e+12	0	1.2911	0.770665	0	2.15185e-08	1.28445e-08	0
81	5e+24	6.0004e+11	1.20002e+12	0	1.33228	0.623673	0	2.22049e-08	1.03946e-08	0
82	5e+24	6.00041e+11	1.40001e+12	0	1.36468	0.497011	0	2.27448e-08	8.28355e-09	0
83	5e+24	6.00042e+11	1.60001e+12	0	1.38962	0.384216	0	2.31605e-08	6.40361e-09	0
84	5e+24	6.00042e+11	1.80001e+12	0	1.4081	0.28094	0	2.34686e-08	4.68235e-09	0
85	5e+24	6.00043e+11	2.00001e+12	0	1.42084	0.184043	0	2.36809e-08	3.0674e-09	0
86	5e+24	6.00043e+11	2.2e+12	0	1.42831	0.0910816	0	2.38054e-08	1.51803e-09	0
87	5e+24	6.00043e+11	2.4e+12	0	1.43077	2.74356e-16	0	2.38463e-08	-1.98935e-23	0
88	5e+24	6.00043e+11	2.6e+12	0	1.42831	-0.0910816	0	2.38054e-08	-1.51803e-09	0
89	5e+24	6.00043e+11	2.79999e+12	0	1.42084	-0.184043	0	2.36809e-08	-3.0674e-09	0
90	5e+24	6.00042e+11	2.99999e+12	0	1.4081	-0.28094	0	2.34686e-08	-4.68235e-09	0
91	5e+24	6.00042e+11	3.19999e+12	0	1.38962	-0.384216	0	2.31605e-08	-6.40361e-09	0
92	5e+24	6.00041e+11	3.39999e+12	0	1.36468	-0.497011	0	2.27448e-08	-8.28355e-09	0
93	5e+24	6.0004e+11	3.59998e+12	0	1.33228	-0.623673	0	2.22049e-08	-1.03946e-08	0
94	5e+24	6.00039e+11	3.79998e+12	0	1.2911	-0.770665	0	2.15185e-08	-1.28445e-08	0
95	5e+24	6.00037e+11	3.99997e+12	0	1.23936	-0.948358	0	2.06562e-08	-1.58061e-08	0
96	5e+24	6.00035e+11	4.19996e+12	0	1.17497	-1.17497	0	1.9583e-08	-1.9583e-08	0
97	5e+24	6.00033e+11	4.39996e+12	0	1.0958	-1.4867	0	1.82634e-08	-2.47787e-08	0
98	5e+24	6.0003e+11	4.59994e+12	0	1.00082	-1.97178	0	1.66805e-08	-3.28638e-08	0
99	5e+24	6.00027e+11	4.79991e+12	0	0.892419	-2.98291	0	1.48738e-08	-4.97198e-08	0
100	5e+24	8.00022e+11	9.23653e+07	0	0.734605	3.07891	0	1.22435e-08	5.13198e-08	0
101	5e+24	8.00024e+11	2.00062e+11	0	0.813774	2.06023	0	1.3563e-08	3.43379e-08	0
102	5e+24	8.00027e+11	4.00047e+11	0	0.88575	1.56354	0	1.47626e-08	2.60594e-08	0
103	5e+24	8.00028e+11	6.00037e+11	0	0.948358	1.23936	0	1.58061e-08	2.06562e-08	0
104	5e+24	8.0003e+11	8.0003e+11	0	1.00122	1.00122	0	1.66871e-08	1.66871e-08	0
105	5e+24	8.00031e+11	1.00002e+12	0	1.04495	0.81347	0	1.74159e-08	1.35579e-08	0
106	5e+24	8.00032e+11	1.20002e+12	0	1.08052	0.657877	0	1.80088e-08	1.09647e-08	0
107	5e+24	8.00033e+11	1.40002e+12	0	1.10894	0.52384	0	1.84825e-08	8.7307e-09	0
108	5e+24	8.00034e+11	1.60001e+12	0	1.13106	0.404635	0	1.88512e-08	6.74394e-09	0
109	5e+24	8.00034e+11	1.80001e+12	0	1.14759	0.295671	0	1.91267e-08	4.92788e-09	0
110	5e+24	8.00035e+11	2.00001e+12	0	1.15904	0.193596	0	1.93175e-08	3.22661e-09	0
111	5e+24	8.00035e+11	2.2e+12	0	1.16577	0.0957791	0	1.94297e-08	1.59632e-09	0
112	5e+24	8.00035e+11	2.4e+12	0	1.16799	-4.42117e-16	0	1.94667e-08	-1.66212e-23	0
113	5e+24	8.00035e+11	2.6e+12	0	1.16577	-0.0957791	0	1.94297e-08	-1.59632e-09	0
114	5e+24	8.00035e+11	2.79999e+12	0	1.15904	-0.193596	0	1.93175e-08	-3.22661e-09	0
115	5e+24	8.00034e+11	2.99999e+12	0	1.14759	-0.295671	0	1.91267e-08	-4.92788e-09	0
116	5e+24	8.00034e+11	3.19999e+12	0	1.13106	-0.404635	0	1.88512e-08	-6.74394e-09	0
117	5e+24	8.00033e+11	3.39998e+12	0	1.10894	-0.52384	0	1.84825e-08	-8.7307e-09	0
118	5e+24	8.00032e+11	3.59998e+12	0	1.08052	-0.657877	0	1.80088e-08	-1.09647e-08	0
119	5e+24	8.00031e+11	3.79998e+12	0	1.04495	-0.81347	0	1.74159e-08	-1.35579e-08	0
120	5e+24	8.0003e+11	3.99997e+12	0	1.00122	-1.00122	0	1.66871e-08	-1.66871e-08	0
121	5e+24	8.00028e+11	4.19996e+12	0	0.948358	-1.23936	0	1.58061e-08	-2.06562e-08	0
122	5e+24	8.00027e+11	4.39995e+12	0	0.88575	-1.56354	0	1.47626e-08	-2.60594e-08	0
123	5e+24	8.00024e+11	4.59994e+12	0	0.813774	-2.06023	0	1.3563e-08	-3.43379e-08	0
124	5e+24	8.00022e+11	4.79991e+12	0	0.734605	-3.07891	0	1.22435e-08	-5.13198e-08	0
125	5e+24	1.00002e+12	9.44822e+07	0	0.606488	3.14948	0	1.01082e-08	5.24958e-08	0
126	5e+24	1.00002e+12	2.00064e+11	0	0.66603	2.12666	0	1.11006e-08	3.54451e-08	0
127	5e+24	1.00002e+12	4.00049e+11	0	0.721292	1.62321	0	1.20216e-08	2.70539e-08	0
128	5e+24	1.00002e+12	6.00039e+11	0	0.770665	1.2911	0	1.28445e-08	2.15185e-08	0
129	5e+24	1.00002e+12	8.00031e+11	0	0.81347	1.04495	0	1.35579e-08	1.74159e-08	0
130	5e+24	1.00003e+12	1.00003e+12	0	0.849705	0.849705	0	1.41618e-08	1.41618e-08	0
131	5e+24	1.00003e+12	1.20002e+12	0	0.879735	0.687336	0	1.46623e-08	1.14557e-08	0
132	5e+24	1.00003e+12	1.40002e+12	0	0.904067	0.547244	0	1.50679e-08	9.12077e-09	0
133	5e+24	1.00003e+12	1.60001e+12	0	0.923213	0.422611	0	1.5387e-08	7.04355e-09	0
134	5e+24	1.00003e+12	1.80001e+12	0	0.937625	0.308723	0	1.56272e-08	5.14541e-09	0
135	5e+24	1.00003e+12	2.00001e+12	0	0.947661	0.202095	0	1.57945e-08	3.36826e-09	0
136	5e+24	1.00003e+12	2.2e+12	0	0.95358	0.0999685	0	1.58931e-08	1.66615e-09	0
137	5e+24	1.00003e+12	2.4e+12	0	0.955536	4.08597e-16	0	1.59257e-08	9.88578e-24	0
138	5e+24	1.00003e+12	2.6e+12	0	0.95358	-0.0999685	0	1.58931e-08	-1.66615e-09	0
139	5e+24	1.00003e+12	2.79999e+12	0	0.947661	-0.202095	0	1.57945e-08	-3.36826e-09	0
140	5e+24	1.00003e+12	2.99999e+12	0	0.937625	-0.308723	0	1.56272e-08	-5.14541e-09	0
141	5e+24	1.00003e+12	3.19999e+12	0	0.923213	-0.422611	0	1.5387e-08	-7.04355e-09	0
142	5e+24	1.00003e+12	3.39998e+12	0	0.904067	-0.547244	0	1.50679e-08	-9.12077e-09	0
143	5e+24	1.00003e+12	3.59998e+12	0	0.879735	-0.687336	0	1.46623e-08	-1.14557e-08	0
144	5e+24	1.00003e+12	3.79997e+12	0	0.849705	-0.849705	0	1.41618e-08	-1.41618e-08	0
145	5e+24	1.00002e+12	3.99997e+12	0	0.81347	-1.04495	0	1.35579e-08	-1.74159e-08	0
146	5e+24	1.00002e+12	4.19996e+12	0	0.770665	-1.2911	0	1.28445e-08	-2.15185e-08	0
147	5e+24	1.00002e+12	4.39995e+12	0	0.721292	-1.62321	0	1.20216e-08	-2.70539e-08	0
148	5e+24	1.00002e+12	4.59994e+12	0	0.66603	-2.12666	0	1.11006e-08	-3.54451e-08	0
149	5e+24	1.00002e+12	4.79991e+12	0	0.606488	-3.14948	0	1.01082e-08	-5.24958e-08	0
150	5e+24	1.20001e+12	9.60781e+07	0	0.49699	3.20267	0	8.28324e-09	5.33824e-08	0
151	5e+24	1.20002e+12	2.00065e+11	0	0.542337	2.17733	0	9.039e-09	3.62896e-08	0
152	5e+24	1.20002e+12	4.0005e+11	0	0.584946	1.66964	0	9.74914e-09	2.78277e-08	0
153	5e+24	1.20002e+12	6.0004e+11	0	0.623673	1.33228	0	1.03946e-08	2.22049e-08	0
154	5e+24	1.20002e+12	8.00032e+11	0	0.657877	1.08052	0	1.09647e-08	1.80088e-08	0
155	5e+24	1.20002e+12	1.00003e+12	0	0.687336	0.879735	0	1.14557e-08	1.46623e-08	0
156	5e+24	1.20002e+12	1.20002e+12	0	0.712118	0.712118	0	1.18687e-08	1.18687e-08	0
157	5e+24	1.20002e+12	1.40002e+12	0	0.732442	0.56716	0	1.22074e-08	9.4527e-09	0
158	5e+24	1.20002e+12	1.60001e+12	0	0.748586	0.438041	0	1.24765e-08	7.30071e-09	0
159	5e+24	1.20002e+12	1.80001e+12	0	0.760823	0.319996	0	1.26805e-08	5.33328e-09	0
160	5e+24	1.20002e+12	2.00001e+12	0	0.769388	0.209465	0	1.28232e-08	3.4911e-09	0
161	5e+24	1.20002e+12	2.2e+12	0	0.774455	0.10361	0	1.29077e-08	1.72684e-09	0
162	5e+24	1.20002e+12	2.4e+12	0	0.776132	7.65281e-16	0	1.29356e-08	1.63352e-23	0
163	5e+24	1.20002e+12	2.6e+12	0	0.774455	-0.10361	0	1.29077e-08	-1.72684e-09	0
164	5e+24	1.20002e+12	2.79999e+12	0	0.769388	-0.209465	0	1.28232e-08	-3.4911e-09	0
165	5e+24	1.20002e+12	2.99999e+12	0	0.760823	-0.319996	0	1.26805e-08	-5.33328e-09	0
166	5e+24	1.20002e+12	3.19999e+12	0	0.748586	-0.438041	0	1.24765e-08	-7.30071e-09	0
167	5e+24	1.20002e+12	3.39998e+12	0	0.732442	-0.56716	0	1.22074e-08	-9.4527e-09	0
168	5e+24	1.20002e+12	3.59998e+12	0	0.712118	-0.712118	0	1.18687e-08	-1.18687e-08	0
169	5e+24	1.20002e+12	3.79997e+12	0	0.687336	-0.879735	0	1.14557e-08	-1.46623e-08	0
170	5e+24	1.20002e+12	3.99997e+12	0	0.657877	-1.08052	0	1.09647e-08	-1.80088e-08	0
171	5e+24	1.20002e+12	4.19996e+12	0	0.623673	-1.33228	0	1.03946e-08	-2.22049e-08	0
172	5e+24	1.20002e+12	4.39995e+12	0	0.584946	-1.66964	0	9.74914e-09	-2.78277e-08	0
173	5e+24	1.20002e+12	4.59993e+12	0	0.542337	-2.17733	0	9.039e-09	-3.62896e-08	0
174	5e+24	1.20001e+12	4.7999e+12	0	0.49699	-3.20267	0	8.28324e-09	-5.33824e-08	0
175	5e+24	1.40001e+12	9.72903e+07	0	0.39994	3.24308	0	6.66572e-09	5.40558e-08	0
176	5e+24	1.40001e+12	2.00066e+11	0	0.434397	2.21608	0	7.23999e-09	3.69355e-08	0
177	5e+24	1.40001e+12	4.00051e+11	0	0.467022	1.7056	0	7.78372e-09	2.84271e-08	0
178	5e+24	1.40001e+12	6.00041e+11	0	0.497011	1.36468	0	8.28355e-09	2.27448e-08	0
179	5e+24	1.40002e+12	8.00033e+11	0	0.52384	1.10894	0	8.7307e-09	1.84825e-08	0
180	5e+24	1.40002e+12	1.00003e+12	0	0.547244	0.904067	0	9.12077e-09	1.50679e-08	0
181	5e+24	1.40002e+12	1.20002e+12	0	0.56716	0.732442	0	9.4527e-09	1.22074e-08	0
182	5e+24	1.40002e+12	1.40002e+12	0	0.583654	0.583654	0	9.72761e-09	9.72761e-09	0
183	5e+24	1.40002e+12	1.60001e+12	0	0.596859	0.450916	0	9.94771e-09	7.51531e-09	0
184	5e+24	1.40002e+12	1.80001e+12	0	0.60693	0.329454	0	1.01156e-08	5.49093e-09	0
185	5e+24	1.40002e+12	2.00001e+12	0	0.614009	0.215673	0	1.02335e-08	3.59457e-09	0
186	5e+24	1.40002e+12	2.2e+12	0	0.618209	0.106684	0	1.03035e-08	1.77808e-09	0
187	5e+24	1.40002e+12	2.4e+12	0	0.619601	-1.44825e-15	0	1.03267e-08	-3.66108e-23	0
188	5e+24	1.40002e+12	2.6e+12	0	0.618209	-0.106684	0	1.03035e-08	-1.77808e-09	0
189	5e+24	1.40002e+12	2.79999e+12	0	0.614009	-0.215673	0	1.02335e-08	-3.59457e-09	0
190	5e+24	1.40002e+12	2.99999e+12	0	0.60693	-0.329454	0	1.01156e-08	-5.49093e-09	0
191	5e+24	1.40002e+12	3.19999e+12	0	0.596859	-0.450916	0	9.94771e-09	-7.51531e-09	0
192	5e+24	1.40002e+12	3.39998e+12	0	0.583654	-0.583654	0	9.72761e-09	-9.72761e-09	0
193	5e+24	1.40002e+12	3.59998e+12	0	0.56716	-0.732442	0	9.4527e-09	-1.22074e-08	0
194	5e+24	1.40002e+12	3.79997e+12	0	0.547244	-0.904067	0	9.12077e-09	-1.50679e-08	0
195	5e+24	1.40002e+12	3.99997e+12	0	0.52384	-1.10894	0	8.7307e-09	-1.84825e-08	0
196	5e+24	1.40001e+12	4.19996e+12	0	0.497011	-1.36468	0	8.28355e-09	-2.27448e-08	0
197	5e+24	1.40001e+12	4.39995e+12	0	0.467022	-1.7056	0	7.78372e-09	-2.84271e-08	0
198	5e+24	1.40001e+12	4.59993e+12	0	0.434397	-2.21608	0	7.23999e-09	-3.69355e-08	0
199	5e+24	1.40001e+12	4.7999e+12	0	0.39994	-3.24308	0	6.66572e-09	-5.40558e-08	0
200	5e+24	1.60001e+12	9.82028e+07	0	0.311491	3.27349	0	5.19156e-09	5.45628e-08	0
201	5e+24	1.60001e+12	2.00067e+11	0	0.337165	2.24537	0	5.61945e-09	3.74237e-08	0
202	5e+24	1.60001e+12	4.00052e+11	0	0.361593	1.73301	0	6.02657e-09	2.88838e-08	0
203	5e+24	1.60001e+12	6.00042e+11	0	0.384216	1.38962	0	6.40361e-09	2.31605e-08	0
204	5e+24	1.60001e+12	8.00034e+11	0	0.404635	1.13106	0	6.74394e-09	1.88512e-08	0
205	5e+24	1.60001e+12	1.00003e+12	0	0.422611	0.923213	0	7.04355e-09	1.5387e-08	0
206	5e+24	1.60001e+12	1.20002e+12	0	0.438041	0.748586	0	7.30071e-09	1.24765e-08	0
207	5e+24	1.60001e+12	1.40002e+12	0	0.450916	0.596859	0	7.51531e-09	9.94771e-09	0
208	5e+24	1.60001e+12	1.60001e+12	0	0.46129	0.46129	0	7.6882e-09	7.6882e-09	0
209	5e+24	1.60001e+12	1.80001e+12	0	0.46924	0.337111	0	7.82071e-09	5.61854e-09	0
210	5e+24	1.60001e+12	2.00001e+12	0	0.474849	0.220715	0	7.91419e-09	3.6786e-09	0
211	5e+24	1.60001e+12	2.2e+12	0	0.478184	0.109186	0	7.96978e-09	1.81977e-09	0
212	5e+24	1.60001e+12	2.4e+12	0	0.479291	-3.75157e-15	0	7.98822e-09	-1.06806e-22	0
213	5e+24	1.60001e+12	2.6e+12	0	0.478184	-0.109186	0	7.96978e-09	-1.81977e-09	0
214	5e+24	1.60001e+12	2.79999e+12	0	0.474849	-0.220715	0	7.91419e-09	-3.6786e-09	0
215	5e+24	1.60001e+12	2.99999e+12	0	0.46924	-0.337111	0	7.82071e-09	-5.61854e-09	0
216	5e+24	1.60001e+12	3.19999e+12	0	0.46129	-0.46129	0	7.6882e-09	-7.6882e-09	0
217	5e+24	1.60001e+12	3.39998e+12	0	0.450916	-0.596859	0	7.51531e-09	-9.94771e-09	0
218	5e+24	1.60001e+12	3.59998e+12	0	0.438041	-0.748586	0	7.30071e-09	-1.24765e-08	0
219	5e+24	1.60001e+12	3.79997e+12	0	0.422611	-0.923213	0	7.04355e-09	-1.5387e-08	0
220	5e+24	1.60001e+12	3.99997e+12	0	0.404635	-1.13106	0	6.74394e-09	-1.88512e-08	0
221	5e+24	1.60001e+12	4.19996e+12	0	0.384216	-1.38962	0	6.40361e-09	-2.31605e-08	0
222	5e+24	1.60001e+12	4.39995e+12	0	0.361593	-1.73301	0	6.02657e-09	-2.88838e-08	0
223	5e+24	1.60001e+12	4.59993e+12	0	0.337165	-2.24537	0	5.61945e-09	-3.74237e-08	0
224	5e+24	1.60001e+12	4.7999e+12	0	0.311491	-3.27349	0	5.19156e-09	-5.45628e-08	0
225	5e+24	1.80001e+12	9.88692e+07	0	0.229021	3.29571	0	3.81704e-09	5.4933e-08	0
226	5e+24	1.80001e+12	2.00068e+11	0	0.247286	2.26682	0	4.12144e-09	3.77812e-08	0
227	5e+24	1.80001e+12	4.00053e+11	0	0.264717	1.75318	0	4.41197e-09	2.922e-08	0
228	5e+24	1.80001e+12	6.00042e+11	0	0.28094	1.4081	0	4.68235e-09	2.34686e-08	0
229	5e+24	1.80001e+12	8.00034e+11	0	0.295671	1.14759	0	4.92788e-09	1.91267e-08	0
230	5e+24	1.80001e+12	1.00003e+12	0	0.308723	0.937625	0	5.14541e-09	1.56272e-08	0
231	5e+24	1.80001e+12	1.20002e+12	0	0.319996	0.760823	0	5.33328e-09	1.26805e-08	0
232	5e+24	1.80001e+12	1.40002e+12	0	0.329454	0.60693	0	5.49093e-09	1.01156e-08	0
233	5e+24	1.80001e+12	1.60001e+12	0	0.337111	0.46924	0	5.61854e-09	7.82071e-09	0
234	5e+24	1.80001e+12	1.80001e+12	0	0.343001	0.343001	0	5.71672e-09	5.71672e-09	0
235	5e+24	1.80001e+12	2.00001e+12	0	0.347168	0.224604	0	5.78617e-09	3.74342e-09	0
236	5e+24	1.80001e+12	2.2e+12	0	0.349651	0.111118	0	5.82755e-09	1.85198e-09	0
237	5e+24	1.80001e+12	2.4e+12	0	0.350475	-3.54019e-15	0	5.84129e-09	-1.00073e-22	0
238	5e+24	1.80001e+12	2.6e+12	0	0.349651	-0.111118	0	5.82755e-09	-1.85198e-09	0
239	5e+24	1.80001e+12	2.79999e+12	0	0.347168	-0.224604	0	5.78617e-09	-3.74342e-09	0
240	5e+24	1.80001e+12	2.99999e+12	0	0.343001	-0.343001	0	5.71672e-09	-5.71672e-09	0
241	5e+24	1.80001e+12	3.19999e+12	0	0.337111	-0.46924	0	5.61854e-09	-7.82071e-09	0
242	5e+24	1.80001e+12	3.39998e+12	0	0.329454	-0.60693	0	5.49093e-09	-1.01156e-08	0
243	5e+24	1.80001e+12	3.59998e+12	0	0.319996	-0.760823	0	5.33328e-09	-1.26805e-08	0
244	5e+24	1.80001e+12	3.79997e+12	0	0.308723	-0.937625	0	5.14541e-09	-1.56272e-08	0
245	5e+24	1.80001e+12	3.99997e+12	0	0.295671	-1.14759	0	4.92788e-09	-1.91267e-08	0
246	5e+24	1.80001e+12	4.19996e+12	0	0.28094	-1.4081	0	4.68235e-09	-2.34686e-08	0
247	5e+24	1.80001e+12	4.39995e+12	0	0.264717	-1.75318	0	4.41197e-09	-2.922e-08	0
248	5e+24	1.80001e+12	4.59993e+12	0	0.247286	-2.26682	0	4.12144e-09	-3.77812e-08	0
249	5e+24	1.80001e+12	4.7999e+12	0	0.229021	-3.29571	0	3.81704e-09	-5.4933e-08	0
250	5e+24	2e+12	9.93242e+07	0	0.150599	3.31087	0	2.51001e-09	5.51857e-08	0
251	5e+24	2e+12	2.00068e+11	0	0.162339	2.28149	0	2.70566e-09	3.80256e-08	0
252	5e+24	2.00001e+12	4.00053e+11	0	0.173564	1.76701	0	2.89274e-09	2.94506e-08	0
253	5e+24	2.00001e+12	6.00043e+11	0	0.184043	1.42084	0	3.0674e-09	2.36809e-08	0
254	5e+24	2.00001e+12	8.00035e+11	0	0.193596	1.15904	0	3.22661e-09	1.93175e-08	0
255	5e+24	2.00001e+12	1.00003e+12	0	0.202095	0.947661	0	3.36826e-09	1.57945e-08	0
256	5e+24	2.00001e+12	1.20002e+12	0	0.209465	0.769388	0	3.4911e-09	1.28232e-08	0
257	5e+24	2.00001e+12	1.40002e+12	0	0.215673	0.614009	0	3.59457e-09	1.02335e-08	0
258	5e+24	2.00001e+12	1.60001e+12	0	0.220715	0.474849	0	3.6786e-09	7.91419e-09	0
259	5e+24	2.00001e+12	1.80001e+12	0	0.224604	0.347168	0	3.74342e-09	5.78617e-09	0
260	5e+24	2.00001e+12	2.00001e+12	0	0.227361	0.227361	0	3.78937e-09	3.78937e-09	0
261	5e+24	2.00001e+12	2.2e+12	0	0.229005	0.11249	0	3.81677e-09	1.87484e-09	0
262	5e+24	2.00001e+12	2.4e+12	0	0.229552	-4.69232e-15	0	3.82588e-09	-1.22122e-22	0
263	5e+24	2.00001e+12	2.6e+12	0	0.229005	-0.11249	0	3.81677e-09	-1.87484e-09	0
264	5e+24	2.00001e+12	2.79999e+12	0	0.227361	-0.227361	0	3.78937e-09	-3.78937e-09	0
265	5e+24	2.00001e+12	2.99999e+12	0	0.224604	-0.347168	0	3.74342e-09	-5.78617e-09	0
266	5e+24	2.00001e+12	3.19999e+12	0	0.220715	-0.474849	0	3.6786e-09	-7.91419e-09	0
267	5e+24	2.00001e+12	3.39998e+12	0	0.215673	-0.614009	0	3.59457e-09	-1.02335e-08	0
268	5e+24	2.00001e+12	3.59998e+12	0	0.209465	-0.769388	0	3.4911e-09	-1.28232e-08	0
269	5e+24	2.00001e+12	3.79997e+12	0	0.202095	-0.947661	0	3.36826e-09	-1.57945e-08	0
270	5e+24	2.00001e+12	3.99997e+12	0	0.193596	-1.15904	0	3.22661e-09	-1.93175e-08	0
271	5e+24	2.00001e+12	4.19996e+12	0	0.184043	-1.42084	0	3.0674e-09	-2.36809e-08	0
272	5e+24	2.00001e+12	4.39995e+12	0	0.173564	-1.76701	0	2.89274e-09	-2.94506e-08	0
273	5e+24	2e+12	4.59993e+12	0	0.162339	-2.28149	0	2.70566e-09	-3.80256e-08	0
274	5e+24	2e+12	4.7999e+12	0	0.150599	-3.31087	0	2.51001e-09	-5.51857e-08	0
275	5e+24	2.2e+12	9.95893e+07	0	0.0746953	3.31971	0	1.24493e-09	5.5333e-08	0
276	5e+24	2.2e+12	2.00069e+11	0	0.0804402	2.29004	0	1.34068e-09	3.81681e-08	0
277	5e+24	2.2e+12	4.00053e+11	0	0.0859392	1.7751	0	1.43232e-09	2.95853e-08	0
278	5e+24	2.2e+12	6.00043e+11	0	0.0910816	1.42831	0	1.51803e-09	2.38054e-08	0
279	5e+24	2.2e+12	8.00035e+11	0	0.0957791	1.16577	0	1.59632e-09	1.94297e-08	0
280	5e+24	2.2e+12	1.00003e+12	0	0.0999685	0.95358	0	1.66615e-09	1.58931e-08	0
281	5e+24	2.2e+12	1.20002e+12	0	0.10361	0.774455	0	1.72684e-09	1.29077e-08	0
282	5e+24	2.2e+12	1.40002e+12	0	0.106684	0.618209	0	1.77808e-09	1.03035e-08	0
283	5e+24	2.2e+12	1.60001e+12	0	0.109186	0.478184	0	1.81977e-09	7.96978e-09	0
284	5e+24	2.2e+12	1.80001e+12	0	0.111118	0.349651	0	1.85198e-09	5.82755e-09	0
285	5e+24	2.2e+12	2.00001e+12	0	0.11249	0.229005	0	1.87484e-09	3.81677e-09	0
286	5e+24	2.2e+12	2.2e+12	0	0.113309	0.113309	0	1.88848e-09	1.88848e-09	0
287	5e+24	2.2e+12	2.4e+12	0	0.113581	-6.17279e-15	0	1.89302e-09	-1.53167e-22	0
288	5e+24	2.2e+12	2.6e+12	0	0.113309	-0.113309	0	1.88848e-09	-1.88848e-09	0
289	5e+24	2.2e+12	2.79999e+12	0	0.11249	-0.229005	0	1.87484e-09	-3.81677e-09	0
290	5e+24	2.2e+12	2.99999e+12	0	0.111118	-0.349651	0	1.85198e-09	-5.82755e-09	0
291	5e+24	2.2e+12	3.19999e+12	0	0.109186	-0.478184	0	1.81977e-09	-7.96978e-09	0
292	5e+24	2.2e+12	3.39998e+12	0	0.106684	-0.618209	0	1.77808e-09	-1.03035e-08	0
293	5e+24	2.2e+12	3.59998e+12	0	0.10361	-0.774455	0	1.72684e-09	-1.29077e-08	0
294	5e+24	2.2e+12	3.79997e+12	0	0.0999685	-0.95358	0	1.66615e-09	-1.58931e-08	0
295	5e+24	2.2e+12	3.99997e+12	0	0.0957791	-1.16577	0	1.59632e-09	-1.94297e-08	0
296	5e+24	2.2e+12	4.19996e+12	0	0.0910816	-1.42831	0	1.51803e-09	-2.38054e-08	0
297	5e+24	2.2e+12	4.39995e+12	0	0.0859392	-1.7751	0	1.43232e-09	-2.95853e-08	0
298	5e+24	2.2e+12	4.59993e+12	0	0.0804402	-2.29004	0	1.34068e-09	-3.81681e-08	0
299	5e+24	2.2e+12	4.7999e+12	0	0.0746953	-3.31971	0	1.24493e-09	-5.5333e-08	0
300	5e+24	2.4e+12	9.96763e+07	0	-1.78997e-15	3.32261	0	-7.90208e-23	5.53814e-08	0
301	5e+24	2.4e+12	2.00069e+11	0	-2.3351e-16	2.29285	0	-5.73501e-23	3.8215e-08	0
302	5e+24	2.4e+12	4.00053e+11	0	9.60524e-16	1.77776	0	-3.26712e-23	2.96297e-08	0
303	5e+24	2.4e+12	6.00043e+11	0	2.82078e-16	1.43077	0	-2.58122e-23	2.38463e-08	0
304	5e+24	2.4e+12	8.00035e+11	0	-4.70241e-16	1.16799	0	-1.882e-23	1.94667e-08	0
305	5e+24	2.4e+12	1.00003e+12	0	4.24597e-16	0.955536	0	4.81445e-24	1.59257e-08	0
306	5e+24	2.4e+12	1.20002e+12	0	7.47635e-16	0.776132	0	5.63678e-24	1.29356e-08	0
307	5e+24	2.4e+12	1.40002e+12	0	-1.43729e-15	0.619601	0	-4.04882e-23	1.03267e-08	0
308	5e+24	2.4e+12	1.60001e+12	0	-3.73866e-15	0.479291	0	-9.66573e-23	7.98822e-09	0
309	5e+24	2.4e+12	1.80001e+12	0	-3.49027e-15	0.350475	0	-1.13999e-22	5.84129e-09	0
310	5e+24	2.4e+12	2.00001e+12	0	-4.67513e-15	0.229552	0	-1.22946e-22	3.82588e-09	0
311	5e+24	2.4e+12	2.2e+12	0	-6.18396e-15	0.113581	0	-1.17492e-22	1.89302e-09	0
312	5e+24	2.4e+12	2.4e+12	0	-4.95255e-15	-4.97013e-15	0	-1.1535e-22	-1.13721e-22	0
313	5e+24	2.4e+12	2.6e+12	0	-6.17335e-15	-0.113581	0	-1.34191e-22	-1.89302e-09	0
314	5e+24	2.4e+12	2.79999e+12	0	-4.71401e-15	-0.229552	0	-1.15437e-22	-3.82588e-09	0
315	5e+24	2.4e+12	2.99999e+12	0	-3.55197e-15	-0.350475	0	-1.03546e-22	-5.84129e-09	0
316	5e+24	2.4e+12	3.19999e+12	0	-3.71489e-15	-0.479291	0	-1.08735e-22	-7.98822e-09	0
317	5e+24	2.4e+12	3.39998e+12	0	-1.45166e-15	-0.619601	0	-2.37814e-23	-1.03267e-08	0
318	5e+24	2.4e+12	3.59998e+12	0	7.43921e-16	-0.776132	0	2.78915e-23	-1.29356e-08	0
319	5e+24	2.4e+12	3.79997e+12	0	4.22149e-16	-0.955536	0	9.49319e-24	-1.59257e-08	0
320	5e+24	2.4e+12	3.99996e+12	0	-4.26187e-16	-1.16799	0	-1.47729e-23	-1.94667e-08	0
321	5e+24	2.4e+12	4.19996e+12	0	2.88477e-16	-1.43077	0	2.97268e-25	-2.38463e-08	0
322	5e+24	2.4e+12	4.39995e+12	0	1.00249e-15	-1.77776	0	4.76921e-24	-2.96297e-08	0
323	5e+24	2.4e+12	4.59993e+12	0	-2.6134e-16	-2.29285	0	-7.69019e-24	-3.8215e-08	0
324	5e+24	2.4e+12	4.7999e+12	0	-1.77585e-15	-3.32261	0	-5.13498e-23	-5.53814e-08	0
325	5e+24	2.6e+12	9.95893e+07	0	-0.0746953	3.31971	0	-1.24493e-09	5.5333e-08	0
326	5e+24	2.6e+12	2.00069e+11	0	-0.0804402	2.29004	0	-1.34068e-09	3.81681e-08	0
327	5e+24	2.6e+12	4.00053e+11	0	-0.0859392	1.7751	0	-1.43232e-09	2.95853e-08	0
328	5e+24	2.6e+12	6.00043e+11	0	-0.0910816	1.42831	0	-1.51803e-09	2.38054e-08	0
329	5e+24	2.6e+12	8.00035e+11	0	-0.0957791	1.16577	0	-1.59632e-09	1.94297e-08	0
330	5e+24	2.6e+12	1.00003e+12	0	-0.0999685	0.95358	0	-1.66615e-09	1.58931e-08	0
331	5e+24	2.6e+12	1.20002e+12	0	-0.10361	0.774455	0	-1.72684e-09	1.29077e-08	0
332	5e+24	2.6e+12	1.40002e+12	0	-0.106684	0.618209	0	-1.77808e-09	1.03035e-08	0
333	5e+24	2.6e+12	1.60001e+12	0	-0.109186	0.478184	0	-1.81977e-09	7.96978e-09	0
334	5e+24	2.6e+12	1.80001e+12	0	-0.111118	0.349651	0	-1.85198e-09	5.82755e-09	0
335	5e+24	2.6e+12	2.00001e+12	0	-0.11249	0.229005	0	-1.87484e-09	3.81677e-09	0
336	5e+24	2.6e+12	2.2e+12	0	-0.113309	0.113309	0	-1.88848e-09	1.88848e-09	0
337	5e+24	2.6e+12	2.4e+12	0	-0.113581	-6.16736e-15	0	-1.89302e-09	-1.53193e-22	0
338	5e+24	2.6e+12	2.6e+12	0	-0.113309	-0.113309	0	-1.88848e-09	-1.88848e-09	0
339	5e+24	2.6e+12	2.79999e+12	0	-0.11249	-0.229005	0	-1.87484e-09	-3.81677e-09	0
340	5e+24	2.6e+12	2.99999e+12	0	-0.111118	-0.349651	0	-1.85198e-09	-5.82755e-09	0
341	5e+24	2.6e+12	3.19999e+12	0	-0.109186	-0.478184	0	-1.81977e-09	-7.96978e-09	0
342	5e+24	2.6e+12	3.39998e+12	0	-0.106684	-0.618209	0	-1.77808e-09	-1.03035e-08	0
343	5e+24	2.6e+12	3.59998e+12	0	-0.10361	-0.774455	0	-1.72684e-09	-1.29077e-08	0
344	5e+24	2.6e+12	3.79997e+12	0	-0.0999685	-0.95358	0	-1.66615e-09	-1.58931e-08	0
345	5e+24	2.6e+12	3.99997e+12	0	-0.0957791	-1.16577	0	-1.59632e-09	-1.94297e-08	0
346	5e+24	2.6e+12	4.19996e+12	0	-0.0910816	-1.42831	0	-1.51803e-09	-2.38054e-08	0
347	5e+24	2.6e+12	4.39995e+12	0	-0.0859392	-1.7751	0	-1.43232e-09	-2.95853e-08	0
348	5e+24	2.6e+12	4.59993e+12	0	-0.0804402	-2.29004	0	-1.34068e-09	-3.81681e-08	0
349	5e+24	2.6e+12	4.7999e+12	0	-0.0746953	-3.31971	0	-1.24493e-09	-5.5333e-08	0
350	5e+24	2.8e+12	9.93242e+07	0	-0.150599	3.31087	0	-2.51001e-09	5.51857e-08	0
351	5e+24	2.8e+12	2.00068e+11	0	-0.162339	2.28149	0	-2.70566e-09	3.80256e-08	0
352	5e+24	2.79999e+12	4.00053e+11	0	-0.173564	1.76701	0	-2.89274e-09	2.94506e-08	0
353	5e+24	2.79999e+12	6.00043e+11	0	-0.184043	1.42084	0	-3.0674e-09	2.36809e-08	0
354	5e+24	2.79999e+12	8.00035e+11	0	-0.193596	1.15904	0	-3.22661e-09	1.93175e-08	0
355	5e+24	2.79999e+12	1.00003e+12	0	-0.202095	0.947661	0	-3.36826e-09	1.57945e-08	0
356	5e+24	2.79999e+12	1.20002e+12	0	-0.209465	0.769388	0	-3.4911e-09	1.28232e-08	0
357	5e+24	2.79999e+12	1.40002e+12	0	-0.215673	0.614009	0	-3.59457e-09	1.02335e-08	0
358	5e+24	2.79999e+12	1.60001e+12	0	-0.220715	0.474849	0	-3.6786e-09	7.91419e-09	0
359	5e+24	2.79999e+12	1.80001e+12	0	-0.224604	0.347168	0	-3.74342e-09	5.78617e-09	0
360	5e+24	2.79999e+12	2.00001e+12	0	-0.227361	0.227361	0	-3.78937e-09	3.78937e-09	0
361	5e+24	2.79999e+12	2.2e+12	0	-0.229005	0.11249	0	-3.81677e-09	1.87484e-09	0
362	5e+24	2.79999e+12	2.4e+12	0	-0.229552	-4.69638e-15	0	-3.82588e-09	-1.24565e-22	0
363	5e+24	2.79999e+12	2.6e+12	0	-0.229005	-0.11249	0	-3.81677e-09	-1.87484e-09	0
364	5e+24	2.79999e+12	2.79999e+12	0	-0.227361	-0.227361	0	-3.78937e-09	-3.78937e-09	0
365	5e+24	2.79999e+12	2.99999e+12	0	-0.224604	-0.347168	0	-3.74342e-09	-5.78617e-09	0
366	5e+24	2.79999e+12	3.19999e+12	0	-0.220715	-0.474849	0	-3.6786e-09	-7.91419e-09	0
367	5e+24	2.79999e+12	3.39998e+12	0	-0.215673	-0.614009	0	-3.59457e-09	-1.02335e-08	0
368	5e+24	2.79999e+12	3.59998e+12	0	-0.209465	-0.769388	0	-3.4911e-09	-1.28232e-08	0
369	5e+24	2.79999e+12	3.79997e+12	0	-0.202095	-0.947661	0	-3.36826e-09	-1.57945e-08	0
370	5e+24	2.79999e+12	3.99997e+12	0	-0.193596	-1.15904	0	-3.22661e-09	-1.93175e-08	0
371	5e+24	2.79999e+12	4.19996e+12	0	-0.184043	-1.42084	0	-3.0674e-09	-2.36809e-08	0
372	5e+24	2.79999e+12	4.39995e+12	0	-0.173564	-1.76701	0	-2.89274e-09	-2.94506e-08	0
373	5e+24	2.8e+12	4.59993e+12	0	-0.162339	-2.28149	0	-2.70566e-09	-3.80256e-08	0
374	5e+24	2.8e+12	4.7999e+12	0	-0.150599	-3.31087	0	-2.51001e-09	-5.51857e-08	0
375	5e+24	2.99999e+12	9.88692e+07	0	-0.229021	3.29571	0	-3.81704e-09	5.4933e-08	0
376	5e+24	2.99999e+12	2.00068e+11	0	-0.247286	2.26682	0	-4.12144e-09	3.77812e-08	0
377	5e+24	2.99999e+12	4.00053e+11	0	-0.264717	1.75318	0	-4.41197e-09	2.922e-08	0
378	5e+24	2.99999e+12	6.00042e+11	0	-0.28094	1.4081	0	-4.68235e-09	2.34686e-08	0
379	5e+24	2.99999e+12	8.00034e+11	0	-0.295671	1.14759	0	-4.92788e-09	1.91267e-08	0
380	5e+24	2.99999e+12	1.00003e+12	0	-0.308723	0.937625	0	-5.14541e-09	1.56272e-08	0
381	5e+24	2.99999e+12	1.20002e+12	0	-0.319996	0.760823	0	-5.33328e-09	1.26805e-08	0
382	5e+24	2.99999e+12	1.40002e+12	0	-0.329454	0.60693	0	-5.49093e-09	1.01156e-08	0
383	5e+24	2.99999e+12	1.60001e+12	0	-0.337111	0.46924	0	-5.61854e-09	7.82071e-09	0
384	5e+24	2.99999e+12	1.80001e+12	0	-0.343001	0.343001	0	-5.71672e-09	5.71672e-09	0
385	5e+24	2.99999e+12	2.00001e+12	0	-0.347168	0.224604	0	-5.78617e-09	3.74342e-09	0
386	5e+24	2.99999e+12	2.2e+12	0	-0.349651	0.111118	0	-5.82755e-09	1.85198e-09	0
387	5e+24	2.99999e+12	2.4e+12	0	-0.350475	-3.54544e-15	0	-5.84129e-09	-9.64764e-23	0
388	5e+24	2.99999e+12	2.6e+12	0	-0.349651	-0.111118	0	-5.82755e-09	-1.85198e-09	0
389	5e+24	2.99999e+12	2.79999e+12	0	-0.347168	-0.224604	0	-5.78617e-09	-3.74342e-09	0
390	5e+24	2.99999e+12	2.99999e+12	0	-0.343001	-0.343001	0	-5.71672e-09	-5.71672e-09	0
391	5e+24	2.99999e+12	3.19999e+12	0	-0.337111	-0.46924	0	-5.61854e-09	-7.82071e-09	0
392	5e+24	2.99999e+12	3.39998e+12	0	-0.329454	-0.60693	0	-5.49093e-09	-1.01156e-08	0
393	5e+24	2.99999e+12	3.59998e+12	0	-0.319996	-0.760823	0	-5.33328e-09	-1.26805e-08	0
394	5e+24	2.99999e+12	3.79997e+12	0	-0.308723	-0.937625	0	-5.14541e-09	-1.56272e-08	0
395	5e+24	2.99999e+12	3.99997e+12	0	-0.295671	-1.14759	0	-4.92788e-09	-1.91267e-08	0
396	5e+24	2.99999e+12	4.19996e+12	0	-0.28094	-1.4081	0	-4.68235e-09	-2.34686e-08	0
397	5e+24	2.99999e+12	4.39995e+12	0	-0.264717	-1.75318	0	-4.41197e-09	-2.922e-08	0
398	5e+24	2.99999e+12	4.59993e+12	0	-0.247286	-2.26682	0	-4.12144e-09	-3.77812e-08	0
399	5e+24	2.99999e+12	4.7999e+12	0	-0.229021	-3.29571	0	-3.81704e-09	-5.4933e-08	0
400	5e+24	3.19999e+12	9.82028e+07	0	-0.311491	3.27349	0	-5.19156e-09	5.45628e-08	0
401	5e+24	3.19999e+12	2.00067e+11	0	-0.337165	2.24537	0	-5.61945e-09	3.74237e-08	0
402	5e+24	3.19999e+12	4.00052e+11	0	-0.361593	1.73301	0	-6.02657e-09	2.88838e-08	0
403	5e+24	3.19999e+12	6.00042e+11	0	-0.384216	1.38962	0	-6.40361e-09	2.31605e-08	0
404	5e+24	3.19999e+12	8.00034e+11	0	-0.404635	1.13106	0	-6.74394e-09	1.88512e-08	0
405	5e+24	3.19999e+12	1.00003e+12	0	-0.422611	0.923213	0	-7.04355e-09	1.5387e-08	0
406	5e+24	3.19999e+12	1.20002e+12	0	-0.438041	0.748586	0	-7.30071e-09	1.24765e-08	0
407	5e+24	3.19999e+12	1.40002e+12	0	-0.450916	0.596859	0	-7.51531e-09	9.94771e-09	0
408	5e+24	3.19999e+12	1.60001e+12	0	-0.46129	0.46129	0	-7.6882e-09	7.6882e-09	0
409	5e+24	3.19999e+12	1.80001e+12	0	-0.46924	0.337111	0	-7.82071e-09	5.61854e-09	0
410	5e+24	3.19999e+12	2.00001e+12	0	-0.474849	0.220715	0	-7.91419e-09	3.6786e-09	0
411	5e+24	3.19999e+12	2.2e+12	0	-0.478184	0.109186	0	-7.96978e-09	1.81977e-09	0
412	5e+24	3.19999e+12	2.4e+12	0	-0.479291	-3.74811e-15	0	-7.98822e-09	-1.05265e-22	0
413	5e+24	3.19999e+12	2.6e+12	0	-0.478184	-0.109186	0	-7.96978e-09	-1.81977e-09	0
414	5e+24	3.19999e+12	2.79999e+12	0	-0.474849	-0.220715	0	-7.91419e-09	-3.6786e-09	0
415	5e+24	3.19999e+12	2.99999e+12	0	-0.46924	-0.337111	0	-7.82071e-09	-5.61854e-09	0
416	5e+24	3.19999e+12	3.19999e+12	0	-0.46129	-0.46129	0	-7.6882e-09	-7.6882e-09	0
417	5e+24	3.19999e+12	3.39998e+12	0	-0.450916	-0.596859	0	-7.51531e-09	-9.94771e-09	0
418	5e+24	3.19999e+12	3.59998e+12	0	-0.438041	-0.748586	0	-7.30071e-09	-1.24765e-08	0
419	5e+24	3.19999e+12	3.79997e+12	0	-0.422611	-0.923213	0	-7.04355e-09	-1.5387e-08	0
420	5e+24	3.19999e+12	3.99997e+12	0	-0.404635	-1.13106	0	-6.74394e-09	-1.88512e-08	0
421	5e+24	3.19999e+12	4.19996e+12	0	-0.384216	-1.38962	0	-6.40361e-09	-2.31605e-08	0
422	5e+24	3.19999e+12	4.39995e+12	0	-0.361593	-1.73301	0	-6.02657e-09	-2.88838e-08	0
423	5e+24	3.19999e+12	4.59993e+12	0	-0.337165	-2.24537	0	-5.61945e-09	-3.74237e-08	0
424	5e+24	3.19999e+12	4.7999e+12	0	-0.311491	-3.27349	0	-5.19156e-09	-5.45628e-08	0
425	5e+24	3.39999e+12	9.72903e+07	0	-0.39994	3.24308	0	-6.66572e-09	5.40558e-08	0
426	5e+24	3.39999e+12	2.00066e+11	0	-0.434397	2.21608	0	-7.23999e-09	3.69355e-08	0
427	5e+24	3.39999e+12	4.00051e+11	0	-0.467022	1.7056	0	-7.78372e-09	2.84271e-08	0
428	5e+24	3.39999e+12	6.00041e+11	0	-0.497011	1.36468	0	-8.28355e-09	2.27448e-08	0
429	5e+24	3.39998e+12	8.00033e+11	0	-0.52384	1.10894	0	-8.7307e-09	1.84825e-08	0
430	5e+24	3.39998e+12	1.00003e+12	0	-0.547244	0.904067	0	-9.12077e-09	1.50679e-08	0
431	5e+24	3.39998e+12	1.20002e+12	0	-0.56716	0.732442	0	-9.4527e-09	1.22074e-08	0
432	5e+24	3.39998e+12	1.40002e+12	0	-0.583654	0.583654	0	-9.72761e-09	9.72761e-09	0
433	5e+24	3.39998e+12	1.60001e+12	0	-0.596859	0.450916	0	-9.94771e-09	7.51531e-09	0
434	5e+24	3.39998e+12	1.80001e+12	0	-0.60693	0.329454	0	-1.01156e-08	5.49093e-09	0
435	5e+24	3.39998e+12	2.00001e+12	0	-0.614009	0.215673	0	-1.02335e-08	3.59457e-09	0
436	5e+24	3.39998e+12	2.2e+12	0	-0.618209	0.106684	0	-1.03035e-08	1.77808e-09	0
437	5e+24	3.39998e+12	2.4e+12	0	-0.619601	-1.44865e-15	0	-1.03267e-08	-3.79663e-23	0
438	5e+24	3.39998e+12	2.6e+12	0	-0.618209	-0.106684	0	-1.03035e-08	-1.77808e-09	0
439	5e+24	3.39998e+12	2.79999e+12	0	-0.614009	-0.215673	0	-1.02335e-08	-3.59457e-09	0
440	5e+24	3.39998e+12	2.99999e+12	0	-0.60693	-0.329454	0	-1.01156e-08	-5.49093e-09	0
441	5e+24	3.39998e+12	3.19999e+12	0	-0.596859	-0.450916	0	-9.94771e-09	-7.51531e-09	0
442	5e+24	3.39998e+12	3.39998e+12	0	-0.583654	-0.583654	0	-9.72761e-09	-9.72761e-09	0
443	5e+24	3.39998e+12	3.59998e+12	0	-0.56716	-0.732442	0	-9.4527e-09	-1.22074e-08	0
444	5e+24	3.39998e+12	3.79997e+12	0	-0.547244	-0.904067	0	-9.12077e-09	-1.50679e-08	0
445	5e+24	3.39998e+12	3.99997e+12	0	-0.52384	-1.10894	0	-8.7307e-09	-1.84825e-08	0
446	5e+24	3.39999e+12	4.19996e+12	0	-0.497011	-1.36468	0	-8.28355e-09	-2.27448e-08	0
447	5e+24	3.39999e+12	4.39995e+12	0	-0.467022	-1.7056	0	-7.78372e-09	-2.84271e-08	0
448	5e+24	3.39999e+12	4.59993e+12	0	-0.434397	-2.21608	0	-7.23999e-09	-3.69355e-08	0
449	5e+24	3.39999e+12	4.7999e+12	0	-0.39994	-3.24308	0	-6.66572e-09	-5.40558e-08	0
450	5e+24	3.59999e+12	9.60781e+07	0	-0.49699	3.20267	0	-8.28324e-09	5.33824e-08	0
451	5e+24	3.59998e+12	2.00065e+11	0	-0.542337	2.17733	0	-9.039e-09	3.62896e-08	0
452	5e+24	3.59998e+12	4.0005e+11	0	-0.584946	1.66964	0	-9.74914e-09	2.78277e-08	0
453	5e+24	3.59998e+12	6.0004e+11	0	-0.623673	1.33228	0	-1.03946e-08	2.22049e-08	0
454	5e+24	3.59998e+12	8.00032e+11	0	-0.657877	1.08052	0	-1.09647e-08	1.80088e-08	0
455	5e+24	3.59998e+12	1.00003e+12	0	-0.687336	0.879735	0	-1.14557e-08	1.46623e-08	0
456	5e+24	3.59998e+12	1.20002e+12	0	-0.712118	0.712118	0	-1.18687e-08	1.18687e-08	0
457	5e+24	3.59998e+12	1.40002e+12	0	-0.732442	0.56716	0	-1.22074e-08	9.4527e-09	0
458	5e+24	3.59998e+12	1.60001e+12	0	-0.748586	0.438041	0	-1.24765e-08	7.30071e-09	0
459	5e+24	3.59998e+12	1.80001e+12	0	-0.760823	0.319996	0	-1.26805e-08	5.33328e-09	0
460	5e+24	3.59998e+12	2.00001e+12	0	-0.769388	0.209465	0	-1.28232e-08	3.4911e-09	0
461	5e+24	3.59998e+12	2.2e+12	0	-0.774455	0.10361	0	-1.29077e-08	1.72684e-09	0
462	5e+24	3.59998e+12	2.4e+12	0	-0.776132	7.66162e-16	0	-1.29356e-08	1.64402e-23	0
463	5e+24	3.59998e+12	2.6e+12	0	-0.774455	-0.10361	0	-1.29077e-08	-1.72684e-09	0
464	5e+24	3.59998e+12	2.79999e+12	0	-0.769388	-0.209465	0	-1.28232e-08	-3.4911e-09	0
465	5e+24	3.59998e+12	2.99999e+12	0	-0.760823	-0.319996	0	-1.26805e-08	-5.33328e-09	0
466	5e+24	3.59998e+12	3.19999e+12	0	-0.748586	-0.438041	0	-1.24765e-08	-7.30071e-09	0
467	5e+24	3.59998e+12	3.39998e+12	0	-0.732442	-0.56716	0	-1.22074e-08	-9.4527e-09	0
468	5e+24	3.59998e+12	3.59998e+12	0	-0.712118	-0.712118	0	-1.18687e-08	-1.18687e-08	0
469	5e+24	3.59998e+12	3.79997e+12	0	-0.687336	-0.879735	0	-1.14557e-08	-1.46623e-08	0
470	5e+24	3.59998e+12	3.99997e+12	0	-0.657877	-1.08052	0	-1.09647e-08	-1.80088e-08	0
471	5e+24	3.59998e+12	4.19996e+12	0	-0.623673	-1.33228	0	-1.03946e-08	-2.22049e-08	0
472	5e+24	3.59998e+12	4.39995e+12	0	-0.584946	-1.66964	0	-9.74914e-09	-2.78277e-08	0
473	5e+24	3.59998e+12	4.59993e+12	0	-0.542337	-2.17733	0	-9.039e-09	-3.62896e-08	0
474	5e+24	3.59999e+12	4.7999e+12	0	-0.49699	-3.20267	0	-8.28324e-09	-5.33824e-08	0
475	5e+24	3.79998e+12	9.44822e+07	0	-0.606488	3.14948	0	-1.01082e-08	5.24958e-08	0
476	5e+24	3.79998e+12	2.00064e+11	0	-0.66603	2.12666	0	-1.11006e-08	3.54451e-08	0
477	5e+24	3.79998e+12	4.00049e+11	0	-0.721292	1.62321	0	-1.20216e-08	2.70539e-08	0
478	5e+24	3.79998e+12	6.00039e+11	0	-0.770665	1.2911	0	-1.28445e-08	2.15185e-08	0
479	5e+24	3.79998e+12	8.00031e+11	0	-0.81347	1.04495	0	-1.35579e-08	1.74159e-08	0
480	5e+24	3.79997e+12	1.00003e+12	0	-0.849705	0.849705	0	-1.41618e-08	1.41618e-08	0
481	5e+24	3.79997e+12	1.20002e+12	0	-0.879735	0.687336	0	-1.46623e-08	1.14557e-08	0
482	5e+24	3.79997e+12	1.40002e+12	0	-0.904067	0.547244	0	-1.50679e-08	9.12077e-09	0
483	5e+24	3.79997e+12	1.60001e+12	0	-0.923213	0.422611	0	-1.5387e-08	7.04355e-09	0
484	5e+24	3.79997e+12	1.80001e+12	0	-0.937625	0.308723	0	-1.56272e-08	5.14541e-09	0
485	5e+24	3.79997e+12	2.00001e+12	0	-0.947661	0.202095	0	-1.57945e-08	3.36826e-09	0
486	5e+24	3.79997e+12	2.2e+12	0	-0.95358	0.0999685	0	-1.58931e-08	1.66615e-09	0
487	5e+24	3.79997e+12	2.4e+12	0	-0.955536	4.08904e-16	0	-1.59257e-08	1.16904e-23	0
488	5e+24	3.79997e+12	2.6e+12	0	-0.95358	-0.0999685	0	-1.58931e-08	-1.66615e-09	0
489	5e+24	3.79997e+12	2.79999e+12	0	-0.947661	-0.202095	0	-1.57945e-08	-3.36826e-09	0
490	5e+24	3.79997e+12	2.99999e+12	0	-0.937625	-0.308723	0	-1.56272e-08	-5.14541e-09	0
491	5e+24	3.79997e+12	3.19999e+12	0	-0.923213	-0.422611	0	-1.5387e-08	-7.04355e-09	0
492	5e+24	3.79997e+12	3.39998e+12	0	-0.904067	-0.547244	0	-1.50679e-08	-9.12077e-09	0
493	5e+24	3.79997e+12	3.59998e+12	0	-0.879735	-0.687336	0	-1.46623e-08	-1.14557e-08	0
494	5e+24	3.79997e+12	3.79997e+12	0	-0.849705	-0.849705	0	-1.41618e-08	-1.41618e-08	0
495	5e+24	3.79998e+12	3.99997e+12	0	-0.81347	-1.04495	0	-1.35579e-08	-1.74159e-08	0
496	5e+24	3.79998e+12	4.19996e+12	0	-0.770665	-1.2911	0	-1.28445e-08	-2.15185e-08	0
497	5e+24	3.79998e+12	4.39995e+12	0	-0.721292	-1.62321	0	-1.20216e-08	-2.70539e-08	0
498	5e+24	3.79998e+12	4.59994e+12	0	-0.66603	-2.12666	0	-1.11006e-08	-3.54451e-08	0
499	5e+24	3.79998e+12	4.79991e+12	0	-0.606488	-3.14948	0	-1.01082e-08	-5.24958e-08	0
500	5e+24	3.99998e+12	9.23653e+07	0	-0.734605	3.07891	0	-1.22435e-08	5.13198e-08	0
501	5e+24	3.99998e+12	2.00062e+11	0	-0.813774	2.06023	0	-1.3563e-08	3.43379e-08	0
502	5e+24	3.99997e+12	4.00047e+11	0	-0.88575	1.56354	0	-1.47626e-08	2.60594e-08	0
503	5e+24	3.99997e+12	6.00037e+11	0	-0.948358	1.23936	0	-1.58061e-08	2.06562e-08	0
504	5e+24	3.99997e+12	8.0003e+11	0	-1.00122	1.00122	0	-1.66871e-08	1.66871e-08	0
505	5e+24	3.99997e+12	1.00002e+12	0	-1.04495	0.81347	0	-1.74159e-08	1.35579e-08	0
506	5e+24	3.99997e+12	1.20002e+12	0	-1.08052	0.657877	0	-1.80088e-08	1.09647e-08	0
507	5e+24	3.99997e+12	1.40002e+12	0	-1.10894	0.52384	0	-1.84825e-08	8.7307e-09	0
508	5e+24	3.99997e+12	1.60001e+12	0	-1.13106	0.404635	0	-1.88512e-08	6.74394e-09	0
509	5e+24	3.99997e+12	1.80001e+12	0	-1.14759	0.295671	0	-1.91267e-08	4.92788e-09	0
510	5e+24	3.99997e+12	2.00001e+12	0	-1.15904	0.193596	0	-1.93175e-08	3.22661e-09	0
511	5e+24	3.99997e+12	2.2e+12	0	-1.16577	0.0957791	0	-1.94297e-08	1.59632e-09	0
512	5e+24	3.99996e+12	2.4e+12	0	-1.16799	-4.41529e-16	0	-1.94667e-08	-1.45532e-23	0
513	5e+24	3.99997e+12	2.6e+12	0	-1.16577	-0.0957791	0	-1.94297e-08	-1.59632e-09	0
514	5e+24	3.99997e+12	2.79999e+12	0	-1.15904	-0.193596	0	-1.93175e-08	-3.22661e-09	0
515	5e+24	3.99997e+12	2.99999e+12	0	-1.14759	-0.295671	0	-1.91267e-08	-4.92788e-09	0
516	5e+24	3.99997e+12	3.19999e+12	0	-1.13106	-0.404635	0	-1.88512e-08	-6.74394e-09	0
517	5e+24	3.99997e+12	3.39998e+12	0	-1.10894	-0.52384	0	-1.84825e-08	-8.7307e-09	0
518	5e+24	3.99997e+12	3.59998e+12	0	-1.08052	-0.657877	0	-1.80088e-08	-1.09647e-08	0
519	5e+24	3.99997e+12	3.79998e+12	0	-1.04495	-0.81347	0	-1.74159e-08	-1.35579e-08	0
520	5e+24	3.99997e+12	3.99997e+12	0	-1.00122	-1.00122	0	-1.66871e-08	-1.66871e-08	0
521	5e+24	3.99997e+12	4.19996e+12	0	-0.948358	-1.23936	0	-1.58061e-08	-2.06562e-08	0
522	5e+24	3.99997e+12	4.39995e+12	0	-0.88575	-1.56354	0	-1.47626e-08	-2.60594e-08	0
523	5e+24	3.99998e+12	4.59994e+12	0	-0.813774	-2.06023	0	-1.3563e-08	-3.43379e-08	0
524	5e+24	3.99998e+12	4.79991e+12	0	-0.734605	-3.07891	0	-1.22435e-08	-5.13198e-08	0
525	5e+24	4.19997e+12	8.94853e+07	0	-0.892419	2.98291	0	-1.48738e-08	4.97198e-08	0
526	5e+24	4.19997e+12	2.00059e+11	0	-1.00082	1.97178	0	-1.66805e-08	3.28638e-08	0
527	5e+24	4.19997e+12	4.00045e+11	0	-1.0958	1.4867	0	-1.82634e-08	2.47787e-08	0
528	5e+24	4.19996e+12	6.00035e+11	0	-1.17497	1.17497	0	-1.9583e-08	1.9583e-08	0
529	5e+24	4.19996e+12	8.00028e+11	0	-1.23936	0.948358	0	-2.06562e-08	1.58061e-08	0
530	5e+24	4.19996e+12	1.00002e+12	0	-1.2911	0.770665	0	-2.15185e-08	1.28445e-08	0
531	5e+24	4.19996e+12	1.20002e+12	0	-1.33228	0.623673	0	-2.22049e-08	1.03946e-08	0
532	5e+24	4.19996e+12	1.40001e+12	0	-1.36468	0.497011	0	-2.27448e-08	8.28355e-09	0
533	5e+24	4.19996e+12	1.60001e+12	0	-1.38962	0.384216	0	-2.31605e-08	6.40361e-09	0
534	5e+24	4.19996e+12	1.80001e+12	0	-1.4081	0.28094	0	-2.34686e-08	4.68235e-09	0
535	5e+24	4.19996e+12	2.00001e+12	0	-1.42084	0.184043	0	-2.36809e-08	3.0674e-09	0
536	5e+24	4.19996e+12	2.2e+12	0	-1.42831	0.0910816	0	-2.38054e-08	1.51803e-09	0
537	5e+24	4.19996e+12	2.4e+12	0	-1.43077	2.71212e-16	0	-2.38463e-08	-1.98976e-23	0
538	5e+24	4.19996e+12	2.6e+12	0	-1.42831	-0.0910816	0	-2.38054e-08	-1.51803e-09	0
539	5e+24	4.19996e+12	2.79999e+12	0	-1.42084	-0.184043	0	-2.36809e-08	-3.0674e-09	0
540	5e+24	4.19996e+12	2.99999e+12	0	-1.4081	-0.28094	0	-2.34686e-08	-4.68235e-09	0
541	5e+24	4.19996e+12	3.19999e+12	0	-1.38962	-0.384216	0	-2.31605e-08	-6.40361e-09	0
542	5e+24	4.19996e+12	3.39999e+12	0	-1.36468	-0.497011	0	-2.27448e-08	-8.28355e-09	0
543	5e+24	4.19996e+12	3.59998e+12	0	-1.33228	-0.623673	0	-2.22049e-08	-1.03946e-08	0
544	5e+24	4.19996e+12	3.79998e+12	0	-1.2911	-0.770665	0	-2.15185e-08	-1.28445e-08	0
545	5e+24	4.19996e+12	3.99997e+12	0	-1.23936	-0.948358	0	-2.06562e-08	-1.58061e-08	0
546	5e+24	4.19996e+12	4.19996e+12	0	-1.17497	-1.17497	0	-1.9583e-08	-1.9583e-08	0
547	5e+24	4.19997e+12	4.39996e+12	0	-1.0958	-1.4867	0	-1.82634e-08	-2.47787e-08	0
548	5e+24	4.19997e+12	4.59994e+12	0	-1.00082	-1.97178	0	-1.66805e-08	-3.28638e-08	0
549	5e+24	4.19997e+12	4.79991e+12	0	-0.892419	-2.98291	0	-1.48738e-08	-4.97198e-08	0
550	5e+24	4.39997e+12	8.53617e+07	0	-1.10329	2.84546	0	-1.83885e-08	4.74288e-08	0
551	5e+24	4.39996e+12	2.00056e+11	0	-1.25979	1.85061	0	-2.09967e-08	3.08441e-08	0
552	5e+24	4.39996e+12	4.00042e+11	0	-1.38736	1.38736	0	-2.3123e-08	2.3123e-08	0
553	5e+24	4.39996e+12	6.00033e+11	0	-1.4867	1.0958	0	-2.47787e-08	1.82634e-08	0
554	5e+24	4.39995e+12	8.00027e+11	0	-1.56354	0.88575	0	-2.60594e-08	1.47626e-08	0
555	5e+24	4.39995e+12	1.00002e+12	0	-1.62321	0.721292	0	-2.70539e-08	1.20216e-08	0
556	5e+24	4.39995e+12	1.20002e+12	0	-1.66964	0.584946	0	-2.78277e-08	9.74914e-09	0
557	5e+24	4.39995e+12	1.40001e+12	0	-1.7056	0.467022	0	-2.84271e-08	7.78372e-09	0
558	5e+24	4.39995e+12	1.60001e+12	0	-1.73301	0.361593	0	-2.88838e-08	6.02657e-09	0
559	5e+24	4.39995e+12	1.80001e+12	0	-1.75318	0.264717	0	-2.922e-08	4.41197e-09	0
560	5e+24	4.39995e+12	2.00001e+12	0	-1.76701	0.173564	0	-2.94506e-08	2.89274e-09	0
561	5e+24	4.39995e+12	2.2e+12	0	-1.7751	0.0859392	0	-2.95853e-08	1.43232e-09	0
562	5e+24	4.39995e+12	2.4e+12	0	-1.77776	9.84936e-16	0	-2.96297e-08	-1.60202e-23	0
563	5e+24	4.39995e+12	2.6e+12	0	-1.7751	-0.0859392	0	-2.95853e-08	-1.43232e-09	0
564	5e+24	4.39995e+12	2.79999e+12	0	-1.76701	-0.173564	0	-2.94506e-08	-2.89274e-09	0
565	5e+24	4.39995e+12	2.99999e+12	0	-1.75318	-0.264717	0	-2.922e-08	-4.41197e-09	0
566	5e+24	4.39995e+12	3.19999e+12	0	-1.73301	-0.361593	0	-2.88838e-08	-6.02657e-09	0
567	5e+24	4.39995e+12	3.39999e+12	0	-1.7056	-0.467022	0	-2.84271e-08	-7.78372e-09	0
568	5e+24	4.39995e+12	3.59998e+12	0	-1.66964	-0.584946	0	-2.78277e-08	-9.74914e-09	0
569	5e+24	4.39995e+12	3.79998e+12	0	-1.62321	-0.721292	0	-2.70539e-08	-1.20216e-08	0
570	5e+24	4.39995e+12	3.99997e+12	0	-1.56354	-0.88575	0	-2.60594e-08	-1.47626e-08	0
571	5e+24	4.39996e+12	4.19997e+12	0	-1.4867	-1.0958	0	-2.47787e-08	-1.82634e-08	0
572	5e+24	4.39996e+12	4.39996e+12	0	-1.38736	-1.38736	0	-2.3123e-08	-2.3123e-08	0
573	5e+24	4.39996e+12	4.59994e+12	0	-1.25979	-1.85061	0	-2.09967e-08	-3.08441e-08	0
574	5e+24	4.39997e+12	4.79991e+12	0	-1.10329	-2.84546	0	-1.83885e-08	-4.74288e-08	0
575	5e+24	4.59996e+12	7.88336e+07	0	-1.43167	2.62785	0	-2.38616e-08	4.38019e-08	0
576	5e+24	4.59995e+12	2.0005e+11	0	-1.67827	1.67827	0	-2.79717e-08	2.79717e-08	0
577	5e+24	4.59994e+12	4.00038e+11	0	-1.85061	1.25979	0	-3.08441e-08	2.09967e-08	0
578	5e+24	4.59994e+12	6.0003e+11	0	-1.97178	1.00082	0	-3.28638e-08	1.66805e-08	0
579	5e+24	4.59994e+12	8.00024e+11	0	-2.06023	0.813774	0	-3.43379e-08	1.3563e-08	0
580	5e+24	4.59994e+12	1.00002e+12	0	-2.12666	0.66603	0	-3.54451e-08	1.11006e-08	0
581	5e+24	4.59993e+12	1.20002e+12	0	-2.17733	0.542337	0	-3.62896e-08	9.039e-09	0
582	5e+24	4.59993e+12	1.40001e+12	0	-2.21608	0.434397	0	-3.69355e-08	7.23999e-09	0
583	5e+24	4.59993e+12	1.60001e+12	0	-2.24537	0.337165	0	-3.74237e-08	5.61945e-09	0
584	5e+24	4.59993e+12	1.80001e+12	0	-2.26682	0.247286	0	-3.77812e-08	4.12144e-09	0
585	5e+24	4.59993e+12	2e+12	0	-2.28149	0.162339	0	-3.80256e-08	2.70566e-09	0
586	5e+24	4.59993e+12	2.2e+12	0	-2.29004	0.0804402	0	-3.81681e-08	1.34068e-09	0
587	5e+24	4.59993e+12	2.4e+12	0	-2.29285	-2.43431e-16	0	-3.8215e-08	-3.78306e-23	0
588	5e+24	4.59993e+12	2.6e+12	0	-2.29004	-0.0804402	0	-3.81681e-08	-1.34068e-09	0
589	5e+24	4.59993e+12	2.8e+12	0	-2.28149	-0.162339	0	-3.80256e-08	-2.70566e-09	0
590	5e+24	4.59993e+12	2.99999e+12	0	-2.26682	-0.247286	0	-3.77812e-08	-4.12144e-09	0
591	5e+24	4.59993e+12	3.19999e+12	0	-2.24537	-0.337165	0	-3.74237e-08	-5.61945e-09	0
592	5e+24	4.59993e+12	3.39999e+12	0	-2.21608	-0.434397	0	-3.69355e-08	-7.23999e-09	0
593	5e+24	4.59993e+12	3.59998e+12	0	-2.17733	-0.542337	0	-3.62896e-08	-9.039e-09	0
594	5e+24	4.59994e+12	3.79998e+12	0	-2.12666	-0.66603	0	-3.54451e-08	-1.11006e-08	0
595	5e+24	4.59994e+12	3.99998e+12	0	-2.06023	-0.813774	0	-3.43379e-08	-1.3563e-08	0
596	5e+24	4.59994e+12	4.19997e+12	0	-1.97178	-1.00082	0	-3.28638e-08	-1.66805e-08	0
597	5e+24	4.59994e+12	4.39996e+12	0	-1.85061	-1.25979	0	-3.08441e-08	-2.09967e-08	0
598	5e+24	4.59995e+12	4.59995e+12	0	-1.67827	-1.67827	0	-2.79717e-08	-2.79717e-08	0
599	5e+24	4.59996e+12	4.79992e+12	0	-1.43167	-2.62785	0	-2.38616e-08	-4.38019e-08	0
600	5e+24	4.79993e+12	6.61105e+07	0	-2.20374	2.20374	0	-3.67326e-08	3.67326e-08	0
601	5e+24	4.79992e+12	2.00043e+11	0	-2.62785	1.43167	0	-4.38019e-08	2.38616e-08	0
602	5e+24	4.79991e+12	4.00033e+11	0	-2.84546	1.10329	0	-4.74288e-08	1.83885e-08	0
603	5e+24	4.79991e+12	6.00027e+11	0	-2.98291	0.892419	0	-4.97198e-08	1.48738e-08	0
604	5e+24	4.79991e+12	8.00022e+11	0	-3.07891	0.734605	0	-5.13198e-08	1.22435e-08	0
605	5e+24	4.79991e+12	1.00002e+12	0	-3.14948	0.606488	0	-5.24958e-08	1.01082e-08	0
606	5e+24	4.7999e+12	1.20001e+12	0	-3.20267	0.49699	0	-5.33824e-08	8.28324e-09	0
607	5e+24	4.7999e+12	1.40001e+12	0	-3.24308	0.39994	0	-5.40558e-08	6.66572e-09	0
608	5e+24	4.7999e+12	1.60001e+12	0	-3.27349	0.311491	0	-5.45628e-08	5.19156e-09	0
609	5e+24	4.7999e+12	1.80001e+12	0	-3.29571	0.229021	0	-5.4933e-08	3.81704e-09	0
610	5e+24	4.7999e+12	2e+12	0	-3.31087	0.150599	0	-5.51857e-08	2.51001e-09	0
611	5e+24	4.7999e+12	2.2e+12	0	-3.31971	0.0746953	0	-5.5333e-08	1.24493e-09	0
612	5e+24	4.7999e+12	2.4e+12	0	-3.32261	-1.77561e-15	0	-5.53814e-08	-6.37123e-23	0
613	5e+24	4.7999e+12	2.6e+12	0	-3.31971	-0.0746953	0	-5.5333e-08	-1.24493e-09	0
614	5e+24	4.7999e+12	2.8e+12	0	-3.31087	-0.150599	0	-5.51857e-08	-2.51001e-09	0
615	5e+24	4.7999e+12	2.99999e+12	0	-3.29571	-0.229021	0	-5.4933e-08	-3.81704e-09	0
616	5e+24	4.7999e+12	3.19999e+12	0	-3.27349	-0.311491	0	-5.45628e-08	-5.19156e-09	0
617	5e+24	4.7999e+12	3.39999e+12	0	-3.24308	-0.39994	0	-5.40558e-08	-6.66572e-09	0
618	5e+24	4.7999e+12	3.59999e+12	0	-3.20267	-0.49699	0	-5.33824e-08	-8.28324e-09	0
619	5e+24	4.79991e+12	3.79998e+12	0	-3.14948	-0.606488	0	-5.24958e-08	-1.01082e-08	0
620	5e+24	4.79991e+12	3.99998e+12	0	-3.07891	-0.734605	0	-5.13198e-08	-1.22435e-08	0
621	5e+24	4.79991e+12	4.19997e+12	0	-2.98291	-0.892419	0	-4.97198e-08	-1.48738e-08	0
622	5e+24	4.79991e+12	4.39997e+12	0	-2.84546	-1.10329	0	-4.74288e-08	-1.83885e-08	0
623	5e+24	4.79992e+12	4.59996e+12	0	-2.62785	-1.43167	0	-4.38019e-08	-2.38616e-08	0
624	5e+24	4.79993e+12	4.79993e+12	0	-2.20374	-2.20374	0	-3.67326e-08	-3.67326e-08	0
