625
0	5e+24	8.99845e+07	8.99845e+07	0	2.57107	2.57107	0	3.67345e-08	3.67345e-08	0
1	5e+24	1.07302e+08	2.00058e+11	0	3.06588	1.67028	0	4.38043e-08	2.38619e-08	0
2	5e+24	1.16188e+08	4.00045e+11	0	3.31976	1.28718	0	4.74313e-08	1.83886e-08	0
3	5e+24	1.21801e+08	6.00036e+11	0	3.48012	1.04116	0	4.97223e-08	1.48739e-08	0
4	5e+24	1.25721e+08	8.0003e+11	0	3.59212	0.857041	0	5.13223e-08	1.22436e-08	0
5	5e+24	1.28602e+08	1.00002e+12	0	3.67445	0.707571	0	5.24983e-08	1.01083e-08	0
6	5e+24	1.30774e+08	1.20002e+12	0	3.73651	0.579823	0	5.33849e-08	8.28327e-09	0
7	5e+24	1.32424e+08	1.40002e+12	0	3.78365	0.466598	0	5.40583e-08	6.66575e-09	0
8	5e+24	1.33666e+08	1.60001e+12	0	3.81913	0.363407	0	5.45652e-08	5.19158e-09	0
9	5e+24	1.34573e+08	1.80001e+12	0	3.84505	0.267191	0	5.49354e-08	3.81706e-09	0
10	5e+24	1.35192e+08	2.00001e+12	0	3.86274	0.175699	0	5.51882e-08	2.51002e-09	0
11	5e+24	1.35553e+08	2.2e+12	0	3.87305	0.0871446	0	5.53354e-08	1.24493e-09	0
12	5e+24	1.35672e+08	2.4e+12	0	3.87644	-2.43912e-15	0	5.53838e-08	-6.44369e-23	0
13	5e+24	1.35553e+08	2.6e+12	0	3.87305	-0.0871446	0	5.53354e-08	-1.24493e-09	0
14	5e+24	1.35192e+08	2.79999e+12	0	3.86274	-0.175699	0	5.51882e-08	-2.51002e-09	0
15	5e+24	1.34573e+08	2.99999e+12	0	3.84505	-0.267191	0	5.49354e-08	-3.81706e-09	0
16	5e+24	1.33666e+08	3.19999e+12	0	3.81913	-0.363407	0	5.45652e-08	-5.19158e-09	0
17	5e+24	1.32424e+08	3.39998e+12	0	3.78365	-0.466598	0	5.40583e-08	-6.66575e-09	0
18	5e+24	1.30774e+08	3.59998e+12	0	3.73651	-0.579823	0	5.33849e-08	-8.28327e-09	0
19	5e+24	1.28602e+08	3.79998e+12	0	3.67445	-0.707571	0	5.24983e-08	-1.01083e-08	0
20	5e+24	1.25721e+08	3.99997e+12	0	3.59212	-0.857041	0	5.13223e-08	-1.22436e-08	0
21	5e+24	1.21801e+08	4.19996e+12	0	3.48012	-1.04116	0	4.97223e-08	-1.48739e-08	0
22	5e+24	1.16188e+08	4.39995e+12	0	3.31976	-1.28718	0	4.74313e-08	-1.83886e-08	0
23	5e+24	1.07302e+08	4.59994e+12	0	3.06588	-1.67028	0	4.38043e-08	-2.38619e-08	0
24	5e+24	8.99845e+07	4.79991e+12	0	2.57107	-2.57107	0	3.67345e-08	-3.67345e-08	0
25	5e+24	2.00058e+11	1.07302e+08	0	1.67028	3.06588	0	2.38619e-08	4.38043e-08	0
26	5e+24	2.00069e+11	2.00069e+11	0	1.95799	1.95799	0	2.7972e-08	2.7972e-08	0
27	5e+24	2.00076e+11	4.00051e+11	0	2.15905	1.46976	0	3.08445e-08	2.09968e-08	0
28	5e+24	2.00081e+11	6.00041e+11	0	2.30042	1.16763	0	3.28642e-08	1.66806e-08	0
29	5e+24	2.00084e+11	8.00033e+11	0	2.40361	0.949404	0	3.43384e-08	1.3563e-08	0
30	5e+24	2.00087e+11	1.00003e+12	0	2.48111	0.777036	0	3.54455e-08	1.11006e-08	0
31	5e+24	2.00089e+11	1.20002e+12	0	2.54023	0.632727	0	3.629e-08	9.03902e-09	0
32	5e+24	2.0009e+11	1.40002e+12	0	2.58544	0.506797	0	3.69359e-08	7.24e-09	0
33	5e+24	2.00092e+11	1.60001e+12	0	2.61961	0.39336	0	3.74241e-08	5.61946e-09	0
34	5e+24	2.00093e+11	1.80001e+12	0	2.64464	0.2885	0	3.77816e-08	4.12145e-09	0
35	5e+24	2.00093e+11	2.00001e+12	0	2.66175	0.189395	0	3.8026e-08	2.70566e-09	0
36	5e+24	2.00094e+11	2.2e+12	0	2.67172	0.093847	0	3.81686e-08	1.34068e-09	0
37	5e+24	2.00094e+11	2.4e+12	0	2.675	-6.61472e-16	0	3.82154e-08	-3.13642e-23	0
38	5e+24	2.00094e+11	2.6e+12	0	2.67172	-0.093847	0	3.81686e-08	-1.34068e-09	0
39	5e+24	2.00093e+11	2.79999e+12	0	2.66175	-0.189395	0	3.8026e-08	-2.70566e-09	0
40	5e+24	2.00093e+11	2.99999e+12	0	2.64464	-0.2885	0	3.77816e-08	-4.12145e-09	0
41	5e+24	2.00092e+11	3.19999e+12	0	2.61961	-0.39336	0	3.74241e-08	-5.61946e-09	0
42	5e+24	2.0009e+11	3.39998e+12	0	2.58544	-0.506797	0	3.69359e-08	-7.24e-09	0
43	5e+24	2.00089e+11	3.59998e+12	0	2.54023	-0.632727	0	3.629e-08	-9.03902e-09	0
44	5e+24	2.00087e+11	3.79997e+12	0	2.48111	-0.777036	0	3.54455e-08	-1.11006e-08	0
45	5e+24	2.00084e+11	3.99997e+12	0	2.40361	-0.949404	0	3.43384e-08	-1.3563e-08	0
46	5e+24	2.00081e+11	4.19996e+12	0	2.30042	-1.16763	0	3.28642e-08	-1.66806e-08	0
47	5e+24	2.00076e+11	4.39995e+12	0	2.15905	-1.46976	0	3.08445e-08	-2.09968e-08	0
48	5e+24	2.00069e+11	4.59993e+12	0	1.95799	-1.95799	0	2.7972e-08	-2.7972e-08	0
49	5e+24	2.00058e+11	4.79989e+12	0	1.67028	-3.06588	0	2.38619e-08	-4.38043e-08	0
50	5e+24	4.00045e+11	1.16188e+08	0	1.28718	3.31976	0	1.83886e-08	4.74313e-08	0
51	5e+24	4.00051e+11	2.00076e+11	0	1.46976	2.15905	0	2.09968e-08	3.08445e-08	0
52	5e+24	4.00057e+11	4.00057e+11	0	1.61859	1.61859	0	2.31231e-08	2.31231e-08	0
53	5e+24	4.00061e+11	6.00045e+11	0	1.73449	1.27843	0	2.47789e-08	1.82635e-08	0
54	5e+24	4.00064e+11	8.00036e+11	0	1.82414	1.03338	0	2.60596e-08	1.47626e-08	0
55	5e+24	4.00066e+11	1.00003e+12	0	1.89375	0.841509	0	2.70541e-08	1.20216e-08	0
56	5e+24	4.00068e+11	1.20002e+12	0	1.94792	0.682437	0	2.78279e-08	9.74916e-09	0
57	5e+24	4.0007e+11	1.40002e+12	0	1.98987	0.544859	0	2.84273e-08	7.78374e-09	0
58	5e+24	4.00071e+11	1.60001e+12	0	2.02184	0.421858	0	2.8884e-08	6.02658e-09	0
59	5e+24	4.00072e+11	1.80001e+12	0	2.04538	0.308837	0	2.92202e-08	4.41197e-09	0
60	5e+24	4.00072e+11	2.00001e+12	0	2.06152	0.202491	0	2.94508e-08	2.89275e-09	0
61	5e+24	4.00072e+11	2.2e+12	0	2.07095	0.100262	0	2.95855e-08	1.43233e-09	0
62	5e+24	4.00073e+11	2.4e+12	0	2.07406	8.16557e-16	0	2.96299e-08	-1.21799e-23	0
63	5e+24	4.00072e+11	2.6e+12	0	2.07095	-0.100262	0	2.95855e-08	-1.43233e-09	0
64	5e+24	4.00072e+11	2.79999e+12	0	2.06152	-0.202491	0	2.94508e-08	-2.89275e-09	0
65	5e+24	4.00072e+11	2.99999e+12	0	2.04538	-0.308837	0	2.92202e-08	-4.41197e-09	0
66	5e+24	4.00071e+11	3.19999e+12	0	2.02184	-0.421858	0	2.8884e-08	-6.02658e-09	0
67	5e+24	4.0007e+11	3.39998e+12	0	1.98987	-0.544859	0	2.84273e-08	-7.78374e-09	0
68	5e+24	4.00068e+11	3.59998e+12	0	1.94792	-0.682437	0	2.78279e-08	-9.74916e-09	0
69	5e+24	4.00066e+11	3.79997e+12	0	1.89375	-0.841509	0	2.70541e-08	-1.20216e-08	0
70	5e+24	4.00064e+11	3.99996e+12	0	1.82414	-1.03338	0	2.60596e-08	-1.47626e-08	0
71	5e+24	4.00061e+11	4.19996e+12	0	1.73449	-1.27843	0	2.47789e-08	-1.82635e-08	0
72	5e+24	4.00057e+11	4.39994e+12	0	1.61859	-1.61859	0	2.31231e-08	-2.31231e-08	0
73	5e+24	4.00051e+11	4.59992e+12	0	1.46976	-2.15905	0	2.09968e-08	-3.08445e-08	0
74	5e+24	4.00045e+11	4.79988e+12	0	1.28718	-3.31976	0	1.83886e-08	-4.74313e-08	0
75	5e+24	6.00036e+11	1.21801e+08	0	1.04116	3.48012	0	1.48739e-08	4.97223e-08	0
76	5e+24	6.00041e+11	2.00081e+11	0	1.16763	2.30042	0	1.66806e-08	3.28642e-08	0
77	5e+24	6.00045e+11	4.00061e+11	0	1.27843	1.73449	0	1.82635e-08	2.47789e-08	0
78	5e+24	6.00048e+11	6.00048e+11	0	1.3708	1.3708	0	1.95831e-08	1.95831e-08	0
79	5e+24	6.00051e+11	8.00039e+11	0	1.44593	1.10642	0	2.06563e-08	1.58061e-08	0
80	5e+24	6.00053e+11	1.00003e+12	0	1.50628	0.89911	0	2.15186e-08	1.28445e-08	0
81	5e+24	6.00054e+11	1.20003e+12	0	1.55433	0.727619	0	2.22051e-08	1.03946e-08	0
82	5e+24	6.00056e+11	1.40002e+12	0	1.59212	0.579846	0	2.27449e-08	8.28356e-09	0
83	5e+24	6.00057e+11	1.60002e+12	0	1.62122	0.448252	0	2.31606e-08	6.40363e-09	0
84	5e+24	6.00057e+11	1.80001e+12	0	1.64279	0.327764	0	2.34687e-08	4.68236e-09	0
85	5e+24	6.00058e+11	2.00001e+12	0	1.65765	0.214717	0	2.36811e-08	3.06741e-09	0
86	5e+24	6.00058e+11	2.2e+12	0	1.66636	0.106262	0	2.38055e-08	1.51803e-09	0
87	5e+24	6.00058e+11	2.4e+12	0	1.66923	1.18044e-16	0	2.38465e-08	-1.34708e-23	0
88	5e+24	6.00058e+11	2.6e+12	0	1.66636	-0.106262	0	2.38055e-08	-1.51803e-09	0
89	5e+24	6.00058e+11	2.79999e+12	0	1.65765	-0.214717	0	2.36811e-08	-3.06741e-09	0
90	5e+24	6.00057e+11	2.99999e+12	0	1.64279	-0.327764	0	2.34687e-08	-4.68236e-09	0
91	5e+24	6.00057e+11	3.19998e+12	0	1.62122	-0.448252	0	2.31606e-08	-6.40363e-09	0
92	5e+24	6.00056e+11	3.39998e+12	0	1.59212	-0.579846	0	2.27449e-08	-8.28356e-09	0
93	5e+24	6.00054e+11	3.59997e+12	0	1.55433	-0.727619	0	2.22051e-08	-1.03946e-08	0
94	5e+24	6.00053e+11	3.79997e+12	0	1.50628	-0.89911	0	2.15186e-08	-1.28445e-08	0
95	5e+24	6.00051e+11	3.99996e+12	0	1.44593	-1.10642	0	2.06563e-08	-1.58061e-08	0
96	5e+24	6.00048e+11	4.19995e+12	0	1.3708	-1.3708	0	1.95831e-08	-1.95831e-08	0
97	5e+24	6.00045e+11	4.39994e+12	0	1.27843	-1.73449	0	1.82635e-08	-2.47789e-08	0
98	5e+24	6.00041e+11	4.59992e+12	0	1.16763	-2.30042	0	1.66806e-08	-3.28642e-08	0
99	5e+24	6.00036e+11	4.79988e+12	0	1.04116	-3.48012	0	1.48739e-08	-4.97223e-08	0
100	5e+24	8.0003e+11	1.25721e+08	0	0.857041	3.59212	0	1.22436e-08	5.13223e-08	0
101	5e+24	8.00033e+11	2.00084e+11	0	0.949404	2.40361	0	1.3563e-08	3.43384e-08	0
102	5e+24	8.00036e+11	4.00064e+11	0	1.03338	1.82414	0	1.47626e-08	2.60596e-08	0
103	5e+24	8.00039e+11	6.00051e+11	0	1.10642	1.44593	0	1.58061e-08	2.06563e-08	0
104	5e+24	8.00041e+11	8.00041e+11	0	1.16809	1.16809	0	1.66871e-08	1.66871e-08	0
105	5e+24	8.00043e+11	1.00003e+12	0	1.2191	0.949049	0	1.7416e-08	1.3558e-08	0
106	5e+24	8.00044e+11	1.20003e+12	0	1.26061	0.767523	0	1.80089e-08	1.09647e-08	0
107	5e+24	8.00045e+11	1.40002e+12	0	1.29376	0.611147	0	1.84825e-08	8.73072e-09	0
108	5e+24	8.00046e+11	1.60002e+12	0	1.31958	0.472074	0	1.88513e-08	6.74395e-09	0
109	5e+24	8.00047e+11	1.80001e+12	0	1.33886	0.34495	0	1.91268e-08	4.92788e-09	0
110	5e+24	8.00047e+11	2.00001e+12	0	1.35222	0.225862	0	1.93176e-08	3.22661e-09	0
111	5e+24	8.00048e+11	2.2e+12	0	1.36007	0.111742	0	1.94297e-08	1.59633e-09	0
112	5e+24	8.00048e+11	2.4e+12	0	1.36266	-5.72394e-16	0	1.94668e-08	-1.61623e-23	0
113	5e+24	8.00048e+11	2.6e+12	0	1.36007	-0.111742	0	1.94297e-08	-1.59633e-09	0
114	5e+24	8.00047e+11	2.79999e+12	0	1.35222	-0.225862	0	1.93176e-08	-3.22661e-09	0
115	5e+24	8.00047e+11	2.99999e+12	0	1.33886	-0.34495	0	1.91268e-08	-4.92788e-09	0
116	5e+24	8.00046e+11	3.19998e+12	0	1.31958	-0.472074	0	1.88513e-08	-6.74395e-09	0
117	5e+24	8.00045e+11	3.39998e+12	0	1.29376	-0.611147	0	1.84825e-08	-8.73072e-09	0
118	5e+24	8.00044e+11	3.59997e+12	0	1.26061	-0.767523	0	1.80089e-08	-1.09647e-08	0
119	5e+24	8.00043e+11	3.79997e+12	0	1.2191	-0.949049	0	1.7416e-08	-1.3558e-08	0
120	5e+24	8.00041e+11	3.99996e+12	0	1.16809	-1.16809	0	1.66871e-08	-1.66871e-08	0
121	5e+24	8.00039e+11	4.19995e+12	0	1.10642	-1.44593	0	1.58061e-08	-2.06563e-08	0
122	5e+24	8.00036e+11	4.39994e+12	0	1.03338	-1.82414	0	1.47626e-08	-2.60596e-08	0
123	5e+24	8.00033e+11	4.59992e+12	0	0.949404	-2.40361	0	1.3563e-08	-3.43384e-08	0
124	5e+24	8.0003e+11	4.79987e+12	0	0.857041	-3.59212	0	1.22436e-08	-5.13223e-08	0
125	5e+24	1.00002e+12	1.28602e+08	0	0.707571	3.67445	0	1.01083e-08	5.24983e-08	0
126	5e+24	1.00003e+12	2.00087e+11	0	0.777036	2.48111	0	1.11006e-08	3.54455e-08	0
127	5e+24	1.00003e+12	4.00066e+11	0	0.841509	1.89375	0	1.20216e-08	2.70541e-08	0
128	5e+24	1.00003e+12	6.00053e+11	0	0.89911	1.50628	0	1.28445e-08	2.15186e-08	0
129	5e+24	1.00003e+12	8.00043e+11	0	0.949049	1.2191	0	1.3558e-08	1.7416e-08	0
130	5e+24	1.00003e+12	1.00003e+12	0	0.991323	0.991323	0	1.41619e-08	1.41619e-08	0
131	5e+24	1.00004e+12	1.20003e+12	0	1.02636	0.801893	0	1.46624e-08	1.14557e-08	0
132	5e+24	1.00004e+12	1.40002e+12	0	1.05475	0.638451	0	1.50679e-08	9.12079e-09	0
133	5e+24	1.00004e+12	1.60002e+12	0	1.07708	0.493047	0	1.5387e-08	7.04356e-09	0
134	5e+24	1.00004e+12	1.80001e+12	0	1.0939	0.360178	0	1.56272e-08	5.14542e-09	0
135	5e+24	1.00004e+12	2.00001e+12	0	1.10561	0.235777	0	1.57945e-08	3.36826e-09	0
136	5e+24	1.00004e+12	2.2e+12	0	1.11251	0.11663	0	1.58932e-08	1.66615e-09	0
137	5e+24	1.00004e+12	2.4e+12	0	1.11479	4.73662e-16	0	1.59258e-08	-1.99202e-24	0
138	5e+24	1.00004e+12	2.6e+12	0	1.11251	-0.11663	0	1.58932e-08	-1.66615e-09	0
139	5e+24	1.00004e+12	2.79999e+12	0	1.10561	-0.235777	0	1.57945e-08	-3.36826e-09	0
140	5e+24	1.00004e+12	2.99999e+12	0	1.0939	-0.360178	0	1.56272e-08	-5.14542e-09	0
141	5e+24	1.00004e+12	3.19998e+12	0	1.07708	-0.493047	0	1.5387e-08	-7.04356e-09	0
142	5e+24	1.00004e+12	3.39998e+12	0	1.05475	-0.638451	0	1.50679e-08	-9.12079e-09	0
143	5e+24	1.00004e+12	3.59997e+12	0	1.02636	-0.801893	0	1.46624e-08	-1.14557e-08	0
144	5e+24	1.00003e+12	3.79997e+12	0	0.991323	-0.991323	0	1.41619e-08	-1.41619e-08	0
145	5e+24	1.00003e+12	3.99996e+12	0	0.949049	-1.2191	0	1.3558e-08	-1.7416e-08	0
146	5e+24	1.00003e+12	4.19995e+12	0	0.89911	-1.50628	0	1.28445e-08	-2.15186e-08	0
147	5e+24	1.00003e+12	4.39993e+12	0	0.841509	-1.89375	0	1.20216e-08	-2.70541e-08	0
148	5e+24	1.00003e+12	4.59991e+12	0	0.777036	-2.48111	0	1.11006e-08	-3.54455e-08	0
149	5e+24	1.00002e+12	4.79987e+12	0	0.707571	-3.67445	0	1.01083e-08	-5.24983e-08	0
150	5e+24	1.20002e+12	1.30774e+08	0	0.579823	3.73651	0	8.28327e-09	5.33849e-08	0
151	5e+24	1.20002e+12	2.00089e+11	0	0.632727	2.54023	0	9.03902e-09	3.629e-08	0
152	5e+24	1.20002e+12	4.00068e+11	0	0.682437	1.94792	0	9.74916e-09	2.78279e-08	0
153	5e+24	1.20003e+12	6.00054e+11	0	0.727619	1.55433	0	1.03946e-08	2.22051e-08	0
154	5e+24	1.20003e+12	8.00044e+11	0	0.767523	1.26061	0	1.09647e-08	1.80089e-08	0
155	5e+24	1.20003e+12	1.00004e+12	0	0.801893	1.02636	0	1.14557e-08	1.46624e-08	0
156	5e+24	1.20003e+12	1.20003e+12	0	0.830805	0.830805	0	1.18687e-08	1.18687e-08	0
157	5e+24	1.20003e+12	1.40002e+12	0	0.854516	0.661687	0	1.22075e-08	9.45273e-09	0
158	5e+24	1.20003e+12	1.60002e+12	0	0.873351	0.511048	0	1.24765e-08	7.30073e-09	0
159	5e+24	1.20003e+12	1.80001e+12	0	0.887628	0.373328	0	1.26805e-08	5.33329e-09	0
160	5e+24	1.20003e+12	2.00001e+12	0	0.89762	0.244376	0	1.28233e-08	3.49111e-09	0
161	5e+24	1.20003e+12	2.2e+12	0	0.903532	0.120879	0	1.29077e-08	1.72685e-09	0
162	5e+24	1.20003e+12	2.4e+12	0	0.905488	9.08159e-16	0	1.29357e-08	1.64273e-23	0
163	5e+24	1.20003e+12	2.6e+12	0	0.903532	-0.120879	0	1.29077e-08	-1.72685e-09	0
164	5e+24	1.20003e+12	2.79999e+12	0	0.89762	-0.244376	0	1.28233e-08	-3.49111e-09	0
165	5e+24	1.20003e+12	2.99999e+12	0	0.887628	-0.373328	0	1.26805e-08	-5.33329e-09	0
166	5e+24	1.20003e+12	3.19998e+12	0	0.873351	-0.511048	0	1.24765e-08	-7.30073e-09	0
167	5e+24	1.20003e+12	3.39998e+12	0	0.854516	-0.661687	0	1.22075e-08	-9.45273e-09	0
168	5e+24	1.20003e+12	3.59997e+12	0	0.830805	-0.830805	0	1.18687e-08	-1.18687e-08	0
169	5e+24	1.20003e+12	3.79996e+12	0	0.801893	-1.02636	0	1.14557e-08	-1.46624e-08	0
170	5e+24	1.20003e+12	3.99996e+12	0	0.767523	-1.26061	0	1.09647e-08	-1.80089e-08	0
171	5e+24	1.20003e+12	4.19995e+12	0	0.727619	-1.55433	0	1.03946e-08	-2.22051e-08	0
172	5e+24	1.20002e+12	4.39993e+12	0	0.682437	-1.94792	0	9.74916e-09	-2.78279e-08	0
173	5e+24	1.20002e+12	4.59991e+12	0	0.632727	-2.54023	0	9.03902e-09	-3.629e-08	0
174	5e+24	1.20002e+12	4.79987e+12	0	0.579823	-3.73651	0	8.28327e-09	-5.33849e-08	0
175	5e+24	1.40002e+12	1.32424e+08	0	0.466598	3.78365	0	6.66575e-09	5.40583e-08	0
176	5e+24	1.40002e+12	2.0009e+11	0	0.506797	2.58544	0	7.24e-09	3.69359e-08	0
177	5e+24	1.40002e+12	4.0007e+11	0	0.544859	1.98987	0	7.78374e-09	2.84273e-08	0
178	5e+24	1.40002e+12	6.00056e+11	0	0.579846	1.59212	0	8.28356e-09	2.27449e-08	0
179	5e+24	1.40002e+12	8.00045e+11	0	0.611147	1.29376	0	8.73072e-09	1.84825e-08	0
180	5e+24	1.40002e+12	1.00004e+12	0	0.638451	1.05475	0	9.12079e-09	1.50679e-08	0
181	5e+24	1.40002e+12	1.20003e+12	0	0.661687	0.854516	0	9.45273e-09	1.22075e-08	0
182	5e+24	1.40002e+12	1.40002e+12	0	0.68093	0.68093	0	9.72764e-09	9.72764e-09	0
183	5e+24	1.40002e+12	1.60002e+12	0	0.696337	0.52607	0	9.94774e-09	7.51533e-09	0
184	5e+24	1.40002e+12	1.80001e+12	0	0.708086	0.384364	0	1.01156e-08	5.49094e-09	0
185	5e+24	1.40003e+12	2.00001e+12	0	0.716345	0.251619	0	1.02336e-08	3.59458e-09	0
186	5e+24	1.40003e+12	2.2e+12	0	0.721245	0.124465	0	1.03036e-08	1.77808e-09	0
187	5e+24	1.40003e+12	2.4e+12	0	0.722869	-1.84343e-15	0	1.03268e-08	-2.90628e-23	0
188	5e+24	1.40003e+12	2.6e+12	0	0.721245	-0.124465	0	1.03036e-08	-1.77808e-09	0
189	5e+24	1.40003e+12	2.79999e+12	0	0.716345	-0.251619	0	1.02336e-08	-3.59458e-09	0
190	5e+24	1.40002e+12	2.99999e+12	0	0.708086	-0.384364	0	1.01156e-08	-5.49094e-09	0
191	5e+24	1.40002e+12	3.19998e+12	0	0.696337	-0.52607	0	9.94774e-09	-7.51533e-09	0
192	5e+24	1.40002e+12	3.39998e+12	0	0.68093	-0.68093	0	9.72764e-09	-9.72764e-09	0
193	5e+24	1.40002e+12	3.59997e+12	0	0.661687	-0.854516	0	9.45273e-09	-1.22075e-08	0
194	5e+24	1.40002e+12	3.79996e+12	0	0.638451	-1.05475	0	9.12079e-09	-1.50679e-08	0
195	5e+24	1.40002e+12	3.99995e+12	0	0.611147	-1.29376	0	8.73072e-09	-1.84825e-08	0
196	5e+24	1.40002e+12	4.19994e+12	0	0.579846	-1.59212	0	8.28356e-09	-2.27449e-08	0
197	5e+24	1.40002e+12	4.39993e+12	0	0.544859	-1.98987	0	7.78374e-09	-2.84273e-08	0
198	5e+24	1.40002e+12	4.59991e+12	0	0.506797	-2.58544	0	7.24e-09	-3.69359e-08	0
199	5e+24	1.40002e+12	4.79987e+12	0	0.466598	-3.78365	0	6.66575e-09	-5.40583e-08	0
200	5e+24	1.60001e+12	1.33666e+08	0	0.363407	3.81913	0	5.19158e-09	5.45652e-08	0
201	5e+24	1.60001e+12	2.00092e+11	0	0.39336	2.61961	0	5.61946e-09	3.74241e-08	0
202	5e+24	1.60001e+12	4.00071e+11	0	0.421858	2.02184	0	6.02658e-09	2.8884e-08	0
203	5e+24	1.60002e+12	6.00057e+11	0	0.448252	1.62122	0	6.40363e-09	2.31606e-08	0
204	5e+24	1.60002e+12	8.00046e+11	0	0.472074	1.31958	0	6.74395e-09	1.88513e-08	0
205	5e+24	1.60002e+12	1.00004e+12	0	0.493047	1.07708	0	7.04356e-09	1.5387e-08	0
206	5e+24	1.60002e+12	1.20003e+12	0	0.511048	0.873351	0	7.30073e-09	1.24765e-08	0
207	5e+24	1.60002e+12	1.40002e+12	0	0.52607	0.696337	0	7.51533e-09	9.94774e-09	0
208	5e+24	1.60002e+12	1.60002e+12	0	0.538172	0.538172	0	7.68822e-09	7.68822e-09	0
209	5e+24	1.60002e+12	1.80001e+12	0	0.547447	0.393297	0	7.82073e-09	5.61856e-09	0
210	5e+24	1.60002e+12	2.00001e+12	0	0.553991	0.257501	0	7.91421e-09	3.67861e-09	0
211	5e+24	1.60002e+12	2.2e+12	0	0.557882	0.127384	0	7.9698e-09	1.81978e-09	0
212	5e+24	1.60002e+12	2.4e+12	0	0.559173	-4.83667e-15	0	7.98824e-09	-9.86025e-23	0
213	5e+24	1.60002e+12	2.6e+12	0	0.557882	-0.127384	0	7.9698e-09	-1.81978e-09	0
214	5e+24	1.60002e+12	2.79999e+12	0	0.553991	-0.257501	0	7.91421e-09	-3.67861e-09	0
215	5e+24	1.60002e+12	2.99999e+12	0	0.547447	-0.393297	0	7.82073e-09	-5.61856e-09	0
216	5e+24	1.60002e+12	3.19998e+12	0	0.538172	-0.538172	0	7.68822e-09	-7.68822e-09	0
217	5e+24	1.60002e+12	3.39998e+12	0	0.52607	-0.696337	0	7.51533e-09	-9.94774e-09	0
218	5e+24	1.60002e+12	3.59997e+12	0	0.511048	-0.873351	0	7.30073e-09	-1.24765e-08	0
219	5e+24	1.60002e+12	3.79996e+12	0	0.493047	-1.07708	0	7.04356e-09	-1.5387e-08	0
220	5e+24	1.60002e+12	3.99995e+12	0	0.472074	-1.31958	0	6.74395e-09	-1.88513e-08	0
221	5e+24	1.60002e+12	4.19994e+12	0	0.448252	-1.62122	0	6.40363e-09	-2.31606e-08	0
222	5e+24	1.60001e+12	4.39993e+12	0	0.421858	-2.02184	0	6.02658e-09	-2.8884e-08	0
223	5e+24	1.60001e+12	4.59991e+12	0	0.39336	-2.61961	0	5.61946e-09	-3.74241e-08	0
224	5e+24	1.60001e+12	4.79987e+12	0	0.363407	-3.81913	0	5.19158e-09	-5.45652e-08	0
225	5e+24	1.80001e+12	1.34573e+08	0	0.267191	3.84505	0	3.81706e-09	5.49354e-08	0
226	5e+24	1.80001e+12	2.00093e+11	0	0.2885	2.64464	0	4.12145e-09	3.77816e-08	0
227	5e+24	1.80001e+12	4.00072e+11	0	0.308837	2.04538	0	4.41197e-09	2.92202e-08	0
228	5e+24	1.80001e+12	6.00057e+11	0	0.327764	1.64279	0	4.68236e-09	2.34687e-08	0
229	5e+24	1.80001e+12	8.00047e+11	0	0.34495	1.33886	0	4.92788e-09	1.91268e-08	0
230	5e+24	1.80001e+12	1.00004e+12	0	0.360178	1.0939	0	5.14542e-09	1.56272e-08	0
231	5e+24	1.80001e+12	1.20003e+12	0	0.373328	0.887628	0	5.33329e-09	1.26805e-08	0
232	5e+24	1.80001e+12	1.40002e+12	0	0.384364	0.708086	0	5.49094e-09	1.01156e-08	0
233	5e+24	1.80001e+12	1.60002e+12	0	0.393297	0.547447	0	5.61856e-09	7.82073e-09	0
234	5e+24	1.80001e+12	1.80001e+12	0	0.400169	0.400169	0	5.71673e-09	5.71673e-09	0
235	5e+24	1.80001e+12	2.00001e+12	0	0.40503	0.262038	0	5.78618e-09	3.74343e-09	0
236	5e+24	1.80001e+12	2.2e+12	0	0.407927	0.129638	0	5.82756e-09	1.85198e-09	0
237	5e+24	1.80001e+12	2.4e+12	0	0.408888	-4.53165e-15	0	5.8413e-09	-8.2857e-23	0
238	5e+24	1.80001e+12	2.6e+12	0	0.407927	-0.129638	0	5.82756e-09	-1.85198e-09	0
239	5e+24	1.80001e+12	2.79999e+12	0	0.40503	-0.262038	0	5.78618e-09	-3.74343e-09	0
240	5e+24	1.80001e+12	2.99999e+12	0	0.400169	-0.400169	0	5.71673e-09	-5.71673e-09	0
241	5e+24	1.80001e+12	3.19998e+12	0	0.393297	-0.547447	0	5.61856e-09	-7.82073e-09	0
242	5e+24	1.80001e+12	3.39998e+12	0	0.384364	-0.708086	0	5.49094e-09	-1.01156e-08	0
243	5e+24	1.80001e+12	3.59997e+12	0	0.373328	-0.887628	0	5.33329e-09	-1.26805e-08	0
244	5e+24	1.80001e+12	3.79996e+12	0	0.360178	-1.0939	0	5.14542e-09	-1.56272e-08	0
245	5e+24	1.80001e+12	3.99995e+12	0	0.34495	-1.33886	0	4.92788e-09	-1.91268e-08	0
246	5e+24	1.80001e+12	4.19994e+12	0	0.327764	-1.64279	0	4.68236e-09	-2.34687e-08	0
247	5e+24	1.80001e+12	4.39993e+12	0	0.308837	-2.04538	0	4.41197e-09	-2.92202e-08	0
248	5e+24	1.80001e+12	4.59991e+12	0	0.2885	-2.64464	0	4.12145e-09	-3.77816e-08	0
249	5e+24	1.80001e+12	4.79987e+12	0	0.267191	-3.84505	0	3.81706e-09	-5.49354e-08	0
250	5e+24	2.00001e+12	1.35192e+08	0	0.175699	3.86274	0	2.51002e-09	5.51882e-08	0
251	5e+24	2.00001e+12	2.00093e+11	0	0.189395	2.66175	0	2.70566e-09	3.8026e-08	0
252	5e+24	2.00001e+12	4.00072e+11	0	0.202491	2.06152	0	2.89275e-09	2.94508e-08	0
253	5e+24	2.00001e+12	6.00058e+11	0	0.214717	1.65765	0	3.06741e-09	2.36811e-08	0
254	5e+24	2.00001e+12	8.00047e+11	0	0.225862	1.35222	0	3.22661e-09	1.93176e-08	0
255	5e+24	2.00001e+12	1.00004e+12	0	0.235777	1.10561	0	3.36826e-09	1.57945e-08	0
256	5e+24	2.00001e+12	1.20003e+12	0	0.244376	0.89762	0	3.49111e-09	1.28233e-08	0
257	5e+24	2.00001e+12	1.40003e+12	0	0.251619	0.716345	0	3.59458e-09	1.02336e-08	0
258	5e+24	2.00001e+12	1.60002e+12	0	0.257501	0.553991	0	3.67861e-09	7.91421e-09	0
259	5e+24	2.00001e+12	1.80001e+12	0	0.262038	0.40503	0	3.74343e-09	5.78618e-09	0
260	5e+24	2.00001e+12	2.00001e+12	0	0.265255	0.265255	0	3.78938e-09	3.78938e-09	0
261	5e+24	2.00001e+12	2.2e+12	0	0.267173	0.131238	0	3.81678e-09	1.87484e-09	0
262	5e+24	2.00001e+12	2.4e+12	0	0.267811	-5.9633e-15	0	3.82589e-09	-1.14658e-22	0
263	5e+24	2.00001e+12	2.6e+12	0	0.267173	-0.131238	0	3.81678e-09	-1.87484e-09	0
264	5e+24	2.00001e+12	2.79999e+12	0	0.265255	-0.265255	0	3.78938e-09	-3.78938e-09	0
265	5e+24	2.00001e+12	2.99999e+12	0	0.262038	-0.40503	0	3.74343e-09	-5.78618e-09	0
266	5e+24	2.00001e+12	3.19998e+12	0	0.257501	-0.553991	0	3.67861e-09	-7.91421e-09	0
267	5e+24	2.00001e+12	3.39997e+12	0	0.251619	-0.716345	0	3.59458e-09	-1.02336e-08	0
268	5e+24	2.00001e+12	3.59997e+12	0	0.244376	-0.89762	0	3.49111e-09	-1.28233e-08	0
269	5e+24	2.00001e+12	3.79996e+12	0	0.235777	-1.10561	0	3.36826e-09	-1.57945e-08	0
270	5e+24	2.00001e+12	3.99995e+12	0	0.225862	-1.35222	0	3.22661e-09	-1.93176e-08	0
271	5e+24	2.00001e+12	4.19994e+12	0	0.214717	-1.65765	0	3.06741e-09	-2.36811e-08	0
272	5e+24	2.00001e+12	4.39993e+12	0	0.202491	-2.06152	0	2.89275e-09	-2.94508e-08	0
273	5e+24	2.00001e+12	4.59991e+12	0	0.189395	-2.66175	0	2.70566e-09	-3.8026e-08	0
274	5e+24	2.00001e+12	4.79986e+12	0	0.175699	-3.86274	0	2.51002e-09	-5.51882e-08	0
275	5e+24	2.2e+12	1.35553e+08	0	0.0871446	3.87305	0	1.24493e-09	5.53354e-08	0
276	5e+24	2.2e+12	2.00094e+11	0	0.093847	2.67172	0	1.34068e-09	3.81686e-08	0
277	5e+24	2.2e+12	4.00072e+11	0	0.100262	2.07095	0	1.43233e-09	2.95855e-08	0
278	5e+24	2.2e+12	6.00058e+11	0	0.106262	1.66636	0	1.51803e-09	2.38055e-08	0
279	5e+24	2.2e+12	8.00048e+11	0	0.111742	1.36007	0	1.59633e-09	1.94297e-08	0
280	5e+24	2.2e+12	1.00004e+12	0	0.11663	1.11251	0	1.66615e-09	1.58932e-08	0
281	5e+24	2.2e+12	1.20003e+12	0	0.120879	0.903532	0	1.72685e-09	1.29077e-08	0
282	5e+24	2.2e+12	1.40003e+12	0	0.124465	0.721245	0	1.77808e-09	1.03036e-08	0
283	5e+24	2.2e+12	1.60002e+12	0	0.127384	0.557882	0	1.81978e-09	7.9698e-09	0
284	5e+24	2.2e+12	1.80001e+12	0	0.129638	0.407927	0	1.85198e-09	5.82756e-09	0
285	5e+24	2.2e+12	2.00001e+12	0	0.131238	0.267173	0	1.87484e-09	3.81678e-09	0
286	5e+24	2.2e+12	2.2e+12	0	0.132193	0.132193	0	1.88849e-09	1.88849e-09	0
287	5e+24	2.2e+12	2.4e+12	0	0.132511	-7.75001e-15	0	1.89303e-09	-1.4993e-22	0
288	5e+24	2.2e+12	2.6e+12	0	0.132193	-0.132193	0	1.88849e-09	-1.88849e-09	0
289	5e+24	2.2e+12	2.79999e+12	0	0.131238	-0.267173	0	1.87484e-09	-3.81678e-09	0
290	5e+24	2.2e+12	2.99999e+12	0	0.129638	-0.407927	0	1.85198e-09	-5.82756e-09	0
291	5e+24	2.2e+12	3.19998e+12	0	0.127384	-0.557882	0	1.81978e-09	-7.9698e-09	0
292	5e+24	2.2e+12	3.39997e+12	0	0.124465	-0.721245	0	1.77808e-09	-1.03036e-08	0
293	5e+24	2.2e+12	3.59997e+12	0	0.120879	-0.903532	0	1.72685e-09	-1.29077e-08	0
294	5e+24	2.2e+12	3.79996e+12	0	0.11663	-1.11251	0	1.66615e-09	-1.58932e-08	0
295	5e+24	2.2e+12	3.99995e+12	0	0.111742	-1.36007	0	1.59633e-09	-1.94297e-08	0
296	5e+24	2.2e+12	4.19994e+12	0	0.106262	-1.66636	0	1.51803e-09	-2.38055e-08	0
297	5e+24	2.2e+12	4.39993e+12	0	0.100262	-2.07095	0	1.43233e-09	-2.95855e-08	0
298	5e+24	2.2e+12	4.59991e+12	0	0.093847	-2.67172	0	1.34068e-09	-3.81686e-08	0
299	5e+24	2.2e+12	4.79986e+12	0	0.0871446	-3.87305	0	1.24493e-09	-5.53354e-08	0
300	5e+24	2.4e+12	1.35672e+08	0	-2.45314e-15	3.87644	0	-6.11451e-23	5.53838e-08	0
301	5e+24	2.4e+12	2.00094e+11	0	-6.52118e-16	2.675	0	-3.39128e-23	3.82154e-08	0
302	5e+24	2.4e+12	4.00073e+11	0	7.91681e-16	2.07406	0	1.10894e-23	2.96299e-08	0
303	5e+24	2.4e+12	6.00058e+11	0	1.35865e-16	1.66923	0	-9.69352e-25	2.38465e-08	0
304	5e+24	2.4e+12	8.00048e+11	0	-6.02453e-16	1.36266	0	-3.06897e-23	1.94668e-08	0
305	5e+24	2.4e+12	1.00004e+12	0	4.84769e-16	1.11479	0	-2.22321e-23	1.59258e-08	0
306	5e+24	2.4e+12	1.20003e+12	0	8.99666e-16	0.905488	0	5.41916e-23	1.29357e-08	0
307	5e+24	2.4e+12	1.40003e+12	0	-1.82202e-15	0.722869	0	-1.65242e-23	1.03268e-08	0
308	5e+24	2.4e+12	1.60002e+12	0	-4.81225e-15	0.559173	0	-1.14736e-22	7.98824e-09	0
309	5e+24	2.4e+12	1.80001e+12	0	-4.47281e-15	0.408888	0	-7.00955e-23	5.8413e-09	0
310	5e+24	2.4e+12	2.00001e+12	0	-5.95341e-15	0.267811	0	-1.15149e-22	3.82589e-09	0
311	5e+24	2.4e+12	2.2e+12	0	-7.76808e-15	0.132511	0	-1.43871e-22	1.89303e-09	0
312	5e+24	2.4e+12	2.4e+12	0	-6.17377e-15	-6.18669e-15	0	-9.72616e-23	-1.15534e-22	0
313	5e+24	2.4e+12	2.6e+12	0	-7.75457e-15	-0.132511	0	-1.41855e-22	-1.89303e-09	0
314	5e+24	2.4e+12	2.79999e+12	0	-5.99325e-15	-0.267811	0	-1.30775e-22	-3.82589e-09	0
315	5e+24	2.4e+12	2.99999e+12	0	-4.54407e-15	-0.408888	0	-8.9762e-23	-5.8413e-09	0
316	5e+24	2.4e+12	3.19998e+12	0	-4.80881e-15	-0.559173	0	-9.59594e-23	-7.98824e-09	0
317	5e+24	2.4e+12	3.39997e+12	0	-1.85694e-15	-0.722869	0	-4.38212e-23	-1.03268e-08	0
318	5e+24	2.4e+12	3.59997e+12	0	8.76287e-16	-0.905488	0	-6.62391e-24	-1.29357e-08	0
319	5e+24	2.4e+12	3.79996e+12	0	4.89817e-16	-1.11479	0	1.28148e-23	-1.59258e-08	0
320	5e+24	2.4e+12	3.99995e+12	0	-5.59156e-16	-1.36266	0	-3.08448e-23	-1.94668e-08	0
321	5e+24	2.4e+12	4.19994e+12	0	1.27492e-16	-1.66923	0	-2.45698e-23	-2.38465e-08	0
322	5e+24	2.4e+12	4.39993e+12	0	8.32481e-16	-2.07406	0	-1.77973e-23	-2.96299e-08	0
323	5e+24	2.4e+12	4.59991e+12	0	-6.75012e-16	-2.675	0	-3.53232e-23	-3.82154e-08	0
324	5e+24	2.4e+12	4.79986e+12	0	-2.43823e-15	-3.87644	0	-7.55578e-23	-5.53838e-08	0
325	5e+24	2.6e+12	1.35553e+08	0	-0.0871446	3.87305	0	-1.24493e-09	5.53354e-08	0
326	5e+24	2.6e+12	2.00094e+11	0	-0.093847	2.67172	0	-1.34068e-09	3.81686e-08	0
327	5e+24	2.6e+12	4.00072e+11	0	-0.100262	2.07095	0	-1.43233e-09	2.95855e-08	0
328	5e+24	2.6e+12	6.00058e+11	0	-0.106262	1.66636	0	-1.51803e-09	2.38055e-08	0
329	5e+24	2.6e+12	8.00048e+11	0	-0.111742	1.36007	0	-1.59633e-09	1.94297e-08	0
330	5e+24	2.6e+12	1.00004e+12	0	-0.11663	1.11251	0	-1.66615e-09	1.58932e-08	0
331	5e+24	2.6e+12	1.20003e+12	0	-0.120879	0.903532	0	-1.72685e-09	1.29077e-08	0
332	5e+24	2.6e+12	1.40003e+12	0	-0.124465	0.721245	0	-1.77808e-09	1.03036e-08	0
333	5e+24	2.6e+12	1.60002e+12	0	-0.127384	0.557882	0	-1.81978e-09	7.9698e-09	0
334	5e+24	2.6e+12	1.80001e+12	0	-0.129638	0.407927	0	-1.85198e-09	5.82756e-09	0
335	5e+24	2.6e+12	2.00001e+12	0	-0.131238	0.267173	0	-1.87484e-09	3.81678e-09	0
336	5e+24	2.6e+12	2.2e+12	0	-0.132193	0.132193	0	-1.88849e-09	1.88849e-09	0
337	5e+24	2.6e+12	2.4e+12	0	-0.132511	-7.7451e-15	0	-1.89303e-09	-1.51086e-22	0
338	5e+24	2.6e+12	2.6e+12	0	-0.132193	-0.132193	0	-1.88849e-09	-1.88849e-09	0
339	5e+24	2.6e+12	2.79999e+12	0	-0.131238	-0.267173	0	-1.87484e-09	-3.81678e-09	0
340	5e+24	2.6e+12	2.99999e+12	0	-0.129638	-0.407927	0	-1.85198e-09	-5.82756e-09	0
341	5e+24	2.6e+12	3.19998e+12	0	-0.127384	-0.557882	0	-1.81978e-09	-7.9698e-09	0
342	5e+24	2.6e+12	3.39997e+12	0	-0.124465	-0.721245	0	-1.77808e-09	-1.03036e-08	0
343	5e+24	2.6e+12	3.59997e+12	0	-0.120879	-0.903532	0	-1.72685e-09	-1.29077e-08	0
344	5e+24	2.6e+12	3.79996e+12	0	-0.11663	-1.11251	0	-1.66615e-09	-1.58932e-08	0
345	5e+24	2.6e+12	3.99995e+12	0	-0.111742	-1.36007	0	-1.59633e-09	-1.94297e-08	0
346	5e+24	2.6e+12	4.19994e+12	0	-0.106262	-1.66636	0	-1.51803e-09	-2.38055e-08	0
347	5e+24	2.6e+12	4.39993e+12	0	-0.100262	-2.07095	0	-1.43233e-09	-2.95855e-08	0
348	5e+24	2.6e+12	4.59991e+12	0	-0.093847	-2.67172	0	-1.34068e-09	-3.81686e-08	0
349	5e+24	2.6e+12	4.79986e+12	0	-0.0871446	-3.87305	0	-1.24493e-09	-5.53354e-08	0
350	5e+24	2.79999e+12	1.35192e+08	0	-0.175699	3.86274	0	-2.51002e-09	5.51882e-08	0
351	5e+24	2.79999e+12	2.00093e+11	0	-0.189395	2.66175	0	-2.70566e-09	3.8026e-08	0
352	5e+24	2.79999e+12	4.00072e+11	0	-0.202491	2.06152	0	-2.89275e-09	2.94508e-08	0
353	5e+24	2.79999e+12	6.00058e+11	0	-0.214717	1.65765	0	-3.06741e-09	2.36811e-08	0
354	5e+24	2.79999e+12	8.00047e+11	0	-0.225862	1.35222	0	-3.22661e-09	1.93176e-08	0
355	5e+24	2.79999e+12	1.00004e+12	0	-0.235777	1.10561	0	-3.36826e-09	1.57945e-08	0
356	5e+24	2.79999e+12	1.20003e+12	0	-0.244376	0.89762	0	-3.49111e-09	1.28233e-08	0
357	5e+24	2.79999e+12	1.40003e+12	0	-0.251619	0.716345	0	-3.59458e-09	1.02336e-08	0
358	5e+24	2.79999e+12	1.60002e+12	0	-0.257501	0.553991	0	-3.67861e-09	7.91421e-09	0
359	5e+24	2.79999e+12	1.80001e+12	0	-0.262038	0.40503	0	-3.74343e-09	5.78618e-09	0
360	5e+24	2.79999e+12	2.00001e+12	0	-0.265255	0.265255	0	-3.78938e-09	3.78938e-09	0
361	5e+24	2.79999e+12	2.2e+12	0	-0.267173	0.131238	0	-3.81678e-09	1.87484e-09	0
362	5e+24	2.79999e+12	2.4e+12	0	-0.267811	-5.96556e-15	0	-3.82589e-09	-1.12287e-22	0
363	5e+24	2.79999e+12	2.6e+12	0	-0.267173	-0.131238	0	-3.81678e-09	-1.87484e-09	0
364	5e+24	2.79999e+12	2.79999e+12	0	-0.265255	-0.265255	0	-3.78938e-09	-3.78938e-09	0
365	5e+24	2.79999e+12	2.99999e+12	0	-0.262038	-0.40503	0	-3.74343e-09	-5.78618e-09	0
366	5e+24	2.79999e+12	3.19998e+12	0	-0.257501	-0.553991	0	-3.67861e-09	-7.91421e-09	0
367	5e+24	2.79999e+12	3.39997e+12	0	-0.251619	-0.716345	0	-3.59458e-09	-1.02336e-08	0
368	5e+24	2.79999e+12	3.59997e+12	0	-0.244376	-0.89762	0	-3.49111e-09	-1.28233e-08	0
369	5e+24	2.79999e+12	3.79996e+12	0	-0.235777	-1.10561	0	-3.36826e-09	-1.57945e-08	0
370	5e+24	2.79999e+12	3.99995e+12	0	-0.225862	-1.35222	0	-3.22661e-09	-1.93176e-08	0
371	5e+24	2.79999e+12	4.19994e+12	0	-0.214717	-1.65765	0	-3.06741e-09	-2.36811e-08	0
372	5e+24	2.79999e+12	4.39993e+12	0	-0.202491	-2.06152	0	-2.89275e-09	-2.94508e-08	0
373	5e+24	2.79999e+12	4.59991e+12	0	-0.189395	-2.66175	0	-2.70566e-09	-3.8026e-08	0
374	5e+24	2.79999e+12	4.79986e+12	0	-0.175699	-3.86274	0	-2.51002e-09	-5.51882e-08	0
375	5e+24	2.99999e+12	1.34573e+08	0	-0.267191	3.84505	0	-3.81706e-09	5.49354e-08	0
376	5e+24	2.99999e+12	2.00093e+11	0	-0.2885	2.64464	0	-4.12145e-09	3.77816e-08	0
377	5e+24	2.99999e+12	4.00072e+11	0	-0.308837	2.04538	0	-4.41197e-09	2.92202e-08	0
378	5e+24	2.99999e+12	6.00057e+11	0	-0.327764	1.64279	0	-4.68236e-09	2.34687e-08	0
379	5e+24	2.99999e+12	8.00047e+11	0	-0.34495	1.33886	0	-4.92788e-09	1.91268e-08	0
380	5e+24	2.99999e+12	1.00004e+12	0	-0.360178	1.0939	0	-5.14542e-09	1.56272e-08	0
381	5e+24	2.99999e+12	1.20003e+12	0	-0.373328	0.887628	0	-5.33329e-09	1.26805e-08	0
382	5e+24	2.99999e+12	1.40002e+12	0	-0.384364	0.708086	0	-5.49094e-09	1.01156e-08	0
383	5e+24	2.99999e+12	1.60002e+12	0	-0.393297	0.547447	0	-5.61856e-09	7.82073e-09	0
384	5e+24	2.99999e+12	1.80001e+12	0	-0.400169	0.400169	0	-5.71673e-09	5.71673e-09	0
385	5e+24	2.99999e+12	2.00001e+12	0	-0.40503	0.262038	0	-5.78618e-09	3.74343e-09	0
386	5e+24	2.99999e+12	2.2e+12	0	-0.407927	0.129638	0	-5.82756e-09	1.85198e-09	0
387	5e+24	2.99999e+12	2.4e+12	0	-0.408888	-4.53631e-15	0	-5.8413e-09	-8.14579e-23	0
388	5e+24	2.99999e+12	2.6e+12	0	-0.407927	-0.129638	0	-5.82756e-09	-1.85198e-09	0
389	5e+24	2.99999e+12	2.79999e+12	0	-0.40503	-0.262038	0	-5.78618e-09	-3.74343e-09	0
390	5e+24	2.99999e+12	2.99999e+12	0	-0.400169	-0.400169	0	-5.71673e-09	-5.71673e-09	0
391	5e+24	2.99999e+12	3.19998e+12	0	-0.393297	-0.547447	0	-5.61856e-09	-7.82073e-09	0
392	5e+24	2.99999e+12	3.39998e+12	0	-0.384364	-0.708086	0	-5.49094e-09	-1.01156e-08	0
393	5e+24	2.99999e+12	3.59997e+12	0	-0.373328	-0.887628	0	-5.33329e-09	-1.26805e-08	0
394	5e+24	2.99999e+12	3.79996e+12	0	-0.360178	-1.0939	0	-5.14542e-09	-1.56272e-08	0
395	5e+24	2.99999e+12	3.99995e+12	0	-0.34495	-1.33886	0	-4.92788e-09	-1.91268e-08	0
396	5e+24	2.99999e+12	4.19994e+12	0	-0.327764	-1.64279	0	-4.68236e-09	-2.34687e-08	0
397	5e+24	2.99999e+12	4.39993e+12	0	-0.308837	-2.04538	0	-4.41197e-09	-2.92202e-08	0
398	5e+24	2.99999e+12	4.59991e+12	0	-0.2885	-2.64464	0	-4.12145e-09	-3.77816e-08	0
399	5e+24	2.99999e+12	4.79987e+12	0	-0.267191	-3.84505	0	-3.81706e-09	-5.49354e-08	0
400	5e+24	3.19999e+12	1.33666e+08	0	-0.363407	3.81913	0	-5.19158e-09	5.45652e-08	0
401	5e+24	3.19999e+12	2.00092e+11	0	-0.39336	2.61961	0	-5.61946e-09	3.74241e-08	0
402	5e+24	3.19999e+12	4.00071e+11	0	-0.421858	2.02184	0	-6.02658e-09	2.8884e-08	0
403	5e+24	3.19998e+12	6.00057e+11	0	-0.448252	1.62122	0	-6.40363e-09	2.31606e-08	0
404	5e+24	3.19998e+12	8.00046e+11	0	-0.472074	1.31958	0	-6.74395e-09	1.88513e-08	0
405	5e+24	3.19998e+12	1.00004e+12	0	-0.493047	1.07708	0	-7.04356e-09	1.5387e-08	0
406	5e+24	3.19998e+12	1.20003e+12	0	-0.511048	0.873351	0	-7.30073e-09	1.24765e-08	0
407	5e+24	3.19998e+12	1.40002e+12	0	-0.52607	0.696337	0	-7.51533e-09	9.94774e-09	0
408	5e+24	3.19998e+12	1.60002e+12	0	-0.538172	0.538172	0	-7.68822e-09	7.68822e-09	0
409	5e+24	3.19998e+12	1.80001e+12	0	-0.547447	0.393297	0	-7.82073e-09	5.61856e-09	0
410	5e+24	3.19998e+12	2.00001e+12	0	-0.553991	0.257501	0	-7.91421e-09	3.67861e-09	0
411	5e+24	3.19998e+12	2.2e+12	0	-0.557882	0.127384	0	-7.9698e-09	1.81978e-09	0
412	5e+24	3.19998e+12	2.4e+12	0	-0.559173	-4.83482e-15	0	-7.98824e-09	-9.85637e-23	0
413	5e+24	3.19998e+12	2.6e+12	0	-0.557882	-0.127384	0	-7.9698e-09	-1.81978e-09	0
414	5e+24	3.19998e+12	2.79999e+12	0	-0.553991	-0.257501	0	-7.91421e-09	-3.67861e-09	0
415	5e+24	3.19998e+12	2.99999e+12	0	-0.547447	-0.393297	0	-7.82073e-09	-5.61856e-09	0
416	5e+24	3.19998e+12	3.19998e+12	0	-0.538172	-0.538172	0	-7.68822e-09	-7.68822e-09	0
417	5e+24	3.19998e+12	3.39998e+12	0	-0.52607	-0.696337	0	-7.51533e-09	-9.94774e-09	0
418	5e+24	3.19998e+12	3.59997e+12	0	-0.511048	-0.873351	0	-7.30073e-09	-1.24765e-08	0
419	5e+24	3.19998e+12	3.79996e+12	0	-0.493047	-1.07708	0	-7.04356e-09	-1.5387e-08	0
420	5e+24	3.19998e+12	3.99995e+12	0	-0.472074	-1.31958	0	-6.74395e-09	-1.88513e-08	0
421	5e+24	3.19998e+12	4.19994e+12	0	-0.448252	-1.62122	0	-6.40363e-09	-2.31606e-08	0
422	5e+24	3.19999e+12	4.39993e+12	0	-0.421858	-2.02184	0	-6.02658e-09	-2.8884e-08	0
423	5e+24	3.19999e+12	4.59991e+12	0	-0.39336	-2.61961	0	-5.61946e-09	-3.74241e-08	0
424	5e+24	3.19999e+12	4.79987e+12	0	-0.363407	-3.81913	0	-5.19158e-09	-5.45652e-08	0
425	5e+24	3.39998e+12	1.32424e+08	0	-0.466598	3.78365	0	-6.66575e-09	5.40583e-08	0
426	5e+24	3.39998e+12	2.0009e+11	0	-0.506797	2.58544	0	-7.24e-09	3.69359e-08	0
427	5e+24	3.39998e+12	4.0007e+11	0	-0.544859	1.98987	0	-7.78374e-09	2.84273e-08	0
428	5e+24	3.39998e+12	6.00056e+11	0	-0.579846	1.59212	0	-8.28356e-09	2.27449e-08	0
429	5e+24	3.39998e+12	8.00045e+11	0	-0.611147	1.29376	0	-8.73072e-09	1.84825e-08	0
430	5e+24	3.39998e+12	1.00004e+12	0	-0.638451	1.05475	0	-9.12079e-09	1.50679e-08	0
431	5e+24	3.39998e+12	1.20003e+12	0	-0.661687	0.854516	0	-9.45273e-09	1.22075e-08	0
432	5e+24	3.39998e+12	1.40002e+12	0	-0.68093	0.68093	0	-9.72764e-09	9.72764e-09	0
433	5e+24	3.39998e+12	1.60002e+12	0	-0.696337	0.52607	0	-9.94774e-09	7.51533e-09	0
434	5e+24	3.39998e+12	1.80001e+12	0	-0.708086	0.384364	0	-1.01156e-08	5.49094e-09	0
435	5e+24	3.39997e+12	2.00001e+12	0	-0.716345	0.251619	0	-1.02336e-08	3.59458e-09	0
436	5e+24	3.39997e+12	2.2e+12	0	-0.721245	0.124465	0	-1.03036e-08	1.77808e-09	0
437	5e+24	3.39997e+12	2.4e+12	0	-0.722869	-1.84343e-15	0	-1.03268e-08	-2.82857e-23	0
438	5e+24	3.39997e+12	2.6e+12	0	-0.721245	-0.124465	0	-1.03036e-08	-1.77808e-09	0
439	5e+24	3.39997e+12	2.79999e+12	0	-0.716345	-0.251619	0	-1.02336e-08	-3.59458e-09	0
440	5e+24	3.39998e+12	2.99999e+12	0	-0.708086	-0.384364	0	-1.01156e-08	-5.49094e-09	0
441	5e+24	3.39998e+12	3.19998e+12	0	-0.696337	-0.52607	0	-9.94774e-09	-7.51533e-09	0
442	5e+24	3.39998e+12	3.39998e+12	0	-0.68093	-0.68093	0	-9.72764e-09	-9.72764e-09	0
443	5e+24	3.39998e+12	3.59997e+12	0	-0.661687	-0.854516	0	-9.45273e-09	-1.22075e-08	0
444	5e+24	3.39998e+12	3.79996e+12	0	-0.638451	-1.05475	0	-9.12079e-09	-1.50679e-08	0
445	5e+24	3.39998e+12	3.99995e+12	0	-0.611147	-1.29376	0	-8.73072e-09	-1.84825e-08	0
446	5e+24	3.39998e+12	4.19994e+12	0	-0.579846	-1.59212	0	-8.28356e-09	-2.27449e-08	0
447	5e+24	3.39998e+12	4.39993e+12	0	-0.544859	-1.98987	0	-7.78374e-09	-2.84273e-08	0
448	5e+24	3.39998e+12	4.59991e+12	0	-0.506797	-2.58544	0	-7.24e-09	-3.69359e-08	0
449	5e+24	3.39998e+12	4.79987e+12	0	-0.466598	-3.78365	0	-6.66575e-09	-5.40583e-08	0
450	5e+24	3.59998e+12	1.30774e+08	0	-0.579823	3.73651	0	-8.28327e-09	5.33849e-08	0
451	5e+24	3.59998e+12	2.00089e+11	0	-0.632727	2.54023	0	-9.03902e-09	3.629e-08	0
452	5e+24	3.59998e+12	4.00068e+11	0	-0.682437	1.94792	0	-9.74916e-09	2.78279e-08	0
453	5e+24	3.59997e+12	6.00054e+11	0	-0.727619	1.55433	0	-1.03946e-08	2.22051e-08	0
454	5e+24	3.59997e+12	8.00044e+11	0	-0.767523	1.26061	0	-1.09647e-08	1.80089e-08	0
455	5e+24	3.59997e+12	1.00004e+12	0	-0.801893	1.02636	0	-1.14557e-08	1.46624e-08	0
456	5e+24	3.59997e+12	1.20003e+12	0	-0.830805	0.830805	0	-1.18687e-08	1.18687e-08	0
457	5e+24	3.59997e+12	1.40002e+12	0	-0.854516	0.661687	0	-1.22075e-08	9.45273e-09	0
458	5e+24	3.59997e+12	1.60002e+12	0	-0.873351	0.511048	0	-1.24765e-08	7.30073e-09	0
459	5e+24	3.59997e+12	1.80001e+12	0	-0.887628	0.373328	0	-1.26805e-08	5.33329e-09	0
460	5e+24	3.59997e+12	2.00001e+12	0	-0.89762	0.244376	0	-1.28233e-08	3.49111e-09	0
461	5e+24	3.59997e+12	2.2e+12	0	-0.903532	0.120879	0	-1.29077e-08	1.72685e-09	0
462	5e+24	3.59997e+12	2.4e+12	0	-0.905488	9.0887e-16	0	-1.29357e-08	1.75e-23	0
463	5e+24	3.59997e+12	2.6e+12	0	-0.903532	-0.120879	0	-1.29077e-08	-1.72685e-09	0
464	5e+24	3.59997e+12	2.79999e+12	0	-0.89762	-0.244376	0	-1.28233e-08	-3.49111e-09	0
465	5e+24	3.59997e+12	2.99999e+12	0	-0.887628	-0.373328	0	-1.26805e-08	-5.33329e-09	0
466	5e+24	3.59997e+12	3.19998e+12	0	-0.873351	-0.511048	0	-1.24765e-08	-7.30073e-09	0
467	5e+24	3.59997e+12	3.39998e+12	0	-0.854516	-0.661687	0	-1.22075e-08	-9.45273e-09	0
468	5e+24	3.59997e+12	3.59997e+12	0	-0.830805	-0.830805	0	-1.18687e-08	-1.18687e-08	0
469	5e+24	3.59997e+12	3.79996e+12	0	-0.801893	-1.02636	0	-1.14557e-08	-1.46624e-08	0
470	5e+24	3.59997e+12	3.99996e+12	0	-0.767523	-1.26061	0	-1.09647e-08	-1.80089e-08	0
471	5e+24	3.59997e+12	4.19995e+12	0	-0.727619	-1.55433	0	-1.03946e-08	-2.22051e-08	0
472	5e+24	3.59998e+12	4.39993e+12	0	-0.682437	-1.94792	0	-9.74916e-09	-2.78279e-08	0
473	5e+24	3.59998e+12	4.59991e+12	0	-0.632727	-2.54023	0	-9.03902e-09	-3.629e-08	0
474	5e+24	3.59998e+12	4.79987e+12	0	-0.579823	-3.73651	0	-8.28327e-09	-5.33849e-08	0
475	5e+24	3.79998e+12	1.28602e+08	0	-0.707571	3.67445	0	-1.01083e-08	5.24983e-08	0
476	5e+24	3.79997e+12	2.00087e+11	0	-0.777036	2.48111	0	-1.11006e-08	3.54455e-08	0
477	5e+24	3.79997e+12	4.00066e+11	0	-0.841509	1.89375	0	-1.20216e-08	2.70541e-08	0
478	5e+24	3.79997e+12	6.00053e+11	0	-0.89911	1.50628	0	-1.28445e-08	2.15186e-08	0
479	5e+24	3.79997e+12	8.00043e+11	0	-0.949049	1.2191	0	-1.3558e-08	1.7416e-08	0
480	5e+24	3.79997e+12	1.00003e+12	0	-0.991323	0.991323	0	-1.41619e-08	1.41619e-08	0
481	5e+24	3.79996e+12	1.20003e+12	0	-1.02636	0.801893	0	-1.46624e-08	1.14557e-08	0
482	5e+24	3.79996e+12	1.40002e+12	0	-1.05475	0.638451	0	-1.50679e-08	9.12079e-09	0
483	5e+24	3.79996e+12	1.60002e+12	0	-1.07708	0.493047	0	-1.5387e-08	7.04356e-09	0
484	5e+24	3.79996e+12	1.80001e+12	0	-1.0939	0.360178	0	-1.56272e-08	5.14542e-09	0
485	5e+24	3.79996e+12	2.00001e+12	0	-1.10561	0.235777	0	-1.57945e-08	3.36826e-09	0
486	5e+24	3.79996e+12	2.2e+12	0	-1.11251	0.11663	0	-1.58932e-08	1.66615e-09	0
487	5e+24	3.79996e+12	2.4e+12	0	-1.11479	4.7407e-16	0	-1.59258e-08	-3.09546e-24	0
488	5e+24	3.79996e+12	2.6e+12	0	-1.11251	-0.11663	0	-1.58932e-08	-1.66615e-09	0
489	5e+24	3.79996e+12	2.79999e+12	0	-1.10561	-0.235777	0	-1.57945e-08	-3.36826e-09	0
490	5e+24	3.79996e+12	2.99999e+12	0	-1.0939	-0.360178	0	-1.56272e-08	-5.14542e-09	0
491	5e+24	3.79996e+12	3.19998e+12	0	-1.07708	-0.493047	0	-1.5387e-08	-7.04356e-09	0
492	5e+24	3.79996e+12	3.39998e+12	0	-1.05475	-0.638451	0	-1.50679e-08	-9.12079e-09	0
493	5e+24	3.79996e+12	3.59997e+12	0	-1.02636	-0.801893	0	-1.46624e-08	-1.14557e-08	0
494	5e+24	3.79997e+12	3.79997e+12	0	-0.991323	-0.991323	0	-1.41619e-08	-1.41619e-08	0
495	5e+24	3.79997e+12	3.99996e+12	0	-0.949049	-1.2191	0	-1.3558e-08	-1.7416e-08	0
496	5e+24	3.79997e+12	4.19995e+12	0	-0.89911	-1.50628	0	-1.28445e-08	-2.15186e-08	0
497	5e+24	3.79997e+12	4.39993e+12	0	-0.841509	-1.89375	0	-1.20216e-08	-2.70541e-08	0
498	5e+24	3.79997e+12	4.59991e+12	0	-0.777036	-2.48111	0	-1.11006e-08	-3.54455e-08	0
499	5e+24	3.79998e+12	4.79987e+12	0	-0.707571	-3.67445	0	-1.01083e-08	-5.24983e-08	0
500	5e+24	3.99997e+12	1.25721e+08	0	-0.857041	3.59212	0	-1.22436e-08	5.13223e-08	0
501	5e+24	3.99997e+12	2.00084e+11	0	-0.949404	2.40361	0	-1.3563e-08	3.43384e-08	0
502	5e+24	3.99996e+12	4.00064e+11	0	-1.03338	1.82414	0	-1.47626e-08	2.60596e-08	0
503	5e+24	3.99996e+12	6.00051e+11	0	-1.10642	1.44593	0	-1.58061e-08	2.06563e-08	0
504	5e+24	3.99996e+12	8.00041e+11	0	-1.16809	1.16809	0	-1.66871e-08	1.66871e-08	0
505	5e+24	3.99996e+12	1.00003e+12	0	-1.2191	0.949049	0	-1.7416e-08	1.3558e-08	0
506	5e+24	3.99996e+12	1.20003e+12	0	-1.26061	0.767523	0	-1.80089e-08	1.09647e-08	0
507	5e+24	3.99995e+12	1.40002e+12	0	-1.29376	0.611147	0	-1.84825e-08	8.73072e-09	0
508	5e+24	3.99995e+12	1.60002e+12	0	-1.31958	0.472074	0	-1.88513e-08	6.74395e-09	0
509	5e+24	3.99995e+12	1.80001e+12	0	-1.33886	0.34495	0	-1.91268e-08	4.92788e-09	0
510	5e+24	3.99995e+12	2.00001e+12	0	-1.35222	0.225862	0	-1.93176e-08	3.22661e-09	0
511	5e+24	3.99995e+12	2.2e+12	0	-1.36007	0.111742	0	-1.94297e-08	1.59633e-09	0
512	5e+24	3.99995e+12	2.4e+12	0	-1.36266	-5.72457e-16	0	-1.94668e-08	-1.85082e-23	0
513	5e+24	3.99995e+12	2.6e+12	0	-1.36007	-0.111742	0	-1.94297e-08	-1.59633e-09	0
514	5e+24	3.99995e+12	2.79999e+12	0	-1.35222	-0.225862	0	-1.93176e-08	-3.22661e-09	0
515	5e+24	3.99995e+12	2.99999e+12	0	-1.33886	-0.34495	0	-1.91268e-08	-4.92788e-09	0
516	5e+24	3.99995e+12	3.19998e+12	0	-1.31958	-0.472074	0	-1.88513e-08	-6.74395e-09	0
517	5e+24	3.99995e+12	3.39998e+12	0	-1.29376	-0.611147	0	-1.84825e-08	-8.73072e-09	0
518	5e+24	3.99996e+12	3.59997e+12	0	-1.26061	-0.767523	0	-1.80089e-08	-1.09647e-08	0
519	5e+24	3.99996e+12	3.79997e+12	0	-1.2191	-0.949049	0	-1.7416e-08	-1.3558e-08	0
520	5e+24	3.99996e+12	3.99996e+12	0	-1.16809	-1.16809	0	-1.66871e-08	-1.66871e-08	0
521	5e+24	3.99996e+12	4.19995e+12	0	-1.10642	-1.44593	0	-1.58061e-08	-2.06563e-08	0
522	5e+24	3.99996e+12	4.39994e+12	0	-1.03338	-1.82414	0	-1.47626e-08	-2.60596e-08	0
523	5e+24	3.99997e+12	4.59992e+12	0	-0.949404	-2.40361	0	-1.3563e-08	-3.43384e-08	0
524	5e+24	3.99997e+12	4.79987e+12	0	-0.857041	-3.59212	0	-1.22436e-08	-5.13223e-08	0
525	5e+24	4.19996e+12	1.21801e+08	0	-1.04116	3.48012	0	-1.48739e-08	4.97223e-08	0
526	5e+24	4.19996e+12	2.00081e+11	0	-1.16763	2.30042	0	-1.66806e-08	3.28642e-08	0
527	5e+24	4.19996e+12	4.00061e+11	0	-1.27843	1.73449	0	-1.82635e-08	2.47789e-08	0
528	5e+24	4.19995e+12	6.00048e+11	0	-1.3708	1.3708	0	-1.95831e-08	1.95831e-08	0
529	5e+24	4.19995e+12	8.00039e+11	0	-1.44593	1.10642	0	-2.06563e-08	1.58061e-08	0
530	5e+24	4.19995e+12	1.00003e+12	0	-1.50628	0.89911	0	-2.15186e-08	1.28445e-08	0
531	5e+24	4.19995e+12	1.20003e+12	0	-1.55433	0.727619	0	-2.22051e-08	1.03946e-08	0
532	5e+24	4.19994e+12	1.40002e+12	0	-1.59212	0.579846	0	-2.27449e-08	8.28356e-09	0
533	5e+24	4.19994e+12	1.60002e+12	0	-1.62122	0.448252	0	-2.31606e-08	6.40363e-09	0
534	5e+24	4.19994e+12	1.80001e+12	0	-1.64279	0.327764	0	-2.34687e-08	4.68236e-09	0
535	5e+24	4.19994e+12	2.00001e+12	0	-1.65765	0.214717	0	-2.36811e-08	3.06741e-09	0
536	5e+24	4.19994e+12	2.2e+12	0	-1.66636	0.106262	0	-2.38055e-08	1.51803e-09	0
537	5e+24	4.19994e+12	2.4e+12	0	-1.66923	1.15002e-16	0	-2.38465e-08	-1.58521e-23	0
538	5e+24	4.19994e+12	2.6e+12	0	-1.66636	-0.106262	0	-2.38055e-08	-1.51803e-09	0
539	5e+24	4.19994e+12	2.79999e+12	0	-1.65765	-0.214717	0	-2.36811e-08	-3.06741e-09	0
540	5e+24	4.19994e+12	2.99999e+12	0	-1.64279	-0.327764	0	-2.34687e-08	-4.68236e-09	0
541	5e+24	4.19994e+12	3.19998e+12	0	-1.62122	-0.448252	0	-2.31606e-08	-6.40363e-09	0
542	5e+24	4.19994e+12	3.39998e+12	0	-1.59212	-0.579846	0	-2.27449e-08	-8.28356e-09	0
543	5e+24	4.19995e+12	3.59997e+12	0	-1.55433	-0.727619	0	-2.22051e-08	-1.03946e-08	0
544	5e+24	4.19995e+12	3.79997e+12	0	-1.50628	-0.89911	0	-2.15186e-08	-1.28445e-08	0
545	5e+24	4.19995e+12	3.99996e+12	0	-1.44593	-1.10642	0	-2.06563e-08	-1.58061e-08	0
546	5e+24	4.19995e+12	4.19995e+12	0	-1.3708	-1.3708	0	-1.95831e-08	-1.95831e-08	0
547	5e+24	4.19996e+12	4.39994e+12	0	-1.27843	-1.73449	0	-1.82635e-08	-2.47789e-08	0
548	5e+24	4.19996e+12	4.59992e+12	0	-1.16763	-2.30042	0	-1.66806e-08	-3.28642e-08	0
549	5e+24	4.19996e+12	4.79988e+12	0	-1.04116	-3.48012	0	-1.48739e-08	-4.97223e-08	0
550	5e+24	4.39995e+12	1.16188e+08	0	-1.28718	3.31976	0	-1.83886e-08	4.74313e-08	0
551	5e+24	4.39995e+12	2.00076e+11	0	-1.46976	2.15905	0	-2.09968e-08	3.08445e-08	0
552	5e+24	4.39994e+12	4.00057e+11	0	-1.61859	1.61859	0	-2.31231e-08	2.31231e-08	0
553	5e+24	4.39994e+12	6.00045e+11	0	-1.73449	1.27843	0	-2.47789e-08	1.82635e-08	0
554	5e+24	4.39994e+12	8.00036e+11	0	-1.82414	1.03338	0	-2.60596e-08	1.47626e-08	0
555	5e+24	4.39993e+12	1.00003e+12	0	-1.89375	0.841509	0	-2.70541e-08	1.20216e-08	0
556	5e+24	4.39993e+12	1.20002e+12	0	-1.94792	0.682437	0	-2.78279e-08	9.74916e-09	0
557	5e+24	4.39993e+12	1.40002e+12	0	-1.98987	0.544859	0	-2.84273e-08	7.78374e-09	0
558	5e+24	4.39993e+12	1.60001e+12	0	-2.02184	0.421858	0	-2.8884e-08	6.02658e-09	0
559	5e+24	4.39993e+12	1.80001e+12	0	-2.04538	0.308837	0	-2.92202e-08	4.41197e-09	0
560	5e+24	4.39993e+12	2.00001e+12	0	-2.06152	0.202491	0	-2.94508e-08	2.89275e-09	0
561	5e+24	4.39993e+12	2.2e+12	0	-2.07095	0.100262	0	-2.95855e-08	1.43233e-09	0
562	5e+24	4.39993e+12	2.4e+12	0	-2.07406	8.17916e-16	0	-2.96299e-08	-1.15224e-23	0
563	5e+24	4.39993e+12	2.6e+12	0	-2.07095	-0.100262	0	-2.95855e-08	-1.43233e-09	0
564	5e+24	4.39993e+12	2.79999e+12	0	-2.06152	-0.202491	0	-2.94508e-08	-2.89275e-09	0
565	5e+24	4.39993e+12	2.99999e+12	0	-2.04538	-0.308837	0	-2.92202e-08	-4.41197e-09	0
566	5e+24	4.39993e+12	3.19999e+12	0	-2.02184	-0.421858	0	-2.8884e-08	-6.02658e-09	0
567	5e+24	4.39993e+12	3.39998e+12	0	-1.98987	-0.544859	0	-2.84273e-08	-7.78374e-09	0
568	5e+24	4.39993e+12	3.59998e+12	0	-1.94792	-0.682437	0	-2.78279e-08	-9.74916e-09	0
569	5e+24	4.39993e+12	3.79997e+12	0	-1.89375	-0.841509	0	-2.70541e-08	-1.20216e-08	0
570	5e+24	4.39994e+12	3.99996e+12	0	-1.82414	-1.03338	0	-2.60596e-08	-1.47626e-08	0
571	5e+24	4.39994e+12	4.19996e+12	0	-1.73449	-1.27843	0	-2.47789e-08	-1.82635e-08	0
572	5e+24	4.39994e+12	4.39994e+12	0	-1.61859	-1.61859	0	-2.31231e-08	-2.31231e-08	0
573	5e+24	4.39995e+12	4.59992e+12	0	-1.46976	-2.15905	0	-2.09968e-08	-3.08445e-08	0
574	5e+24	4.39995e+12	4.79988e+12	0	-1.28718	-3.31976	0	-1.83886e-08	-4.74313e-08	0
575	5e+24	4.59994e+12	1.07302e+08	0	-1.67028	3.06588	0	-2.38619e-08	4.38043e-08	0
576	5e+24	4.59993e+12	2.00069e+11	0	-1.95799	1.95799	0	-2.7972e-08	2.7972e-08	0
577	5e+24	4.59992e+12	4.00051e+11	0	-2.15905	1.46976	0	-3.08445e-08	2.09968e-08	0
578	5e+24	4.59992e+12	6.00041e+11	0	-2.30042	1.16763	0	-3.28642e-08	1.66806e-08	0
579	5e+24	4.59992e+12	8.00033e+11	0	-2.40361	0.949404	0	-3.43384e-08	1.3563e-08	0
580	5e+24	4.59991e+12	1.00003e+12	0	-2.48111	0.777036	0	-3.54455e-08	1.11006e-08	0
581	5e+24	4.59991e+12	1.20002e+12	0	-2.54023	0.632727	0	-3.629e-08	9.03902e-09	0
582	5e+24	4.59991e+12	1.40002e+12	0	-2.58544	0.506797	0	-3.69359e-08	7.24e-09	0
583	5e+24	4.59991e+12	1.60001e+12	0	-2.61961	0.39336	0	-3.74241e-08	5.61946e-09	0
584	5e+24	4.59991e+12	1.80001e+12	0	-2.64464	0.2885	0	-3.77816e-08	4.12145e-09	0
585	5e+24	4.59991e+12	2.00001e+12	0	-2.66175	0.189395	0	-3.8026e-08	2.70566e-09	0
586	5e+24	4.59991e+12	2.2e+12	0	-2.67172	0.093847	0	-3.81686e-08	1.34068e-09	0
587	5e+24	4.59991e+12	2.4e+12	0	-2.675	-6.6023e-16	0	-3.82154e-08	-3.20274e-23	0
588	5e+24	4.59991e+12	2.6e+12	0	-2.67172	-0.093847	0	-3.81686e-08	-1.34068e-09	0
589	5e+24	4.59991e+12	2.79999e+12	0	-2.66175	-0.189395	0	-3.8026e-08	-2.70566e-09	0
590	5e+24	4.59991e+12	2.99999e+12	0	-2.64464	-0.2885	0	-3.77816e-08	-4.12145e-09	0
591	5e+24	4.59991e+12	3.19999e+12	0	-2.61961	-0.39336	0	-3.74241e-08	-5.61946e-09	0
592	5e+24	4.59991e+12	3.39998e+12	0	-2.58544	-0.506797	0	-3.69359e-08	-7.24e-09	0
593	5e+24	4.59991e+12	3.59998e+12	0	-2.54023	-0.632727	0	-3.629e-08	-9.03902e-09	0
594	5e+24	4.59991e+12	3.79997e+12	0	-2.48111	-0.777036	0	-3.54455e-08	-1.11006e-08	0
595	5e+24	4.59992e+12	3.99997e+12	0	-2.40361	-0.949404	0	-3.43384e-08	-1.3563e-08	0
596	5e+24	4.59992e+12	4.19996e+12	0	-2.30042	-1.16763	0	-3.28642e-08	-1.66806e-08	0
597	5e+24	4.59992e+12	4.39995e+12	0	-2.15905	-1.46976	0	-3.08445e-08	-2.09968e-08	0
598	5e+24	4.59993e+12	4.59993e+12	0	-1.95799	-1.95799	0	-2.7972e-08	-2.7972e-08	0
599	5e+24	4.59994e+12	4.79989e+12	0	-1.67028	-3.06588	0	-2.38619e-08	-4.38043e-08	0
600	5e+24	4.79991e+12	8.99845e+07	0	-2.57107	2.57107	0	-3.67345e-08	3.67345e-08	0
601	5e+24	4.79989e+12	2.00058e+11	0	-3.06588	1.67028	0	-4.38043e-08	2.38619e-08	0
602	5e+24	4.79988e+12	4.00045e+11	0	-3.31976	1.28718	0	-4.74313e-08	1.83886e-08	0
603	5e+24	4.79988e+12	6.00036e+11	0	-3.48012	1.04116	0	-4.97223e-08	1.48739e-08	0
604	5e+24	4.79987e+12	8.0003e+11	0	-3.59212	0.857041	0	-5.13223e-08	1.22436e-08	0
605	5e+24	4.79987e+12	1.00002e+12	0	-3.67445	0.707571	0	-5.24983e-08	1.01083e-08	0
606	5e+24	4.79987e+12	1.20002e+12	0	-3.73651	0.579823	0	-5.33849e-08	8.28327e-09	0
607	5e+24	4.79987e+12	1.40002e+12	0	-3.78365	0.466598	0	-5.40583e-08	6.66575e-09	0
608	5e+24	4.79987e+12	1.60001e+12	0	-3.81913	0.363407	0	-5.45652e-08	5.19158e-09	0
609	5e+24	4.79987e+12	1.80001e+12	0	-3.84505	0.267191	0	-5.49354e-08	3.81706e-09	0
610	5e+24	4.79986e+12	2.00001e+12	0	-3.86274	0.175699	0	-5.51882e-08	2.51002e-09	0
611	5e+24	4.79986e+12	2.2e+12	0	-3.87305	0.0871446	0	-5.53354e-08	1.24493e-09	0
612	5e+24	4.79986e+12	2.4e+12	0	-3.87644	-2.43758e-15	0	-5.53838e-08	-6.46493e-23	0
613	5e+24	4.79986e+12	2.6e+12	0	-3.87305	-0.0871446	0	-5.53354e-08	-1.24493e-09	0
614	5e+24	4.79986e+12	2.79999e+12	0	-3.86274	-0.175699	0	-5.51882e-08	-2.51002e-09	0
615	5e+24	4.79987e+12	2.99999e+12	0	-3.84505	-0.267191	0	-5.49354e-08	-3.81706e-09	0
616	5e+24	4.79987e+12	3.19999e+12	0	-3.81913	-0.363407	0	-5.45652e-08	-5.19158e-09	0
617	5e+24	4.79987e+12	3.39998e+12	0	-3.78365	-0.466598	0	-5.40583e-08	-6.66575e-09	0
618	5e+24	4.79987e+12	3.59998e+12	0	-3.73651	-0.579823	0	-5.33849e-08	-8.28327e-09	0
619	5e+24	4.79987e+12	3.79998e+12	0	-3.67445	-0.707571	0	-5.24983e-08	-1.01083e-08	0
620	5e+24	4.79987e+12	3.99997e+12	0	-3.59212	-0.857041	0	-5.13223e-08	-1.22436e-08	0
621	5e+24	4.79988e+12	4.19996e+12	0	-3.48012	-1.04116	0	-4.97223e-08	-1.48739e-08	0
622	5e+24	4.79988e+12	4.39995e+12	0	-3.31976	-1.28718	0	-4.74313e-08	-1.83886e-08	0
623	5e+24	4.79989e+12	4.59994e+12	0	-3.06588	-1.67028	0	-4.38043e-08	-2.38619e-08	0
624	5e+24	4.79991e+12	4.79991e+12	0	-2.57107	-2.57107	0	-3.67345e-08	-3.67345e-08	0
