25
0	5e+24	4.37627e+06	4.37627e+06	0	0.0875254	0.0875254	0	8.75258e-10	8.75258e-10	0
1	5e+24	5.38013e+06	1e+12	0	0.107603	0.030553	0	1.07603e-09	3.0553e-10	0
2	5e+24	5.61536e+06	2e+12	0	0.112307	-6.59958e-17	0	1.12308e-09	-2.75942e-24	0
3	5e+24	5.38013e+06	3e+12	0	0.107603	-0.030553	0	1.07603e-09	-3.0553e-10	0
4	5e+24	4.37627e+06	4e+12	0	0.0875254	-0.0875254	0	8.75258e-10	-8.75258e-10	0
5	5e+24	1e+12	5.38013e+06	0	0.030553	0.107603	0	3.0553e-10	1.07603e-09	0
6	5e+24	1e+12	1e+12	0	0.0381412	0.0381412	0	3.81412e-10	3.81412e-10	0
7	5e+24	1e+12	2e+12	0	0.0404918	2.44089e-17	0	4.04918e-10	3.86125e-25	0
8	5e+24	1e+12	3e+12	0	0.0381412	-0.0381412	0	3.81412e-10	-3.81412e-10	0
9	5e+24	1e+12	3.99999e+12	0	0.030553	-0.107603	0	3.0553e-10	-1.07603e-09	0
10	5e+24	2e+12	5.61536e+06	0	-6.63391e-17	0.112307	0	-2.76265e-24	1.12308e-09	0
11	5e+24	2e+12	1e+12	0	2.42918e-17	0.0404918	0	4.32977e-25	4.04918e-10	0
12	5e+24	2e+12	2e+12	0	-1.93261e-17	-1.92035e-17	0	-9.24116e-25	-7.49632e-25	0
13	5e+24	2e+12	3e+12	0	2.44055e-17	-0.0404918	0	4.00666e-25	-4.04918e-10	0
14	5e+24	2e+12	3.99999e+12	0	-6.60463e-17	-0.112307	0	-2.85636e-24	-1.12308e-09	0
15	5e+24	3e+12	5.38013e+06	0	-0.030553	0.107603	0	-3.0553e-10	1.07603e-09	0
16	5e+24	3e+12	1e+12	0	-0.0381412	0.0381412	0	-3.81412e-10	3.81412e-10	0
17	5e+24	3e+12	2e+12	0	-0.0404918	2.44671e-17	0	-4.04918e-10	2.32645e-25	0
18	5e+24	3e+12	3e+12	0	-0.0381412	-0.0381412	0	-3.81412e-10	-3.81412e-10	0
19	5e+24	3e+12	3.99999e+12	0	-0.030553	-0.107603	0	-3.0553e-10	-1.07603e-09	0
20	5e+24	4e+12	4.37627e+06	0	-0.0875254	0.0875254	0	-8.75258e-10	8.75258e-10	0
21	5e+24	3.99999e+12	1e+12	0	-0.107603	0.030553	0	-1.07603e-09	3.0553e-10	0
22	5e+24	3.99999e+12	2e+12	0	-0.112307	-6.60471e-17	0	-1.12308e-09	-2.76589e-24	0
23	5e+24	3.99999e+12	3e+12	0	-0.107603	-0.030553	0	-1.07603e-09	-3.0553e-10	0
24	5e+24	4e+12	4e+12	0	-0.0875254	-0.0875254	0	-8.75258e-10	-8.75258e-10	0
