25
0	5e+24	43762.6	43762.6	0	0.00875253	0.00875253	0	8.75253e-10	8.75253e-10	0
1	5e+24	53801.3	1e+12	0	0.0107603	0.0030553	0	1.07603e-09	3.0553e-10	0
2	5e+24	56153.6	2e+12	0	0.0112307	9.23736e-18	0	1.12307e-09	1.11799e-24	0
3	5e+24	53801.3	3e+12	0	0.0107603	-0.0030553	0	1.07603e-09	-3.0553e-10	0
4	5e+24	43762.6	4e+12	0	0.00875253	-0.00875253	0	8.75253e-10	-8.75253e-10	0
5	5e+24	1e+12	53801.3	0	0.0030553	0.0107603	0	3.0553e-10	1.07603e-09	0
6	5e+24	1e+12	1e+12	0	0.00381412	0.00381412	0	3.81412e-10	3.81412e-10	0
7	5e+24	1e+12	2e+12	0	0.00404917	6.00915e-18	0	4.04917e-10	2.16489e-25	0
8	5e+24	1e+12	3e+12	0	0.00381412	-0.00381412	0	3.81412e-10	-3.81412e-10	0
9	5e+24	1e+12	4e+12	0	0.0030553	-0.0107603	0	3.0553e-10	-1.07603e-09	0
10	5e+24	2e+12	56153.6	0	9.14113e-18	0.0112307	0	1.08083e-24	1.12307e-09	0
11	5e+24	2e+12	1e+12	0	6.04103e-18	0.00404917	0	3.87741e-25	4.04917e-10	0
12	5e+24	2e+12	2e+12	0	1.81689e-18	1.81215e-18	0	-1.29247e-26	-1.35709e-25	0
13	5e+24	2e+12	3e+12	0	6.0395e-18	-0.00404917	0	2.1972e-25	-4.04917e-10	0
14	5e+24	2e+12	4e+12	0	9.25538e-18	-0.0112307	0	1.08567e-24	-1.12307e-09	0
15	5e+24	3e+12	53801.3	0	-0.0030553	0.0107603	0	-3.0553e-10	1.07603e-09	0
16	5e+24	3e+12	1e+12	0	-0.00381412	0.00381412	0	-3.81412e-10	3.81412e-10	0
17	5e+24	3e+12	2e+12	0	-0.00404917	6.05781e-18	0	-4.04917e-10	2.97268e-25	0
18	5e+24	3e+12	3e+12	0	-0.00381412	-0.00381412	0	-3.81412e-10	-3.81412e-10	0
19	5e+24	3e+12	4e+12	0	-0.0030553	-0.0107603	0	-3.0553e-10	-1.07603e-09	0
20	5e+24	4e+12	43762.6	0	-0.00875253	0.00875253	0	-8.75253e-10	8.75253e-10	0
21	5e+24	4e+12	1e+12	0	-0.0107603	0.0030553	0	-1.07603e-09	3.0553e-10	0
22	5e+24	4e+12	2e+12	0	-0.0112307	9.27972e-18	0	-1.12307e-09	1.21492e-24	0
23	5e+24	4e+12	3e+12	0	-0.0107603	-0.0030553	0	-1.07603e-09	-3.0553e-10	0
24	5e+24	4e+12	4e+12	0	-0.00875253	-0.00875253	0	-8.75253e-10	-8.75253e-10	0
