25
0	5e+24	437.626	437.626	0	0.000875253	0.000875253	0	8.75253e-10	8.75253e-10	0
1	5e+24	538.013	1e+12	0	0.00107603	0.00030553	0	1.07603e-09	3.0553e-10	0
2	5e+24	561.536	2e+12	0	0.00112307	3.44228e-19	0	1.12307e-09	6.737e-25	0
3	5e+24	538.013	3e+12	0	0.00107603	-0.00030553	0	1.07603e-09	-3.0553e-10	0
4	5e+24	437.626	4e+12	0	0.000875253	-0.000875253	0	8.75253e-10	-8.75253e-10	0
5	5e+24	1e+12	538.013	0	0.00030553	0.00107603	0	3.0553e-10	1.07603e-09	0
6	5e+24	1e+12	1e+12	0	0.000381412	0.000381412	0	3.81412e-10	3.81412e-10	0
7	5e+24	1e+12	2e+12	0	0.000404917	2.45839e-19	0	4.04917e-10	3.73201e-25	0
8	5e+24	1e+12	3e+12	0	0.000381412	-0.000381412	0	3.81412e-10	-3.81412e-10	0
9	5e+24	1e+12	4e+12	0	0.00030553	-0.00107603	0	3.0553e-10	-1.07603e-09	0
10	5e+24	2e+12	561.536	0	3.41158e-19	0.00112307	0	7.30245e-25	1.12307e-09	0
11	5e+24	2e+12	1e+12	0	2.54751e-19	0.000404917	0	4.49133e-25	4.04917e-10	0
12	5e+24	2e+12	2e+12	0	-2.83266e-20	-3.39273e-20	0	7.75482e-26	6.46235e-27	0
13	5e+24	2e+12	3e+12	0	2.44277e-19	-0.000404917	0	4.65289e-25	-4.04917e-10	0
14	5e+24	2e+12	4e+12	0	3.62753e-19	-0.00112307	0	6.46235e-25	-1.12307e-09	0
15	5e+24	3e+12	538.013	0	-0.00030553	0.00107603	0	-3.0553e-10	1.07603e-09	0
16	5e+24	3e+12	1e+12	0	-0.000381412	0.000381412	0	-3.81412e-10	3.81412e-10	0
17	5e+24	3e+12	2e+12	0	-0.000404917	2.39538e-19	0	-4.04917e-10	3.74816e-25	0
18	5e+24	3e+12	3e+12	0	-0.000381412	-0.000381412	0	-3.81412e-10	-3.81412e-10	0
19	5e+24	3e+12	4e+12	0	-0.00030553	-0.00107603	0	-3.0553e-10	-1.07603e-09	0
20	5e+24	4e+12	437.626	0	-0.000875253	0.000875253	0	-8.75253e-10	8.75253e-10	0
21	5e+24	4e+12	1e+12	0	-0.00107603	0.00030553	0	-1.07603e-09	3.0553e-10	0
22	5e+24	4e+12	2e+12	0	-0.00112307	3.57152e-19	0	-1.12307e-09	6.3331e-25	0
23	5e+24	4e+12	3e+12	0	-0.00107603	-0.00030553	0	-1.07603e-09	-3.0553e-10	0
24	5e+24	4e+12	4e+12	0	-0.000875253	-0.000875253	0	-8.75253e-10	-8.75253e-10	0
