25
0	5e+24	700202	700202	0	0.0350101	0.0350101	0	8.75254e-10	8.75254e-10	0
1	5e+24	860821	1e+12	0	0.043041	0.0122212	0	1.07603e-09	3.0553e-10	0
2	5e+24	898457	2e+12	0	0.0449229	3.28442e-17	0	1.12307e-09	-1.45403e-26	0
3	5e+24	860821	3e+12	0	0.043041	-0.0122212	0	1.07603e-09	-3.0553e-10	0
4	5e+24	700202	4e+12	0	0.0350101	-0.0350101	0	8.75254e-10	-8.75254e-10	0
5	5e+24	1e+12	860821	0	0.0122212	0.043041	0	3.0553e-10	1.07603e-09	0
6	5e+24	1e+12	1e+12	0	0.0152565	0.0152565	0	3.81412e-10	3.81412e-10	0
7	5e+24	1e+12	2e+12	0	0.0161967	1.63835e-17	0	4.04918e-10	1.35709e-25	0
8	5e+24	1e+12	3e+12	0	0.0152565	-0.0152565	0	3.81412e-10	-3.81412e-10	0
9	5e+24	1e+12	4e+12	0	0.0122212	-0.043041	0	3.0553e-10	-1.07603e-09	0
10	5e+24	2e+12	898457	0	3.27094e-17	0.0449229	0	1.29247e-26	1.12307e-09	0
11	5e+24	2e+12	1e+12	0	1.63685e-17	0.0161967	0	2.40722e-25	4.04918e-10	0
12	5e+24	2e+12	2e+12	0	7.91541e-18	7.89344e-18	0	6.85009e-25	6.65622e-25	0
13	5e+24	2e+12	3e+12	0	1.65776e-17	-0.0161967	0	1.29247e-25	-4.04918e-10	0
14	5e+24	2e+12	4e+12	0	3.2738e-17	-0.0449229	0	1.16322e-25	-1.12307e-09	0
15	5e+24	3e+12	860821	0	-0.0122212	0.043041	0	-3.0553e-10	1.07603e-09	0
16	5e+24	3e+12	1e+12	0	-0.0152565	0.0152565	0	-3.81412e-10	3.81412e-10	0
17	5e+24	3e+12	2e+12	0	-0.0161967	1.65492e-17	0	-4.04918e-10	1.68021e-25	0
18	5e+24	3e+12	3e+12	0	-0.0152565	-0.0152565	0	-3.81412e-10	-3.81412e-10	0
19	5e+24	3e+12	4e+12	0	-0.0122212	-0.043041	0	-3.0553e-10	-1.07603e-09	0
20	5e+24	4e+12	700202	0	-0.0350101	0.0350101	0	-8.75254e-10	8.75254e-10	0
21	5e+24	4e+12	1e+12	0	-0.043041	0.0122212	0	-1.07603e-09	3.0553e-10	0
22	5e+24	4e+12	2e+12	0	-0.0449229	3.28281e-17	0	-1.12307e-09	0	0
23	5e+24	4e+12	3e+12	0	-0.043041	-0.0122212	0	-1.07603e-09	-3.0553e-10	0
24	5e+24	4e+12	4e+12	0	-0.0350101	-0.0350101	0	-8.75254e-10	-8.75254e-10	0
