25
0	5e+24	10940.7	10940.7	0	0.00437626	0.00437626	0	8.75253e-10	8.75253e-10	0
1	5e+24	13450.3	1e+12	0	0.00538013	0.00152765	0	1.07603e-09	3.0553e-10	0
2	5e+24	14038.4	2e+12	0	0.00561536	5.54028e-18	0	1.12307e-09	1.20038e-24	0
3	5e+24	13450.3	3e+12	0	0.00538013	-0.00152765	0	1.07603e-09	-3.0553e-10	0
4	5e+24	10940.7	4e+12	0	0.00437626	-0.00437626	0	8.75253e-10	-8.75253e-10	0
5	5e+24	1e+12	13450.3	0	0.00152765	0.00538013	0	3.0553e-10	1.07603e-09	0
6	5e+24	1e+12	1e+12	0	0.00190706	0.00190706	0	3.81412e-10	3.81412e-10	0
7	5e+24	1e+12	2e+12	0	0.00202459	2.78328e-18	0	4.04917e-10	8.9342e-25	0
8	5e+24	1e+12	3e+12	0	0.00190706	-0.00190706	0	3.81412e-10	-3.81412e-10	0
9	5e+24	1e+12	4e+12	0	0.00152765	-0.00538013	0	3.0553e-10	-1.07603e-09	0
10	5e+24	2e+12	14038.4	0	5.48532e-18	0.00561536	0	1.1713e-24	1.12307e-09	0
11	5e+24	2e+12	1e+12	0	2.79731e-18	0.00202459	0	9.79046e-25	4.04917e-10	0
12	5e+24	2e+12	2e+12	0	5.89474e-19	5.60716e-19	0	2.97268e-25	1.80946e-25	0
13	5e+24	2e+12	3e+12	0	2.80272e-18	-0.00202459	0	9.43503e-25	-4.04917e-10	0
14	5e+24	2e+12	4e+12	0	5.521e-18	-0.00561536	0	1.21492e-24	-1.12307e-09	0
15	5e+24	3e+12	13450.3	0	-0.00152765	0.00538013	0	-3.0553e-10	1.07603e-09	0
16	5e+24	3e+12	1e+12	0	-0.00190706	0.00190706	0	-3.81412e-10	3.81412e-10	0
17	5e+24	3e+12	2e+12	0	-0.00202459	2.79712e-18	0	-4.04917e-10	9.04729e-25	0
18	5e+24	3e+12	3e+12	0	-0.00190706	-0.00190706	0	-3.81412e-10	-3.81412e-10	0
19	5e+24	3e+12	4e+12	0	-0.00152765	-0.00538013	0	-3.0553e-10	-1.07603e-09	0
20	5e+24	4e+12	10940.7	0	-0.00437626	0.00437626	0	-8.75253e-10	8.75253e-10	0
21	5e+24	4e+12	1e+12	0	-0.00538013	0.00152765	0	-1.07603e-09	3.0553e-10	0
22	5e+24	4e+12	2e+12	0	-0.00561536	5.54685e-18	0	-1.12307e-09	1.1503e-24	0
23	5e+24	4e+12	3e+12	0	-0.00538013	-0.00152765	0	-1.07603e-09	-3.0553e-10	0
24	5e+24	4e+12	4e+12	0	-0.00437626	-0.00437626	0	-8.75253e-10	-8.75253e-10	0
