25
0	5e+24	15754.6	15754.6	0	0.00525152	0.00525152	0	8.75253e-10	8.75253e-10	0
1	5e+24	19368.5	1e+12	0	0.00645616	0.00183318	0	1.07603e-09	3.0553e-10	0
2	5e+24	20215.3	2e+12	0	0.00673843	6.51117e-18	0	1.12307e-09	7.94869e-25	0
3	5e+24	19368.5	3e+12	0	0.00645616	-0.00183318	0	1.07603e-09	-3.0553e-10	0
4	5e+24	15754.6	4e+12	0	0.00525152	-0.00525152	0	8.75253e-10	-8.75253e-10	0
5	5e+24	1e+12	19368.5	0	0.00183318	0.00645616	0	3.0553e-10	1.07603e-09	0
6	5e+24	1e+12	1e+12	0	0.00228847	0.00228847	0	3.81412e-10	3.81412e-10	0
7	5e+24	1e+12	2e+12	0	0.0024295	3.53692e-18	0	4.04917e-10	8.88573e-25	0
8	5e+24	1e+12	3e+12	0	0.00228847	-0.00228847	0	3.81412e-10	-3.81412e-10	0
9	5e+24	1e+12	4e+12	0	0.00183318	-0.00645616	0	3.0553e-10	-1.07603e-09	0
10	5e+24	2e+12	20215.3	0	6.44078e-18	0.00673843	0	8.32027e-25	1.12307e-09	0
11	5e+24	2e+12	1e+12	0	3.54979e-18	0.0024295	0	8.59492e-25	4.04917e-10	0
12	5e+24	2e+12	2e+12	0	9.12591e-19	8.98805e-19	0	5.16988e-25	4.45902e-25	0
13	5e+24	2e+12	3e+12	0	3.55494e-18	-0.0024295	0	8.91804e-25	-4.04917e-10	0
14	5e+24	2e+12	4e+12	0	6.50565e-18	-0.00673843	0	8.65955e-25	-1.12307e-09	0
15	5e+24	3e+12	19368.5	0	-0.00183318	0.00645616	0	-3.0553e-10	1.07603e-09	0
16	5e+24	3e+12	1e+12	0	-0.00228847	0.00228847	0	-3.81412e-10	3.81412e-10	0
17	5e+24	3e+12	2e+12	0	-0.0024295	3.57583e-18	0	-4.04917e-10	8.91804e-25	0
18	5e+24	3e+12	3e+12	0	-0.00228847	-0.00228847	0	-3.81412e-10	-3.81412e-10	0
19	5e+24	3e+12	4e+12	0	-0.00183318	-0.00645616	0	-3.0553e-10	-1.07603e-09	0
20	5e+24	4e+12	15754.6	0	-0.00525152	0.00525152	0	-8.75253e-10	8.75253e-10	0
21	5e+24	4e+12	1e+12	0	-0.00645616	0.00183318	0	-1.07603e-09	3.0553e-10	0
22	5e+24	4e+12	2e+12	0	-0.00673843	6.52891e-18	0	-1.12307e-09	9.56428e-25	0
23	5e+24	4e+12	3e+12	0	-0.00645616	-0.00183318	0	-1.07603e-09	-3.0553e-10	0
24	5e+24	4e+12	4e+12	0	-0.00525152	-0.00525152	0	-8.75253e-10	-8.75253e-10	0
