25
0	5e+24	1.57546e+06	1.57546e+06	0	0.0525152	0.0525152	0	8.75255e-10	8.75255e-10	0
1	5e+24	1.93685e+06	1e+12	0	0.0645616	0.0183318	0	1.07603e-09	3.0553e-10	0
2	5e+24	2.02153e+06	2e+12	0	0.0673843	3.66872e-17	0	1.12307e-09	-2.39592e-24	0
3	5e+24	1.93685e+06	3e+12	0	0.0645616	-0.0183318	0	1.07603e-09	-3.0553e-10	0
4	5e+24	1.57546e+06	4e+12	0	0.0525152	-0.0525152	0	8.75255e-10	-8.75255e-10	0
5	5e+24	1e+12	1.93685e+06	0	0.0183318	0.0645616	0	3.0553e-10	1.07603e-09	0
6	5e+24	1e+12	1e+12	0	0.0228847	0.0228847	0	3.81412e-10	3.81412e-10	0
7	5e+24	1e+12	2e+12	0	0.0242951	2.0549e-17	0	4.04918e-10	-6.13923e-26	0
8	5e+24	1e+12	3e+12	0	0.0228847	-0.0228847	0	3.81412e-10	-3.81412e-10	0
9	5e+24	1e+12	4e+12	0	0.0183318	-0.0645616	0	3.0553e-10	-1.07603e-09	0
10	5e+24	2e+12	2.02153e+06	0	3.6479e-17	0.0673843	0	-2.34583e-24	1.12307e-09	0
11	5e+24	2e+12	1e+12	0	2.04699e-17	0.0242951	0	1.21169e-25	4.04918e-10	0
12	5e+24	2e+12	2e+12	0	1.20032e-17	1.21101e-17	0	-6.65622e-25	-7.17321e-25	0
13	5e+24	2e+12	3e+12	0	2.08301e-17	-0.0242951	0	-9.04729e-26	-4.04918e-10	0
14	5e+24	2e+12	4e+12	0	3.65691e-17	-0.0673843	0	-2.22305e-24	-1.12307e-09	0
15	5e+24	3e+12	1.93685e+06	0	-0.0183318	0.0645616	0	-3.0553e-10	1.07603e-09	0
16	5e+24	3e+12	1e+12	0	-0.0228847	0.0228847	0	-3.81412e-10	3.81412e-10	0
17	5e+24	3e+12	2e+12	0	-0.0242951	2.06513e-17	0	-4.04918e-10	-7.75482e-26	0
18	5e+24	3e+12	3e+12	0	-0.0228847	-0.0228847	0	-3.81412e-10	-3.81412e-10	0
19	5e+24	3e+12	4e+12	0	-0.0183318	-0.0645616	0	-3.0553e-10	-1.07603e-09	0
20	5e+24	4e+12	1.57546e+06	0	-0.0525152	0.0525152	0	-8.75255e-10	8.75255e-10	0
21	5e+24	4e+12	1e+12	0	-0.0645616	0.0183318	0	-1.07603e-09	3.0553e-10	0
22	5e+24	4e+12	2e+12	0	-0.0673843	3.66771e-17	0	-1.12307e-09	-2.3006e-24	0
23	5e+24	4e+12	3e+12	0	-0.0645616	-0.0183318	0	-1.07603e-09	-3.0553e-10	0
24	5e+24	4e+12	4e+12	0	-0.0525152	-0.0525152	0	-8.75255e-10	-8.75255e-10	0
