25
0	5e+24	3.54478e+06	3.54478e+06	0	0.0787729	0.0787729	0	8.75257e-10	8.75257e-10	0
1	5e+24	4.35791e+06	1e+12	0	0.0968425	0.0274977	0	1.07603e-09	3.0553e-10	0
2	5e+24	4.54844e+06	2e+12	0	0.101077	-3.38625e-17	0	1.12308e-09	-3.59468e-24	0
3	5e+24	4.35791e+06	3e+12	0	0.0968425	-0.0274977	0	1.07603e-09	-3.0553e-10	0
4	5e+24	3.54478e+06	4e+12	0	0.0787729	-0.0787729	0	8.75257e-10	-8.75257e-10	0
5	5e+24	1e+12	4.35791e+06	0	0.0274977	0.0968425	0	3.0553e-10	1.07603e-09	0
6	5e+24	1e+12	1e+12	0	0.0343271	0.0343271	0	3.81412e-10	3.81412e-10	0
7	5e+24	1e+12	2e+12	0	0.0364426	2.11366e-17	0	4.04918e-10	2.40722e-25	0
8	5e+24	1e+12	3e+12	0	0.0343271	-0.0343271	0	3.81412e-10	-3.81412e-10	0
9	5e+24	1e+12	4e+12	0	0.0274977	-0.0968425	0	3.0553e-10	-1.07603e-09	0
10	5e+24	2e+12	4.54844e+06	0	-3.42069e-17	0.101077	0	-3.67223e-24	1.12308e-09	0
11	5e+24	2e+12	1e+12	0	2.09979e-17	0.0364426	0	2.8919e-25	4.04918e-10	0
12	5e+24	2e+12	2e+12	0	-1.28042e-17	-1.27218e-17	0	-4.26515e-25	-4.78214e-25	0
13	5e+24	2e+12	3e+12	0	2.11209e-17	-0.0364426	0	1.9387e-25	-4.04918e-10	0
14	5e+24	2e+12	4e+12	0	-3.40098e-17	-0.101077	0	-3.52844e-24	-1.12308e-09	0
15	5e+24	3e+12	4.35791e+06	0	-0.0274977	0.0968425	0	-3.0553e-10	1.07603e-09	0
16	5e+24	3e+12	1e+12	0	-0.0343271	0.0343271	0	-3.81412e-10	3.81412e-10	0
17	5e+24	3e+12	2e+12	0	-0.0364426	2.11881e-17	0	-4.04918e-10	2.58494e-25	0
18	5e+24	3e+12	3e+12	0	-0.0343271	-0.0343271	0	-3.81412e-10	-3.81412e-10	0
19	5e+24	3e+12	4e+12	0	-0.0274977	-0.0968425	0	-3.0553e-10	-1.07603e-09	0
20	5e+24	4e+12	3.54478e+06	0	-0.0787729	0.0787729	0	-8.75257e-10	8.75257e-10	0
21	5e+24	4e+12	1e+12	0	-0.0968425	0.0274977	0	-1.07603e-09	3.0553e-10	0
22	5e+24	4e+12	2e+12	0	-0.101077	-3.39155e-17	0	-1.12308e-09	-3.56722e-24	0
23	5e+24	4e+12	3e+12	0	-0.0968425	-0.0274977	0	-1.07603e-09	-3.0553e-10	0
24	5e+24	4e+12	4e+12	0	-0.0787729	-0.0787729	0	-8.75257e-10	-8.75257e-10	0
