625
0	5e+24	7.34545e+06	7.34545e+06	0	0.734547	0.734547	0	3.67278e-08	3.67278e-08	0
1	5e+24	8.7591e+06	2.00005e+11	0	0.875912	0.477218	0	4.37961e-08	2.3861e-08	0
2	5e+24	9.48443e+06	4.00004e+11	0	0.948445	0.367762	0	4.74228e-08	1.83881e-08	0
3	5e+24	9.94261e+06	6.00003e+11	0	0.994264	0.297472	0	4.97137e-08	1.48736e-08	0
4	5e+24	1.02626e+07	8.00002e+11	0	1.02626	0.244867	0	5.13137e-08	1.22434e-08	0
5	5e+24	1.04978e+07	1e+12	0	1.04978	0.202162	0	5.24898e-08	1.01081e-08	0
6	5e+24	1.06751e+07	1.2e+12	0	1.06752	0.165663	0	5.33763e-08	8.28315e-09	0
7	5e+24	1.08098e+07	1.4e+12	0	1.08099	0.133313	0	5.40498e-08	6.66566e-09	0
8	5e+24	1.09112e+07	1.6e+12	0	1.09112	0.10383	0	5.45567e-08	5.19151e-09	0
9	5e+24	1.09853e+07	1.8e+12	0	1.09853	0.0763401	0	5.4927e-08	3.81701e-09	0
10	5e+24	1.10358e+07	2e+12	0	1.10358	0.0501996	0	5.51797e-08	2.50998e-09	0
11	5e+24	1.10653e+07	2.2e+12	0	1.10653	0.0248984	0	5.5327e-08	1.24492e-09	0
12	5e+24	1.10749e+07	2.4e+12	0	1.1075	-1.25298e-16	0	5.53754e-08	-2.37758e-23	0
13	5e+24	1.10653e+07	2.6e+12	0	1.10653	-0.0248984	0	5.5327e-08	-1.24492e-09	0
14	5e+24	1.10358e+07	2.8e+12	0	1.10358	-0.0501996	0	5.51797e-08	-2.50998e-09	0
15	5e+24	1.09853e+07	3e+12	0	1.09853	-0.0763401	0	5.4927e-08	-3.81701e-09	0
16	5e+24	1.09112e+07	3.2e+12	0	1.09112	-0.10383	0	5.45567e-08	-5.19151e-09	0
17	5e+24	1.08098e+07	3.4e+12	0	1.08099	-0.133313	0	5.40498e-08	-6.66566e-09	0
18	5e+24	1.06751e+07	3.6e+12	0	1.06752	-0.165663	0	5.33763e-08	-8.28315e-09	0
19	5e+24	1.04978e+07	3.8e+12	0	1.04978	-0.202162	0	5.24898e-08	-1.01081e-08	0
20	5e+24	1.02626e+07	4e+12	0	1.02626	-0.244867	0	5.13137e-08	-1.22434e-08	0
21	5e+24	9.94261e+06	4.2e+12	0	0.994264	-0.297472	0	4.97137e-08	-1.48736e-08	0
22	5e+24	9.48443e+06	4.4e+12	0	0.948445	-0.367762	0	4.74228e-08	-1.83881e-08	0
23	5e+24	8.7591e+06	4.6e+12	0	0.875912	-0.477218	0	4.37961e-08	-2.3861e-08	0
24	5e+24	7.34545e+06	4.79999e+12	0	0.734547	-0.734547	0	3.67278e-08	-3.67278e-08	0
25	5e+24	2.00005e+11	8.7591e+06	0	0.477218	0.875912	0	2.3861e-08	4.37961e-08	0
26	5e+24	2.00006e+11	2.00006e+11	0	0.559417	0.559417	0	2.79709e-08	2.79709e-08	0
27	5e+24	2.00006e+11	4.00004e+11	0	0.616862	0.419927	0	3.08432e-08	2.09964e-08	0
28	5e+24	2.00007e+11	6.00003e+11	0	0.657253	0.333606	0	3.28627e-08	1.66803e-08	0
29	5e+24	2.00007e+11	8.00003e+11	0	0.686736	0.271257	0	3.43369e-08	1.35629e-08	0
30	5e+24	2.00007e+11	1e+12	0	0.708879	0.22201	0	3.5444e-08	1.11005e-08	0
31	5e+24	2.00007e+11	1.2e+12	0	0.725769	0.180779	0	3.62885e-08	9.03894e-09	0
32	5e+24	2.00007e+11	1.4e+12	0	0.738686	0.144799	0	3.69344e-08	7.23994e-09	0
33	5e+24	2.00007e+11	1.6e+12	0	0.748451	0.112388	0	3.74226e-08	5.61942e-09	0
34	5e+24	2.00008e+11	1.8e+12	0	0.7556	0.0824284	0	3.77801e-08	4.12142e-09	0
35	5e+24	2.00008e+11	2e+12	0	0.760489	0.0541128	0	3.80245e-08	2.70564e-09	0
36	5e+24	2.00008e+11	2.2e+12	0	0.76334	0.0268134	0	3.81671e-08	1.34067e-09	0
37	5e+24	2.00008e+11	2.4e+12	0	0.764277	4.48889e-17	0	3.82139e-08	-9.93505e-24	0
38	5e+24	2.00008e+11	2.6e+12	0	0.76334	-0.0268134	0	3.81671e-08	-1.34067e-09	0
39	5e+24	2.00008e+11	2.8e+12	0	0.760489	-0.0541128	0	3.80245e-08	-2.70564e-09	0
40	5e+24	2.00008e+11	3e+12	0	0.7556	-0.0824284	0	3.77801e-08	-4.12142e-09	0
41	5e+24	2.00007e+11	3.2e+12	0	0.748451	-0.112388	0	3.74226e-08	-5.61942e-09	0
42	5e+24	2.00007e+11	3.4e+12	0	0.738686	-0.144799	0	3.69344e-08	-7.23994e-09	0
43	5e+24	2.00007e+11	3.6e+12	0	0.725769	-0.180779	0	3.62885e-08	-9.03894e-09	0
44	5e+24	2.00007e+11	3.8e+12	0	0.708879	-0.22201	0	3.5444e-08	-1.11005e-08	0
45	5e+24	2.00007e+11	4e+12	0	0.686736	-0.271257	0	3.43369e-08	-1.35629e-08	0
46	5e+24	2.00007e+11	4.2e+12	0	0.657253	-0.333606	0	3.28627e-08	-1.66803e-08	0
47	5e+24	2.00006e+11	4.4e+12	0	0.616862	-0.419927	0	3.08432e-08	-2.09964e-08	0
48	5e+24	2.00006e+11	4.59999e+12	0	0.559417	-0.559417	0	2.79709e-08	-2.79709e-08	0
49	5e+24	2.00005e+11	4.79999e+12	0	0.477218	-0.875912	0	2.3861e-08	-4.37961e-08	0
50	5e+24	4.00004e+11	9.48443e+06	0	0.367762	0.948445	0	1.83881e-08	4.74228e-08	0
51	5e+24	4.00004e+11	2.00006e+11	0	0.419927	0.616862	0	2.09964e-08	3.08432e-08	0
52	5e+24	4.00005e+11	4.00005e+11	0	0.462452	0.462452	0	2.31226e-08	2.31226e-08	0
53	5e+24	4.00005e+11	6.00004e+11	0	0.495565	0.365265	0	2.47783e-08	1.82632e-08	0
54	5e+24	4.00005e+11	8.00003e+11	0	0.521178	0.295249	0	2.6059e-08	1.47625e-08	0
55	5e+24	4.00005e+11	1e+12	0	0.541067	0.24043	0	2.70534e-08	1.20215e-08	0
56	5e+24	4.00006e+11	1.2e+12	0	0.556544	0.194981	0	2.78273e-08	9.74908e-09	0
57	5e+24	4.00006e+11	1.4e+12	0	0.568531	0.155674	0	2.84266e-08	7.78368e-09	0
58	5e+24	4.00006e+11	1.6e+12	0	0.577665	0.120531	0	2.88833e-08	6.02654e-09	0
59	5e+24	4.00006e+11	1.8e+12	0	0.584388	0.0882389	0	2.92195e-08	4.41195e-09	0
60	5e+24	4.00006e+11	2e+12	0	0.589001	0.0578546	0	2.94501e-08	2.89273e-09	0
61	5e+24	4.00006e+11	2.2e+12	0	0.591696	0.0286463	0	2.95848e-08	1.43232e-09	0
62	5e+24	4.00006e+11	2.4e+12	0	0.592582	1.38212e-16	0	2.96292e-08	-4.07774e-24	0
63	5e+24	4.00006e+11	2.6e+12	0	0.591696	-0.0286463	0	2.95848e-08	-1.43232e-09	0
64	5e+24	4.00006e+11	2.8e+12	0	0.589001	-0.0578546	0	2.94501e-08	-2.89273e-09	0
65	5e+24	4.00006e+11	3e+12	0	0.584388	-0.0882389	0	2.92195e-08	-4.41195e-09	0
66	5e+24	4.00006e+11	3.2e+12	0	0.577665	-0.120531	0	2.88833e-08	-6.02654e-09	0
67	5e+24	4.00006e+11	3.4e+12	0	0.568531	-0.155674	0	2.84266e-08	-7.78368e-09	0
68	5e+24	4.00006e+11	3.6e+12	0	0.556544	-0.194981	0	2.78273e-08	-9.74908e-09	0
69	5e+24	4.00005e+11	3.8e+12	0	0.541067	-0.24043	0	2.70534e-08	-1.20215e-08	0
70	5e+24	4.00005e+11	4e+12	0	0.521178	-0.295249	0	2.6059e-08	-1.47625e-08	0
71	5e+24	4.00005e+11	4.2e+12	0	0.495565	-0.365265	0	2.47783e-08	-1.82632e-08	0
72	5e+24	4.00005e+11	4.4e+12	0	0.462452	-0.462452	0	2.31226e-08	-2.31226e-08	0
73	5e+24	4.00004e+11	4.59999e+12	0	0.419927	-0.616862	0	2.09964e-08	-3.08432e-08	0
74	5e+24	4.00004e+11	4.79999e+12	0	0.367762	-0.948445	0	1.83881e-08	-4.74228e-08	0
75	5e+24	6.00003e+11	9.94261e+06	0	0.297472	0.994264	0	1.48736e-08	4.97137e-08	0
76	5e+24	6.00003e+11	2.00007e+11	0	0.333606	0.657253	0	1.66803e-08	3.28627e-08	0
77	5e+24	6.00004e+11	4.00005e+11	0	0.365265	0.495565	0	1.82632e-08	2.47783e-08	0
78	5e+24	6.00004e+11	6.00004e+11	0	0.391656	0.391656	0	1.95828e-08	1.95828e-08	0
79	5e+24	6.00004e+11	8.00003e+11	0	0.413119	0.316118	0	2.0656e-08	1.58059e-08	0
80	5e+24	6.00004e+11	1e+12	0	0.430363	0.256888	0	2.15182e-08	1.28444e-08	0
81	5e+24	6.00004e+11	1.2e+12	0	0.444093	0.207891	0	2.22047e-08	1.03945e-08	0
82	5e+24	6.00005e+11	1.4e+12	0	0.45489	0.16567	0	2.27445e-08	8.2835e-09	0
83	5e+24	6.00005e+11	1.6e+12	0	0.463203	0.128072	0	2.31602e-08	6.40358e-09	0
84	5e+24	6.00005e+11	1.8e+12	0	0.469366	0.0936466	0	2.34683e-08	4.68233e-09	0
85	5e+24	6.00005e+11	2e+12	0	0.473612	0.0613477	0	2.36806e-08	3.06739e-09	0
86	5e+24	6.00005e+11	2.2e+12	0	0.476101	0.0303605	0	2.38051e-08	1.51802e-09	0
87	5e+24	6.00005e+11	2.4e+12	0	0.47692	-1.71108e-16	0	2.3846e-08	-1.88264e-23	0
88	5e+24	6.00005e+11	2.6e+12	0	0.476101	-0.0303605	0	2.38051e-08	-1.51802e-09	0
89	5e+24	6.00005e+11	2.8e+12	0	0.473612	-0.0613477	0	2.36806e-08	-3.06739e-09	0
90	5e+24	6.00005e+11	3e+12	0	0.469366	-0.0936466	0	2.34683e-08	-4.68233e-09	0
91	5e+24	6.00005e+11	3.2e+12	0	0.463203	-0.128072	0	2.31602e-08	-6.40358e-09	0
92	5e+24	6.00005e+11	3.4e+12	0	0.45489	-0.16567	0	2.27445e-08	-8.2835e-09	0
93	5e+24	6.00004e+11	3.6e+12	0	0.444093	-0.207891	0	2.22047e-08	-1.03945e-08	0
94	5e+24	6.00004e+11	3.8e+12	0	0.430363	-0.256888	0	2.15182e-08	-1.28444e-08	0
95	5e+24	6.00004e+11	4e+12	0	0.413119	-0.316118	0	2.0656e-08	-1.58059e-08	0
96	5e+24	6.00004e+11	4.2e+12	0	0.391656	-0.391656	0	1.95828e-08	-1.95828e-08	0
97	5e+24	6.00004e+11	4.4e+12	0	0.365265	-0.495565	0	1.82632e-08	-2.47783e-08	0
98	5e+24	6.00003e+11	4.59999e+12	0	0.333606	-0.657253	0	1.66803e-08	-3.28627e-08	0
99	5e+24	6.00003e+11	4.79999e+12	0	0.297472	-0.994264	0	1.48736e-08	-4.97137e-08	0
100	5e+24	8.00002e+11	1.02626e+07	0	0.244867	1.02626	0	1.22434e-08	5.13137e-08	0
101	5e+24	8.00003e+11	2.00007e+11	0	0.271257	0.686736	0	1.35629e-08	3.43369e-08	0
102	5e+24	8.00003e+11	4.00005e+11	0	0.295249	0.521178	0	1.47625e-08	2.6059e-08	0
103	5e+24	8.00003e+11	6.00004e+11	0	0.316118	0.413119	0	1.58059e-08	2.0656e-08	0
104	5e+24	8.00003e+11	8.00003e+11	0	0.333738	0.333738	0	1.66869e-08	1.66869e-08	0
105	5e+24	8.00003e+11	1e+12	0	0.348314	0.271156	0	1.74157e-08	1.35578e-08	0
106	5e+24	8.00004e+11	1.2e+12	0	0.360173	0.219292	0	1.80086e-08	1.09646e-08	0
107	5e+24	8.00004e+11	1.4e+12	0	0.369645	0.174613	0	1.84823e-08	8.73065e-09	0
108	5e+24	8.00004e+11	1.6e+12	0	0.37702	0.134878	0	1.8851e-08	6.7439e-09	0
109	5e+24	8.00004e+11	1.8e+12	0	0.382529	0.098557	0	1.91265e-08	4.92785e-09	0
110	5e+24	8.00004e+11	2e+12	0	0.386345	0.0645318	0	1.93173e-08	3.22659e-09	0
111	5e+24	8.00004e+11	2.2e+12	0	0.388589	0.0319263	0	1.94295e-08	1.59632e-09	0
112	5e+24	8.00004e+11	2.4e+12	0	0.389329	-4.34529e-16	0	1.94665e-08	-2.28396e-23	0
113	5e+24	8.00004e+11	2.6e+12	0	0.388589	-0.0319263	0	1.94295e-08	-1.59632e-09	0
114	5e+24	8.00004e+11	2.8e+12	0	0.386345	-0.0645318	0	1.93173e-08	-3.22659e-09	0
115	5e+24	8.00004e+11	3e+12	0	0.382529	-0.098557	0	1.91265e-08	-4.92785e-09	0
116	5e+24	8.00004e+11	3.2e+12	0	0.37702	-0.134878	0	1.8851e-08	-6.7439e-09	0
117	5e+24	8.00004e+11	3.4e+12	0	0.369645	-0.174613	0	1.84823e-08	-8.73065e-09	0
118	5e+24	8.00004e+11	3.6e+12	0	0.360173	-0.219292	0	1.80086e-08	-1.09646e-08	0
119	5e+24	8.00003e+11	3.8e+12	0	0.348314	-0.271156	0	1.74157e-08	-1.35578e-08	0
120	5e+24	8.00003e+11	4e+12	0	0.333738	-0.333738	0	1.66869e-08	-1.66869e-08	0
121	5e+24	8.00003e+11	4.2e+12	0	0.316118	-0.413119	0	1.58059e-08	-2.0656e-08	0
122	5e+24	8.00003e+11	4.39999e+12	0	0.295249	-0.521178	0	1.47625e-08	-2.6059e-08	0
123	5e+24	8.00003e+11	4.59999e+12	0	0.271257	-0.686736	0	1.35629e-08	-3.43369e-08	0
124	5e+24	8.00002e+11	4.79999e+12	0	0.244867	-1.02626	0	1.22434e-08	-5.13137e-08	0
125	5e+24	1e+12	1.04978e+07	0	0.202162	1.04978	0	1.01081e-08	5.24898e-08	0
126	5e+24	1e+12	2.00007e+11	0	0.22201	0.708879	0	1.11005e-08	3.5444e-08	0
127	5e+24	1e+12	4.00005e+11	0	0.24043	0.541067	0	1.20215e-08	2.70534e-08	0
128	5e+24	1e+12	6.00004e+11	0	0.256888	0.430363	0	1.28444e-08	2.15182e-08	0
129	5e+24	1e+12	8.00003e+11	0	0.271156	0.348314	0	1.35578e-08	1.74157e-08	0
130	5e+24	1e+12	1e+12	0	0.283234	0.283234	0	1.41617e-08	1.41617e-08	0
131	5e+24	1e+12	1.2e+12	0	0.293244	0.229111	0	1.46622e-08	1.14556e-08	0
132	5e+24	1e+12	1.4e+12	0	0.301355	0.182414	0	1.50677e-08	9.12071e-09	0
133	5e+24	1e+12	1.6e+12	0	0.307737	0.14087	0	1.53868e-08	7.04351e-09	0
134	5e+24	1e+12	1.8e+12	0	0.312541	0.102908	0	1.5627e-08	5.14538e-09	0
135	5e+24	1e+12	2e+12	0	0.315886	0.0673648	0	1.57943e-08	3.36824e-09	0
136	5e+24	1e+12	2.2e+12	0	0.317859	0.0333228	0	1.5893e-08	1.66614e-09	0
137	5e+24	1e+12	2.4e+12	0	0.318511	-3.51221e-16	0	1.59256e-08	-7.99716e-25	0
138	5e+24	1e+12	2.6e+12	0	0.317859	-0.0333228	0	1.5893e-08	-1.66614e-09	0
139	5e+24	1e+12	2.8e+12	0	0.315886	-0.0673648	0	1.57943e-08	-3.36824e-09	0
140	5e+24	1e+12	3e+12	0	0.312541	-0.102908	0	1.5627e-08	-5.14538e-09	0
141	5e+24	1e+12	3.2e+12	0	0.307737	-0.14087	0	1.53868e-08	-7.04351e-09	0
142	5e+24	1e+12	3.4e+12	0	0.301355	-0.182414	0	1.50677e-08	-9.12071e-09	0
143	5e+24	1e+12	3.6e+12	0	0.293244	-0.229111	0	1.46622e-08	-1.14556e-08	0
144	5e+24	1e+12	3.8e+12	0	0.283234	-0.283234	0	1.41617e-08	-1.41617e-08	0
145	5e+24	1e+12	4e+12	0	0.271156	-0.348314	0	1.35578e-08	-1.74157e-08	0
146	5e+24	1e+12	4.2e+12	0	0.256888	-0.430363	0	1.28444e-08	-2.15182e-08	0
147	5e+24	1e+12	4.39999e+12	0	0.24043	-0.541067	0	1.20215e-08	-2.70534e-08	0
148	5e+24	1e+12	4.59999e+12	0	0.22201	-0.708879	0	1.11005e-08	-3.5444e-08	0
149	5e+24	1e+12	4.79999e+12	0	0.202162	-1.04978	0	1.01081e-08	-5.24898e-08	0
150	5e+24	1.2e+12	1.06751e+07	0	0.165663	1.06752	0	8.28315e-09	5.33763e-08	0
151	5e+24	1.2e+12	2.00007e+11	0	0.180779	0.725769	0	9.03894e-09	3.62885e-08	0
152	5e+24	1.2e+12	4.00006e+11	0	0.194981	0.556544	0	9.74908e-09	2.78273e-08	0
153	5e+24	1.2e+12	6.00004e+11	0	0.207891	0.444093	0	1.03945e-08	2.22047e-08	0
154	5e+24	1.2e+12	8.00004e+11	0	0.219292	0.360173	0	1.09646e-08	1.80086e-08	0
155	5e+24	1.2e+12	1e+12	0	0.229111	0.293244	0	1.14556e-08	1.46622e-08	0
156	5e+24	1.2e+12	1.2e+12	0	0.237372	0.237372	0	1.18686e-08	1.18686e-08	0
157	5e+24	1.2e+12	1.4e+12	0	0.244147	0.189053	0	1.22073e-08	9.45264e-09	0
158	5e+24	1.2e+12	1.6e+12	0	0.249528	0.146013	0	1.24764e-08	7.30067e-09	0
159	5e+24	1.2e+12	1.8e+12	0	0.253607	0.106665	0	1.26804e-08	5.33325e-09	0
160	5e+24	1.2e+12	2e+12	0	0.256462	0.0698216	0	1.28231e-08	3.49108e-09	0
161	5e+24	1.2e+12	2.2e+12	0	0.258151	0.0345367	0	1.29076e-08	1.72683e-09	0
162	5e+24	1.2e+12	2.4e+12	0	0.25871	-2.64989e-16	0	1.29355e-08	7.11989e-24	0
163	5e+24	1.2e+12	2.6e+12	0	0.258151	-0.0345367	0	1.29076e-08	-1.72683e-09	0
164	5e+24	1.2e+12	2.8e+12	0	0.256462	-0.0698216	0	1.28231e-08	-3.49108e-09	0
165	5e+24	1.2e+12	3e+12	0	0.253607	-0.106665	0	1.26804e-08	-5.33325e-09	0
166	5e+24	1.2e+12	3.2e+12	0	0.249528	-0.146013	0	1.24764e-08	-7.30067e-09	0
167	5e+24	1.2e+12	3.4e+12	0	0.244147	-0.189053	0	1.22073e-08	-9.45264e-09	0
168	5e+24	1.2e+12	3.6e+12	0	0.237372	-0.237372	0	1.18686e-08	-1.18686e-08	0
169	5e+24	1.2e+12	3.8e+12	0	0.229111	-0.293244	0	1.14556e-08	-1.46622e-08	0
170	5e+24	1.2e+12	4e+12	0	0.219292	-0.360173	0	1.09646e-08	-1.80086e-08	0
171	5e+24	1.2e+12	4.2e+12	0	0.207891	-0.444093	0	1.03945e-08	-2.22047e-08	0
172	5e+24	1.2e+12	4.39999e+12	0	0.194981	-0.556544	0	9.74908e-09	-2.78273e-08	0
173	5e+24	1.2e+12	4.59999e+12	0	0.180779	-0.725769	0	9.03894e-09	-3.62885e-08	0
174	5e+24	1.2e+12	4.79999e+12	0	0.165663	-1.06752	0	8.28315e-09	-5.33763e-08	0
175	5e+24	1.4e+12	1.08098e+07	0	0.133313	1.08099	0	6.66566e-09	5.40498e-08	0
176	5e+24	1.4e+12	2.00007e+11	0	0.144799	0.738686	0	7.23994e-09	3.69344e-08	0
177	5e+24	1.4e+12	4.00006e+11	0	0.155674	0.568531	0	7.78368e-09	2.84266e-08	0
178	5e+24	1.4e+12	6.00005e+11	0	0.16567	0.45489	0	8.2835e-09	2.27445e-08	0
179	5e+24	1.4e+12	8.00004e+11	0	0.174613	0.369645	0	8.73065e-09	1.84823e-08	0
180	5e+24	1.4e+12	1e+12	0	0.182414	0.301355	0	9.12071e-09	1.50677e-08	0
181	5e+24	1.4e+12	1.2e+12	0	0.189053	0.244147	0	9.45264e-09	1.22073e-08	0
182	5e+24	1.4e+12	1.4e+12	0	0.194551	0.194551	0	9.72754e-09	9.72754e-09	0
183	5e+24	1.4e+12	1.6e+12	0	0.198953	0.150305	0	9.94764e-09	7.51526e-09	0
184	5e+24	1.4e+12	1.8e+12	0	0.20231	0.109818	0	1.01155e-08	5.4909e-09	0
185	5e+24	1.4e+12	2e+12	0	0.204669	0.071891	0	1.02335e-08	3.59455e-09	0
186	5e+24	1.4e+12	2.2e+12	0	0.206069	0.0355614	0	1.03035e-08	1.77807e-09	0
187	5e+24	1.4e+12	2.4e+12	0	0.206533	-5.97912e-16	0	1.03267e-08	-2.77978e-23	0
188	5e+24	1.4e+12	2.6e+12	0	0.206069	-0.0355614	0	1.03035e-08	-1.77807e-09	0
189	5e+24	1.4e+12	2.8e+12	0	0.204669	-0.071891	0	1.02335e-08	-3.59455e-09	0
190	5e+24	1.4e+12	3e+12	0	0.20231	-0.109818	0	1.01155e-08	-5.4909e-09	0
191	5e+24	1.4e+12	3.2e+12	0	0.198953	-0.150305	0	9.94764e-09	-7.51526e-09	0
192	5e+24	1.4e+12	3.4e+12	0	0.194551	-0.194551	0	9.72754e-09	-9.72754e-09	0
193	5e+24	1.4e+12	3.6e+12	0	0.189053	-0.244147	0	9.45264e-09	-1.22073e-08	0
194	5e+24	1.4e+12	3.8e+12	0	0.182414	-0.301355	0	9.12071e-09	-1.50677e-08	0
195	5e+24	1.4e+12	4e+12	0	0.174613	-0.369645	0	8.73065e-09	-1.84823e-08	0
196	5e+24	1.4e+12	4.2e+12	0	0.16567	-0.45489	0	8.2835e-09	-2.27445e-08	0
197	5e+24	1.4e+12	4.39999e+12	0	0.155674	-0.568531	0	7.78368e-09	-2.84266e-08	0
198	5e+24	1.4e+12	4.59999e+12	0	0.144799	-0.738686	0	7.23994e-09	-3.69344e-08	0
199	5e+24	1.4e+12	4.79999e+12	0	0.133313	-1.08099	0	6.66566e-09	-5.40498e-08	0
200	5e+24	1.6e+12	1.09112e+07	0	0.10383	1.09112	0	5.19151e-09	5.45567e-08	0
201	5e+24	1.6e+12	2.00007e+11	0	0.112388	0.748451	0	5.61942e-09	3.74226e-08	0
202	5e+24	1.6e+12	4.00006e+11	0	0.120531	0.577665	0	6.02654e-09	2.88833e-08	0
203	5e+24	1.6e+12	6.00005e+11	0	0.128072	0.463203	0	6.40358e-09	2.31602e-08	0
204	5e+24	1.6e+12	8.00004e+11	0	0.134878	0.37702	0	6.7439e-09	1.8851e-08	0
205	5e+24	1.6e+12	1e+12	0	0.14087	0.307737	0	7.04351e-09	1.53868e-08	0
206	5e+24	1.6e+12	1.2e+12	0	0.146013	0.249528	0	7.30067e-09	1.24764e-08	0
207	5e+24	1.6e+12	1.4e+12	0	0.150305	0.198953	0	7.51526e-09	9.94764e-09	0
208	5e+24	1.6e+12	1.6e+12	0	0.153763	0.153763	0	7.68815e-09	7.68815e-09	0
209	5e+24	1.6e+12	1.8e+12	0	0.156413	0.11237	0	7.82066e-09	5.61851e-09	0
210	5e+24	1.6e+12	2e+12	0	0.158283	0.0735716	0	7.91413e-09	3.67858e-09	0
211	5e+24	1.6e+12	2.2e+12	0	0.159394	0.0363952	0	7.96972e-09	1.81976e-09	0
212	5e+24	1.6e+12	2.4e+12	0	0.159763	-8.40419e-16	0	7.98816e-09	-5.11996e-23	0
213	5e+24	1.6e+12	2.6e+12	0	0.159394	-0.0363952	0	7.96972e-09	-1.81976e-09	0
214	5e+24	1.6e+12	2.8e+12	0	0.158283	-0.0735716	0	7.91413e-09	-3.67858e-09	0
215	5e+24	1.6e+12	3e+12	0	0.156413	-0.11237	0	7.82066e-09	-5.61851e-09	0
216	5e+24	1.6e+12	3.2e+12	0	0.153763	-0.153763	0	7.68815e-09	-7.68815e-09	0
217	5e+24	1.6e+12	3.4e+12	0	0.150305	-0.198953	0	7.51526e-09	-9.94764e-09	0
218	5e+24	1.6e+12	3.6e+12	0	0.146013	-0.249528	0	7.30067e-09	-1.24764e-08	0
219	5e+24	1.6e+12	3.8e+12	0	0.14087	-0.307737	0	7.04351e-09	-1.53868e-08	0
220	5e+24	1.6e+12	4e+12	0	0.134878	-0.37702	0	6.7439e-09	-1.8851e-08	0
221	5e+24	1.6e+12	4.2e+12	0	0.128072	-0.463203	0	6.40358e-09	-2.31602e-08	0
222	5e+24	1.6e+12	4.39999e+12	0	0.120531	-0.577665	0	6.02654e-09	-2.88833e-08	0
223	5e+24	1.6e+12	4.59999e+12	0	0.112388	-0.748451	0	5.61942e-09	-3.74226e-08	0
224	5e+24	1.6e+12	4.79999e+12	0	0.10383	-1.09112	0	5.19151e-09	-5.45567e-08	0
225	5e+24	1.8e+12	1.09853e+07	0	0.0763401	1.09853	0	3.81701e-09	5.4927e-08	0
226	5e+24	1.8e+12	2.00008e+11	0	0.0824284	0.7556	0	4.12142e-09	3.77801e-08	0
227	5e+24	1.8e+12	4.00006e+11	0	0.0882389	0.584388	0	4.41195e-09	2.92195e-08	0
228	5e+24	1.8e+12	6.00005e+11	0	0.0936466	0.469366	0	4.68233e-09	2.34683e-08	0
229	5e+24	1.8e+12	8.00004e+11	0	0.098557	0.382529	0	4.92785e-09	1.91265e-08	0
230	5e+24	1.8e+12	1e+12	0	0.102908	0.312541	0	5.14538e-09	1.5627e-08	0
231	5e+24	1.8e+12	1.2e+12	0	0.106665	0.253607	0	5.33325e-09	1.26804e-08	0
232	5e+24	1.8e+12	1.4e+12	0	0.109818	0.20231	0	5.4909e-09	1.01155e-08	0
233	5e+24	1.8e+12	1.6e+12	0	0.11237	0.156413	0	5.61851e-09	7.82066e-09	0
234	5e+24	1.8e+12	1.8e+12	0	0.114334	0.114334	0	5.71668e-09	5.71668e-09	0
235	5e+24	1.8e+12	2e+12	0	0.115723	0.0748679	0	5.78613e-09	3.7434e-09	0
236	5e+24	1.8e+12	2.2e+12	0	0.11655	0.0370394	0	5.82751e-09	1.85197e-09	0
237	5e+24	1.8e+12	2.4e+12	0	0.116825	-8.56276e-16	0	5.84125e-09	-5.12674e-23	0
238	5e+24	1.8e+12	2.6e+12	0	0.11655	-0.0370394	0	5.82751e-09	-1.85197e-09	0
239	5e+24	1.8e+12	2.8e+12	0	0.115723	-0.0748679	0	5.78613e-09	-3.7434e-09	0
240	5e+24	1.8e+12	3e+12	0	0.114334	-0.114334	0	5.71668e-09	-5.71668e-09	0
241	5e+24	1.8e+12	3.2e+12	0	0.11237	-0.156413	0	5.61851e-09	-7.82066e-09	0
242	5e+24	1.8e+12	3.4e+12	0	0.109818	-0.20231	0	5.4909e-09	-1.01155e-08	0
243	5e+24	1.8e+12	3.6e+12	0	0.106665	-0.253607	0	5.33325e-09	-1.26804e-08	0
244	5e+24	1.8e+12	3.8e+12	0	0.102908	-0.312541	0	5.14538e-09	-1.5627e-08	0
245	5e+24	1.8e+12	4e+12	0	0.098557	-0.382529	0	4.92785e-09	-1.91265e-08	0
246	5e+24	1.8e+12	4.2e+12	0	0.0936466	-0.469366	0	4.68233e-09	-2.34683e-08	0
247	5e+24	1.8e+12	4.39999e+12	0	0.0882389	-0.584388	0	4.41195e-09	-2.92195e-08	0
248	5e+24	1.8e+12	4.59999e+12	0	0.0824284	-0.7556	0	4.12142e-09	-3.77801e-08	0
249	5e+24	1.8e+12	4.79999e+12	0	0.0763401	-1.09853	0	3.81701e-09	-5.4927e-08	0
250	5e+24	2e+12	1.10358e+07	0	0.0501996	1.10358	0	2.50998e-09	5.51797e-08	0
251	5e+24	2e+12	2.00008e+11	0	0.0541128	0.760489	0	2.70564e-09	3.80245e-08	0
252	5e+24	2e+12	4.00006e+11	0	0.0578546	0.589001	0	2.89273e-09	2.94501e-08	0
253	5e+24	2e+12	6.00005e+11	0	0.0613477	0.473612	0	3.06739e-09	2.36806e-08	0
254	5e+24	2e+12	8.00004e+11	0	0.0645318	0.386345	0	3.22659e-09	1.93173e-08	0
255	5e+24	2e+12	1e+12	0	0.0673648	0.315886	0	3.36824e-09	1.57943e-08	0
256	5e+24	2e+12	1.2e+12	0	0.0698216	0.256462	0	3.49108e-09	1.28231e-08	0
257	5e+24	2e+12	1.4e+12	0	0.071891	0.204669	0	3.59455e-09	1.02335e-08	0
258	5e+24	2e+12	1.6e+12	0	0.0735716	0.158283	0	3.67858e-09	7.91413e-09	0
259	5e+24	2e+12	1.8e+12	0	0.0748679	0.115723	0	3.7434e-09	5.78613e-09	0
260	5e+24	2e+12	2e+12	0	0.0757868	0.0757868	0	3.78934e-09	3.78934e-09	0
261	5e+24	2e+12	2.2e+12	0	0.076335	0.0374965	0	3.81675e-09	1.87483e-09	0
262	5e+24	2e+12	2.4e+12	0	0.0765171	-1.38819e-15	0	3.82586e-09	-7.81007e-23	0
263	5e+24	2e+12	2.6e+12	0	0.076335	-0.0374965	0	3.81675e-09	-1.87483e-09	0
264	5e+24	2e+12	2.8e+12	0	0.0757868	-0.0757868	0	3.78934e-09	-3.78934e-09	0
265	5e+24	2e+12	3e+12	0	0.0748679	-0.115723	0	3.7434e-09	-5.78613e-09	0
266	5e+24	2e+12	3.2e+12	0	0.0735716	-0.158283	0	3.67858e-09	-7.91413e-09	0
267	5e+24	2e+12	3.4e+12	0	0.071891	-0.204669	0	3.59455e-09	-1.02335e-08	0
268	5e+24	2e+12	3.6e+12	0	0.0698216	-0.256462	0	3.49108e-09	-1.28231e-08	0
269	5e+24	2e+12	3.8e+12	0	0.0673648	-0.315886	0	3.36824e-09	-1.57943e-08	0
270	5e+24	2e+12	4e+12	0	0.0645318	-0.386345	0	3.22659e-09	-1.93173e-08	0
271	5e+24	2e+12	4.2e+12	0	0.0613477	-0.473612	0	3.06739e-09	-2.36806e-08	0
272	5e+24	2e+12	4.39999e+12	0	0.0578546	-0.589001	0	2.89273e-09	-2.94501e-08	0
273	5e+24	2e+12	4.59999e+12	0	0.0541128	-0.760489	0	2.70564e-09	-3.80245e-08	0
274	5e+24	2e+12	4.79999e+12	0	0.0501996	-1.10358	0	2.50998e-09	-5.51797e-08	0
275	5e+24	2.2e+12	1.10653e+07	0	0.0248984	1.10653	0	1.24492e-09	5.5327e-08	0
276	5e+24	2.2e+12	2.00008e+11	0	0.0268134	0.76334	0	1.34067e-09	3.81671e-08	0
277	5e+24	2.2e+12	4.00006e+11	0	0.0286463	0.591696	0	1.43232e-09	2.95848e-08	0
278	5e+24	2.2e+12	6.00005e+11	0	0.0303605	0.476101	0	1.51802e-09	2.38051e-08	0
279	5e+24	2.2e+12	8.00004e+11	0	0.0319263	0.388589	0	1.59632e-09	1.94295e-08	0
280	5e+24	2.2e+12	1e+12	0	0.0333228	0.317859	0	1.66614e-09	1.5893e-08	0
281	5e+24	2.2e+12	1.2e+12	0	0.0345367	0.258151	0	1.72683e-09	1.29076e-08	0
282	5e+24	2.2e+12	1.4e+12	0	0.0355614	0.206069	0	1.77807e-09	1.03035e-08	0
283	5e+24	2.2e+12	1.6e+12	0	0.0363952	0.159394	0	1.81976e-09	7.96972e-09	0
284	5e+24	2.2e+12	1.8e+12	0	0.0370394	0.11655	0	1.85197e-09	5.82751e-09	0
285	5e+24	2.2e+12	2e+12	0	0.0374965	0.076335	0	1.87483e-09	3.81675e-09	0
286	5e+24	2.2e+12	2.2e+12	0	0.0377694	0.0377694	0	1.88847e-09	1.88847e-09	0
287	5e+24	2.2e+12	2.4e+12	0	0.0378602	-1.93985e-15	0	1.89301e-09	-1.08894e-22	0
288	5e+24	2.2e+12	2.6e+12	0	0.0377694	-0.0377694	0	1.88847e-09	-1.88847e-09	0
289	5e+24	2.2e+12	2.8e+12	0	0.0374965	-0.076335	0	1.87483e-09	-3.81675e-09	0
290	5e+24	2.2e+12	3e+12	0	0.0370394	-0.11655	0	1.85197e-09	-5.82751e-09	0
291	5e+24	2.2e+12	3.2e+12	0	0.0363952	-0.159394	0	1.81976e-09	-7.96972e-09	0
292	5e+24	2.2e+12	3.4e+12	0	0.0355614	-0.206069	0	1.77807e-09	-1.03035e-08	0
293	5e+24	2.2e+12	3.6e+12	0	0.0345367	-0.258151	0	1.72683e-09	-1.29076e-08	0
294	5e+24	2.2e+12	3.8e+12	0	0.0333228	-0.317859	0	1.66614e-09	-1.5893e-08	0
295	5e+24	2.2e+12	4e+12	0	0.0319263	-0.388589	0	1.59632e-09	-1.94295e-08	0
296	5e+24	2.2e+12	4.2e+12	0	0.0303605	-0.476101	0	1.51802e-09	-2.38051e-08	0
297	5e+24	2.2e+12	4.39999e+12	0	0.0286463	-0.591696	0	1.43232e-09	-2.95848e-08	0
298	5e+24	2.2e+12	4.59999e+12	0	0.0268134	-0.76334	0	1.34067e-09	-3.81671e-08	0
299	5e+24	2.2e+12	4.79999e+12	0	0.0248984	-1.10653	0	1.24492e-09	-5.5327e-08	0
300	5e+24	2.4e+12	1.10749e+07	0	-1.47784e-16	1.1075	0	-4.22831e-23	5.53754e-08	0
301	5e+24	2.4e+12	2.00008e+11	0	5.62173e-17	0.764277	0	-4.07936e-24	3.82139e-08	0
302	5e+24	2.4e+12	4.00006e+11	0	1.38344e-16	0.592582	0	6.39773e-25	2.96292e-08	0
303	5e+24	2.4e+12	6.00005e+11	0	-1.73424e-16	0.47692	0	1.4327e-23	2.3846e-08	0
304	5e+24	2.4e+12	8.00004e+11	0	-4.11418e-16	0.389329	0	-3.69873e-23	1.94665e-08	0
305	5e+24	2.4e+12	1e+12	0	-3.5258e-16	0.318511	0	-6.78547e-26	1.59256e-08	0
306	5e+24	2.4e+12	1.2e+12	0	-2.76793e-16	0.25871	0	1.06677e-23	1.29355e-08	0
307	5e+24	2.4e+12	1.4e+12	0	-6.06184e-16	0.206533	0	-2.272e-23	1.03267e-08	0
308	5e+24	2.4e+12	1.6e+12	0	-8.33258e-16	0.159763	0	-5.64615e-23	7.98816e-09	0
309	5e+24	2.4e+12	1.8e+12	0	-8.37197e-16	0.116825	0	-3.65042e-23	5.84125e-09	0
310	5e+24	2.4e+12	2e+12	0	-1.397e-15	0.0765171	0	-6.9564e-23	3.82586e-09	0
311	5e+24	2.4e+12	2.2e+12	0	-1.94649e-15	0.0378602	0	-1.13091e-22	1.89301e-09	0
312	5e+24	2.4e+12	2.4e+12	0	-1.6982e-15	-1.70471e-15	0	-9.62308e-23	-9.95266e-23	0
313	5e+24	2.4e+12	2.6e+12	0	-1.95141e-15	-0.0378602	0	-1.02648e-22	-1.89301e-09	0
314	5e+24	2.4e+12	2.8e+12	0	-1.39019e-15	-0.0765171	0	-8.06792e-23	-3.82586e-09	0
315	5e+24	2.4e+12	3e+12	0	-8.72979e-16	-0.116825	0	-7.67985e-23	-5.84125e-09	0
316	5e+24	2.4e+12	3.2e+12	0	-8.34637e-16	-0.159763	0	-5.01543e-23	-7.98816e-09	0
317	5e+24	2.4e+12	3.4e+12	0	-5.75534e-16	-0.206533	0	-2.84731e-23	-1.03267e-08	0
318	5e+24	2.4e+12	3.6e+12	0	-2.71486e-16	-0.25871	0	-1.12445e-24	-1.29355e-08	0
319	5e+24	2.4e+12	3.8e+12	0	-3.38078e-16	-0.318511	0	1.40491e-23	-1.59256e-08	0
320	5e+24	2.4e+12	4e+12	0	-4.39349e-16	-0.389329	0	-2.52419e-23	-1.94665e-08	0
321	5e+24	2.4e+12	4.2e+12	0	-1.69163e-16	-0.47692	0	-2.56361e-23	-2.3846e-08	0
322	5e+24	2.4e+12	4.39999e+12	0	1.4802e-16	-0.592582	0	-1.8967e-23	-2.96292e-08	0
323	5e+24	2.4e+12	4.59999e+12	0	3.05405e-17	-0.764277	0	-3.37335e-24	-3.82139e-08	0
324	5e+24	2.4e+12	4.79999e+12	0	-1.04012e-16	-1.1075	0	-1.16775e-23	-5.53754e-08	0
325	5e+24	2.6e+12	1.10653e+07	0	-0.0248984	1.10653	0	-1.24492e-09	5.5327e-08	0
326	5e+24	2.6e+12	2.00008e+11	0	-0.0268134	0.76334	0	-1.34067e-09	3.81671e-08	0
327	5e+24	2.6e+12	4.00006e+11	0	-0.0286463	0.591696	0	-1.43232e-09	2.95848e-08	0
328	5e+24	2.6e+12	6.00005e+11	0	-0.0303605	0.476101	0	-1.51802e-09	2.38051e-08	0
329	5e+24	2.6e+12	8.00004e+11	0	-0.0319263	0.388589	0	-1.59632e-09	1.94295e-08	0
330	5e+24	2.6e+12	1e+12	0	-0.0333228	0.317859	0	-1.66614e-09	1.5893e-08	0
331	5e+24	2.6e+12	1.2e+12	0	-0.0345367	0.258151	0	-1.72683e-09	1.29076e-08	0
332	5e+24	2.6e+12	1.4e+12	0	-0.0355614	0.206069	0	-1.77807e-09	1.03035e-08	0
333	5e+24	2.6e+12	1.6e+12	0	-0.0363952	0.159394	0	-1.81976e-09	7.96972e-09	0
334	5e+24	2.6e+12	1.8e+12	0	-0.0370394	0.11655	0	-1.85197e-09	5.82751e-09	0
335	5e+24	2.6e+12	2e+12	0	-0.0374965	0.076335	0	-1.87483e-09	3.81675e-09	0
336	5e+24	2.6e+12	2.2e+12	0	-0.0377694	0.0377694	0	-1.88847e-09	1.88847e-09	0
337	5e+24	2.6e+12	2.4e+12	0	-0.0378602	-1.93819e-15	0	-1.89301e-09	-1.09288e-22	0
338	5e+24	2.6e+12	2.6e+12	0	-0.0377694	-0.0377694	0	-1.88847e-09	-1.88847e-09	0
339	5e+24	2.6e+12	2.8e+12	0	-0.0374965	-0.076335	0	-1.87483e-09	-3.81675e-09	0
340	5e+24	2.6e+12	3e+12	0	-0.0370394	-0.11655	0	-1.85197e-09	-5.82751e-09	0
341	5e+24	2.6e+12	3.2e+12	0	-0.0363952	-0.159394	0	-1.81976e-09	-7.96972e-09	0
342	5e+24	2.6e+12	3.4e+12	0	-0.0355614	-0.206069	0	-1.77807e-09	-1.03035e-08	0
343	5e+24	2.6e+12	3.6e+12	0	-0.0345367	-0.258151	0	-1.72683e-09	-1.29076e-08	0
344	5e+24	2.6e+12	3.8e+12	0	-0.0333228	-0.317859	0	-1.66614e-09	-1.5893e-08	0
345	5e+24	2.6e+12	4e+12	0	-0.0319263	-0.388589	0	-1.59632e-09	-1.94295e-08	0
346	5e+24	2.6e+12	4.2e+12	0	-0.0303605	-0.476101	0	-1.51802e-09	-2.38051e-08	0
347	5e+24	2.6e+12	4.39999e+12	0	-0.0286463	-0.591696	0	-1.43232e-09	-2.95848e-08	0
348	5e+24	2.6e+12	4.59999e+12	0	-0.0268134	-0.76334	0	-1.34067e-09	-3.81671e-08	0
349	5e+24	2.6e+12	4.79999e+12	0	-0.0248984	-1.10653	0	-1.24492e-09	-5.5327e-08	0
350	5e+24	2.8e+12	1.10358e+07	0	-0.0501996	1.10358	0	-2.50998e-09	5.51797e-08	0
351	5e+24	2.8e+12	2.00008e+11	0	-0.0541128	0.760489	0	-2.70564e-09	3.80245e-08	0
352	5e+24	2.8e+12	4.00006e+11	0	-0.0578546	0.589001	0	-2.89273e-09	2.94501e-08	0
353	5e+24	2.8e+12	6.00005e+11	0	-0.0613477	0.473612	0	-3.06739e-09	2.36806e-08	0
354	5e+24	2.8e+12	8.00004e+11	0	-0.0645318	0.386345	0	-3.22659e-09	1.93173e-08	0
355	5e+24	2.8e+12	1e+12	0	-0.0673648	0.315886	0	-3.36824e-09	1.57943e-08	0
356	5e+24	2.8e+12	1.2e+12	0	-0.0698216	0.256462	0	-3.49108e-09	1.28231e-08	0
357	5e+24	2.8e+12	1.4e+12	0	-0.071891	0.204669	0	-3.59455e-09	1.02335e-08	0
358	5e+24	2.8e+12	1.6e+12	0	-0.0735716	0.158283	0	-3.67858e-09	7.91413e-09	0
359	5e+24	2.8e+12	1.8e+12	0	-0.0748679	0.115723	0	-3.7434e-09	5.78613e-09	0
360	5e+24	2.8e+12	2e+12	0	-0.0757868	0.0757868	0	-3.78934e-09	3.78934e-09	0
361	5e+24	2.8e+12	2.2e+12	0	-0.076335	0.0374965	0	-3.81675e-09	1.87483e-09	0
362	5e+24	2.8e+12	2.4e+12	0	-0.0765171	-1.38919e-15	0	-3.82586e-09	-7.70667e-23	0
363	5e+24	2.8e+12	2.6e+12	0	-0.076335	-0.0374965	0	-3.81675e-09	-1.87483e-09	0
364	5e+24	2.8e+12	2.8e+12	0	-0.0757868	-0.0757868	0	-3.78934e-09	-3.78934e-09	0
365	5e+24	2.8e+12	3e+12	0	-0.0748679	-0.115723	0	-3.7434e-09	-5.78613e-09	0
366	5e+24	2.8e+12	3.2e+12	0	-0.0735716	-0.158283	0	-3.67858e-09	-7.91413e-09	0
367	5e+24	2.8e+12	3.4e+12	0	-0.071891	-0.204669	0	-3.59455e-09	-1.02335e-08	0
368	5e+24	2.8e+12	3.6e+12	0	-0.0698216	-0.256462	0	-3.49108e-09	-1.28231e-08	0
369	5e+24	2.8e+12	3.8e+12	0	-0.0673648	-0.315886	0	-3.36824e-09	-1.57943e-08	0
370	5e+24	2.8e+12	4e+12	0	-0.0645318	-0.386345	0	-3.22659e-09	-1.93173e-08	0
371	5e+24	2.8e+12	4.2e+12	0	-0.0613477	-0.473612	0	-3.06739e-09	-2.36806e-08	0
372	5e+24	2.8e+12	4.39999e+12	0	-0.0578546	-0.589001	0	-2.89273e-09	-2.94501e-08	0
373	5e+24	2.8e+12	4.59999e+12	0	-0.0541128	-0.760489	0	-2.70564e-09	-3.80245e-08	0
374	5e+24	2.8e+12	4.79999e+12	0	-0.0501996	-1.10358	0	-2.50998e-09	-5.51797e-08	0
375	5e+24	3e+12	1.09853e+07	0	-0.0763401	1.09853	0	-3.81701e-09	5.4927e-08	0
376	5e+24	3e+12	2.00008e+11	0	-0.0824284	0.7556	0	-4.12142e-09	3.77801e-08	0
377	5e+24	3e+12	4.00006e+11	0	-0.0882389	0.584388	0	-4.41195e-09	2.92195e-08	0
378	5e+24	3e+12	6.00005e+11	0	-0.0936466	0.469366	0	-4.68233e-09	2.34683e-08	0
379	5e+24	3e+12	8.00004e+11	0	-0.098557	0.382529	0	-4.92785e-09	1.91265e-08	0
380	5e+24	3e+12	1e+12	0	-0.102908	0.312541	0	-5.14538e-09	1.5627e-08	0
381	5e+24	3e+12	1.2e+12	0	-0.106665	0.253607	0	-5.33325e-09	1.26804e-08	0
382	5e+24	3e+12	1.4e+12	0	-0.109818	0.20231	0	-5.4909e-09	1.01155e-08	0
383	5e+24	3e+12	1.6e+12	0	-0.11237	0.156413	0	-5.61851e-09	7.82066e-09	0
384	5e+24	3e+12	1.8e+12	0	-0.114334	0.114334	0	-5.71668e-09	5.71668e-09	0
385	5e+24	3e+12	2e+12	0	-0.115723	0.0748679	0	-5.78613e-09	3.7434e-09	0
386	5e+24	3e+12	2.2e+12	0	-0.11655	0.0370394	0	-5.82751e-09	1.85197e-09	0
387	5e+24	3e+12	2.4e+12	0	-0.116825	-8.55664e-16	0	-5.84125e-09	-5.13951e-23	0
388	5e+24	3e+12	2.6e+12	0	-0.11655	-0.0370394	0	-5.82751e-09	-1.85197e-09	0
389	5e+24	3e+12	2.8e+12	0	-0.115723	-0.0748679	0	-5.78613e-09	-3.7434e-09	0
390	5e+24	3e+12	3e+12	0	-0.114334	-0.114334	0	-5.71668e-09	-5.71668e-09	0
391	5e+24	3e+12	3.2e+12	0	-0.11237	-0.156413	0	-5.61851e-09	-7.82066e-09	0
392	5e+24	3e+12	3.4e+12	0	-0.109818	-0.20231	0	-5.4909e-09	-1.01155e-08	0
393	5e+24	3e+12	3.6e+12	0	-0.106665	-0.253607	0	-5.33325e-09	-1.26804e-08	0
394	5e+24	3e+12	3.8e+12	0	-0.102908	-0.312541	0	-5.14538e-09	-1.5627e-08	0
395	5e+24	3e+12	4e+12	0	-0.098557	-0.382529	0	-4.92785e-09	-1.91265e-08	0
396	5e+24	3e+12	4.2e+12	0	-0.0936466	-0.469366	0	-4.68233e-09	-2.34683e-08	0
397	5e+24	3e+12	4.39999e+12	0	-0.0882389	-0.584388	0	-4.41195e-09	-2.92195e-08	0
398	5e+24	3e+12	4.59999e+12	0	-0.0824284	-0.7556	0	-4.12142e-09	-3.77801e-08	0
399	5e+24	3e+12	4.79999e+12	0	-0.0763401	-1.09853	0	-3.81701e-09	-5.4927e-08	0
400	5e+24	3.2e+12	1.09112e+07	0	-0.10383	1.09112	0	-5.19151e-09	5.45567e-08	0
401	5e+24	3.2e+12	2.00007e+11	0	-0.112388	0.748451	0	-5.61942e-09	3.74226e-08	0
402	5e+24	3.2e+12	4.00006e+11	0	-0.120531	0.577665	0	-6.02654e-09	2.88833e-08	0
403	5e+24	3.2e+12	6.00005e+11	0	-0.128072	0.463203	0	-6.40358e-09	2.31602e-08	0
404	5e+24	3.2e+12	8.00004e+11	0	-0.134878	0.37702	0	-6.7439e-09	1.8851e-08	0
405	5e+24	3.2e+12	1e+12	0	-0.14087	0.307737	0	-7.04351e-09	1.53868e-08	0
406	5e+24	3.2e+12	1.2e+12	0	-0.146013	0.249528	0	-7.30067e-09	1.24764e-08	0
407	5e+24	3.2e+12	1.4e+12	0	-0.150305	0.198953	0	-7.51526e-09	9.94764e-09	0
408	5e+24	3.2e+12	1.6e+12	0	-0.153763	0.153763	0	-7.68815e-09	7.68815e-09	0
409	5e+24	3.2e+12	1.8e+12	0	-0.156413	0.11237	0	-7.82066e-09	5.61851e-09	0
410	5e+24	3.2e+12	2e+12	0	-0.158283	0.0735716	0	-7.91413e-09	3.67858e-09	0
411	5e+24	3.2e+12	2.2e+12	0	-0.159394	0.0363952	0	-7.96972e-09	1.81976e-09	0
412	5e+24	3.2e+12	2.4e+12	0	-0.159763	-8.39623e-16	0	-7.98816e-09	-5.28103e-23	0
413	5e+24	3.2e+12	2.6e+12	0	-0.159394	-0.0363952	0	-7.96972e-09	-1.81976e-09	0
414	5e+24	3.2e+12	2.8e+12	0	-0.158283	-0.0735716	0	-7.91413e-09	-3.67858e-09	0
415	5e+24	3.2e+12	3e+12	0	-0.156413	-0.11237	0	-7.82066e-09	-5.61851e-09	0
416	5e+24	3.2e+12	3.2e+12	0	-0.153763	-0.153763	0	-7.68815e-09	-7.68815e-09	0
417	5e+24	3.2e+12	3.4e+12	0	-0.150305	-0.198953	0	-7.51526e-09	-9.94764e-09	0
418	5e+24	3.2e+12	3.6e+12	0	-0.146013	-0.249528	0	-7.30067e-09	-1.24764e-08	0
419	5e+24	3.2e+12	3.8e+12	0	-0.14087	-0.307737	0	-7.04351e-09	-1.53868e-08	0
420	5e+24	3.2e+12	4e+12	0	-0.134878	-0.37702	0	-6.7439e-09	-1.8851e-08	0
421	5e+24	3.2e+12	4.2e+12	0	-0.128072	-0.463203	0	-6.40358e-09	-2.31602e-08	0
422	5e+24	3.2e+12	4.39999e+12	0	-0.120531	-0.577665	0	-6.02654e-09	-2.88833e-08	0
423	5e+24	3.2e+12	4.59999e+12	0	-0.112388	-0.748451	0	-5.61942e-09	-3.74226e-08	0
424	5e+24	3.2e+12	4.79999e+12	0	-0.10383	-1.09112	0	-5.19151e-09	-5.45567e-08	0
425	5e+24	3.4e+12	1.08098e+07	0	-0.133313	1.08099	0	-6.66566e-09	5.40498e-08	0
426	5e+24	3.4e+12	2.00007e+11	0	-0.144799	0.738686	0	-7.23994e-09	3.69344e-08	0
427	5e+24	3.4e+12	4.00006e+11	0	-0.155674	0.568531	0	-7.78368e-09	2.84266e-08	0
428	5e+24	3.4e+12	6.00005e+11	0	-0.16567	0.45489	0	-8.2835e-09	2.27445e-08	0
429	5e+24	3.4e+12	8.00004e+11	0	-0.174613	0.369645	0	-8.73065e-09	1.84823e-08	0
430	5e+24	3.4e+12	1e+12	0	-0.182414	0.301355	0	-9.12071e-09	1.50677e-08	0
431	5e+24	3.4e+12	1.2e+12	0	-0.189053	0.244147	0	-9.45264e-09	1.22073e-08	0
432	5e+24	3.4e+12	1.4e+12	0	-0.194551	0.194551	0	-9.72754e-09	9.72754e-09	0
433	5e+24	3.4e+12	1.6e+12	0	-0.198953	0.150305	0	-9.94764e-09	7.51526e-09	0
434	5e+24	3.4e+12	1.8e+12	0	-0.20231	0.109818	0	-1.01155e-08	5.4909e-09	0
435	5e+24	3.4e+12	2e+12	0	-0.204669	0.071891	0	-1.02335e-08	3.59455e-09	0
436	5e+24	3.4e+12	2.2e+12	0	-0.206069	0.0355614	0	-1.03035e-08	1.77807e-09	0
437	5e+24	3.4e+12	2.4e+12	0	-0.206533	-5.97103e-16	0	-1.03267e-08	-2.73293e-23	0
438	5e+24	3.4e+12	2.6e+12	0	-0.206069	-0.0355614	0	-1.03035e-08	-1.77807e-09	0
439	5e+24	3.4e+12	2.8e+12	0	-0.204669	-0.071891	0	-1.02335e-08	-3.59455e-09	0
440	5e+24	3.4e+12	3e+12	0	-0.20231	-0.109818	0	-1.01155e-08	-5.4909e-09	0
441	5e+24	3.4e+12	3.2e+12	0	-0.198953	-0.150305	0	-9.94764e-09	-7.51526e-09	0
442	5e+24	3.4e+12	3.4e+12	0	-0.194551	-0.194551	0	-9.72754e-09	-9.72754e-09	0
443	5e+24	3.4e+12	3.6e+12	0	-0.189053	-0.244147	0	-9.45264e-09	-1.22073e-08	0
444	5e+24	3.4e+12	3.8e+12	0	-0.182414	-0.301355	0	-9.12071e-09	-1.50677e-08	0
445	5e+24	3.4e+12	4e+12	0	-0.174613	-0.369645	0	-8.73065e-09	-1.84823e-08	0
446	5e+24	3.4e+12	4.2e+12	0	-0.16567	-0.45489	0	-8.2835e-09	-2.27445e-08	0
447	5e+24	3.4e+12	4.39999e+12	0	-0.155674	-0.568531	0	-7.78368e-09	-2.84266e-08	0
448	5e+24	3.4e+12	4.59999e+12	0	-0.144799	-0.738686	0	-7.23994e-09	-3.69344e-08	0
449	5e+24	3.4e+12	4.79999e+12	0	-0.133313	-1.08099	0	-6.66566e-09	-5.40498e-08	0
450	5e+24	3.6e+12	1.06751e+07	0	-0.165663	1.06752	0	-8.28315e-09	5.33763e-08	0
451	5e+24	3.6e+12	2.00007e+11	0	-0.180779	0.725769	0	-9.03894e-09	3.62885e-08	0
452	5e+24	3.6e+12	4.00006e+11	0	-0.194981	0.556544	0	-9.74908e-09	2.78273e-08	0
453	5e+24	3.6e+12	6.00004e+11	0	-0.207891	0.444093	0	-1.03945e-08	2.22047e-08	0
454	5e+24	3.6e+12	8.00004e+11	0	-0.219292	0.360173	0	-1.09646e-08	1.80086e-08	0
455	5e+24	3.6e+12	1e+12	0	-0.229111	0.293244	0	-1.14556e-08	1.46622e-08	0
456	5e+24	3.6e+12	1.2e+12	0	-0.237372	0.237372	0	-1.18686e-08	1.18686e-08	0
457	5e+24	3.6e+12	1.4e+12	0	-0.244147	0.189053	0	-1.22073e-08	9.45264e-09	0
458	5e+24	3.6e+12	1.6e+12	0	-0.249528	0.146013	0	-1.24764e-08	7.30067e-09	0
459	5e+24	3.6e+12	1.8e+12	0	-0.253607	0.106665	0	-1.26804e-08	5.33325e-09	0
460	5e+24	3.6e+12	2e+12	0	-0.256462	0.0698216	0	-1.28231e-08	3.49108e-09	0
461	5e+24	3.6e+12	2.2e+12	0	-0.258151	0.0345367	0	-1.29076e-08	1.72683e-09	0
462	5e+24	3.6e+12	2.4e+12	0	-0.25871	-2.62777e-16	0	-1.29355e-08	6.97287e-24	0
463	5e+24	3.6e+12	2.6e+12	0	-0.258151	-0.0345367	0	-1.29076e-08	-1.72683e-09	0
464	5e+24	3.6e+12	2.8e+12	0	-0.256462	-0.0698216	0	-1.28231e-08	-3.49108e-09	0
465	5e+24	3.6e+12	3e+12	0	-0.253607	-0.106665	0	-1.26804e-08	-5.33325e-09	0
466	5e+24	3.6e+12	3.2e+12	0	-0.249528	-0.146013	0	-1.24764e-08	-7.30067e-09	0
467	5e+24	3.6e+12	3.4e+12	0	-0.244147	-0.189053	0	-1.22073e-08	-9.45264e-09	0
468	5e+24	3.6e+12	3.6e+12	0	-0.237372	-0.237372	0	-1.18686e-08	-1.18686e-08	0
469	5e+24	3.6e+12	3.8e+12	0	-0.229111	-0.293244	0	-1.14556e-08	-1.46622e-08	0
470	5e+24	3.6e+12	4e+12	0	-0.219292	-0.360173	0	-1.09646e-08	-1.80086e-08	0
471	5e+24	3.6e+12	4.2e+12	0	-0.207891	-0.444093	0	-1.03945e-08	-2.22047e-08	0
472	5e+24	3.6e+12	4.39999e+12	0	-0.194981	-0.556544	0	-9.74908e-09	-2.78273e-08	0
473	5e+24	3.6e+12	4.59999e+12	0	-0.180779	-0.725769	0	-9.03894e-09	-3.62885e-08	0
474	5e+24	3.6e+12	4.79999e+12	0	-0.165663	-1.06752	0	-8.28315e-09	-5.33763e-08	0
475	5e+24	3.8e+12	1.04978e+07	0	-0.202162	1.04978	0	-1.01081e-08	5.24898e-08	0
476	5e+24	3.8e+12	2.00007e+11	0	-0.22201	0.708879	0	-1.11005e-08	3.5444e-08	0
477	5e+24	3.8e+12	4.00005e+11	0	-0.24043	0.541067	0	-1.20215e-08	2.70534e-08	0
478	5e+24	3.8e+12	6.00004e+11	0	-0.256888	0.430363	0	-1.28444e-08	2.15182e-08	0
479	5e+24	3.8e+12	8.00003e+11	0	-0.271156	0.348314	0	-1.35578e-08	1.74157e-08	0
480	5e+24	3.8e+12	1e+12	0	-0.283234	0.283234	0	-1.41617e-08	1.41617e-08	0
481	5e+24	3.8e+12	1.2e+12	0	-0.293244	0.229111	0	-1.46622e-08	1.14556e-08	0
482	5e+24	3.8e+12	1.4e+12	0	-0.301355	0.182414	0	-1.50677e-08	9.12071e-09	0
483	5e+24	3.8e+12	1.6e+12	0	-0.307737	0.14087	0	-1.53868e-08	7.04351e-09	0
484	5e+24	3.8e+12	1.8e+12	0	-0.312541	0.102908	0	-1.5627e-08	5.14538e-09	0
485	5e+24	3.8e+12	2e+12	0	-0.315886	0.0673648	0	-1.57943e-08	3.36824e-09	0
486	5e+24	3.8e+12	2.2e+12	0	-0.317859	0.0333228	0	-1.5893e-08	1.66614e-09	0
487	5e+24	3.8e+12	2.4e+12	0	-0.318511	-3.51748e-16	0	-1.59256e-08	1.18261e-24	0
488	5e+24	3.8e+12	2.6e+12	0	-0.317859	-0.0333228	0	-1.5893e-08	-1.66614e-09	0
489	5e+24	3.8e+12	2.8e+12	0	-0.315886	-0.0673648	0	-1.57943e-08	-3.36824e-09	0
490	5e+24	3.8e+12	3e+12	0	-0.312541	-0.102908	0	-1.5627e-08	-5.14538e-09	0
491	5e+24	3.8e+12	3.2e+12	0	-0.307737	-0.14087	0	-1.53868e-08	-7.04351e-09	0
492	5e+24	3.8e+12	3.4e+12	0	-0.301355	-0.182414	0	-1.50677e-08	-9.12071e-09	0
493	5e+24	3.8e+12	3.6e+12	0	-0.293244	-0.229111	0	-1.46622e-08	-1.14556e-08	0
494	5e+24	3.8e+12	3.8e+12	0	-0.283234	-0.283234	0	-1.41617e-08	-1.41617e-08	0
495	5e+24	3.8e+12	4e+12	0	-0.271156	-0.348314	0	-1.35578e-08	-1.74157e-08	0
496	5e+24	3.8e+12	4.2e+12	0	-0.256888	-0.430363	0	-1.28444e-08	-2.15182e-08	0
497	5e+24	3.8e+12	4.39999e+12	0	-0.24043	-0.541067	0	-1.20215e-08	-2.70534e-08	0
498	5e+24	3.8e+12	4.59999e+12	0	-0.22201	-0.708879	0	-1.11005e-08	-3.5444e-08	0
499	5e+24	3.8e+12	4.79999e+12	0	-0.202162	-1.04978	0	-1.01081e-08	-5.24898e-08	0
500	5e+24	4e+12	1.02626e+07	0	-0.244867	1.02626	0	-1.22434e-08	5.13137e-08	0
501	5e+24	4e+12	2.00007e+11	0	-0.271257	0.686736	0	-1.35629e-08	3.43369e-08	0
502	5e+24	4e+12	4.00005e+11	0	-0.295249	0.521178	0	-1.47625e-08	2.6059e-08	0
503	5e+24	4e+12	6.00004e+11	0	-0.316118	0.413119	0	-1.58059e-08	2.0656e-08	0
504	5e+24	4e+12	8.00003e+11	0	-0.333738	0.333738	0	-1.66869e-08	1.66869e-08	0
505	5e+24	4e+12	1e+12	0	-0.348314	0.271156	0	-1.74157e-08	1.35578e-08	0
506	5e+24	4e+12	1.2e+12	0	-0.360173	0.219292	0	-1.80086e-08	1.09646e-08	0
507	5e+24	4e+12	1.4e+12	0	-0.369645	0.174613	0	-1.84823e-08	8.73065e-09	0
508	5e+24	4e+12	1.6e+12	0	-0.37702	0.134878	0	-1.8851e-08	6.7439e-09	0
509	5e+24	4e+12	1.8e+12	0	-0.382529	0.098557	0	-1.91265e-08	4.92785e-09	0
510	5e+24	4e+12	2e+12	0	-0.386345	0.0645318	0	-1.93173e-08	3.22659e-09	0
511	5e+24	4e+12	2.2e+12	0	-0.388589	0.0319263	0	-1.94295e-08	1.59632e-09	0
512	5e+24	4e+12	2.4e+12	0	-0.389329	-4.33331e-16	0	-1.94665e-08	-2.09962e-23	0
513	5e+24	4e+12	2.6e+12	0	-0.388589	-0.0319263	0	-1.94295e-08	-1.59632e-09	0
514	5e+24	4e+12	2.8e+12	0	-0.386345	-0.0645318	0	-1.93173e-08	-3.22659e-09	0
515	5e+24	4e+12	3e+12	0	-0.382529	-0.098557	0	-1.91265e-08	-4.92785e-09	0
516	5e+24	4e+12	3.2e+12	0	-0.37702	-0.134878	0	-1.8851e-08	-6.7439e-09	0
517	5e+24	4e+12	3.4e+12	0	-0.369645	-0.174613	0	-1.84823e-08	-8.73065e-09	0
518	5e+24	4e+12	3.6e+12	0	-0.360173	-0.219292	0	-1.80086e-08	-1.09646e-08	0
519	5e+24	4e+12	3.8e+12	0	-0.348314	-0.271156	0	-1.74157e-08	-1.35578e-08	0
520	5e+24	4e+12	4e+12	0	-0.333738	-0.333738	0	-1.66869e-08	-1.66869e-08	0
521	5e+24	4e+12	4.2e+12	0	-0.316118	-0.413119	0	-1.58059e-08	-2.0656e-08	0
522	5e+24	4e+12	4.39999e+12	0	-0.295249	-0.521178	0	-1.47625e-08	-2.6059e-08	0
523	5e+24	4e+12	4.59999e+12	0	-0.271257	-0.686736	0	-1.35629e-08	-3.43369e-08	0
524	5e+24	4e+12	4.79999e+12	0	-0.244867	-1.02626	0	-1.22434e-08	-5.13137e-08	0
525	5e+24	4.2e+12	9.94261e+06	0	-0.297472	0.994264	0	-1.48736e-08	4.97137e-08	0
526	5e+24	4.2e+12	2.00007e+11	0	-0.333606	0.657253	0	-1.66803e-08	3.28627e-08	0
527	5e+24	4.2e+12	4.00005e+11	0	-0.365265	0.495565	0	-1.82632e-08	2.47783e-08	0
528	5e+24	4.2e+12	6.00004e+11	0	-0.391656	0.391656	0	-1.95828e-08	1.95828e-08	0
529	5e+24	4.2e+12	8.00003e+11	0	-0.413119	0.316118	0	-2.0656e-08	1.58059e-08	0
530	5e+24	4.2e+12	1e+12	0	-0.430363	0.256888	0	-2.15182e-08	1.28444e-08	0
531	5e+24	4.2e+12	1.2e+12	0	-0.444093	0.207891	0	-2.22047e-08	1.03945e-08	0
532	5e+24	4.2e+12	1.4e+12	0	-0.45489	0.16567	0	-2.27445e-08	8.2835e-09	0
533	5e+24	4.2e+12	1.6e+12	0	-0.463203	0.128072	0	-2.31602e-08	6.40358e-09	0
534	5e+24	4.2e+12	1.8e+12	0	-0.469366	0.0936466	0	-2.34683e-08	4.68233e-09	0
535	5e+24	4.2e+12	2e+12	0	-0.473612	0.0613477	0	-2.36806e-08	3.06739e-09	0
536	5e+24	4.2e+12	2.2e+12	0	-0.476101	0.0303605	0	-2.38051e-08	1.51802e-09	0
537	5e+24	4.2e+12	2.4e+12	0	-0.47692	-1.71877e-16	0	-2.3846e-08	-1.7765e-23	0
538	5e+24	4.2e+12	2.6e+12	0	-0.476101	-0.0303605	0	-2.38051e-08	-1.51802e-09	0
539	5e+24	4.2e+12	2.8e+12	0	-0.473612	-0.0613477	0	-2.36806e-08	-3.06739e-09	0
540	5e+24	4.2e+12	3e+12	0	-0.469366	-0.0936466	0	-2.34683e-08	-4.68233e-09	0
541	5e+24	4.2e+12	3.2e+12	0	-0.463203	-0.128072	0	-2.31602e-08	-6.40358e-09	0
542	5e+24	4.2e+12	3.4e+12	0	-0.45489	-0.16567	0	-2.27445e-08	-8.2835e-09	0
543	5e+24	4.2e+12	3.6e+12	0	-0.444093	-0.207891	0	-2.22047e-08	-1.03945e-08	0
544	5e+24	4.2e+12	3.8e+12	0	-0.430363	-0.256888	0	-2.15182e-08	-1.28444e-08	0
545	5e+24	4.2e+12	4e+12	0	-0.413119	-0.316118	0	-2.0656e-08	-1.58059e-08	0
546	5e+24	4.2e+12	4.2e+12	0	-0.391656	-0.391656	0	-1.95828e-08	-1.95828e-08	0
547	5e+24	4.2e+12	4.4e+12	0	-0.365265	-0.495565	0	-1.82632e-08	-2.47783e-08	0
548	5e+24	4.2e+12	4.59999e+12	0	-0.333606	-0.657253	0	-1.66803e-08	-3.28627e-08	0
549	5e+24	4.2e+12	4.79999e+12	0	-0.297472	-0.994264	0	-1.48736e-08	-4.97137e-08	0
550	5e+24	4.4e+12	9.48443e+06	0	-0.367762	0.948445	0	-1.83881e-08	4.74228e-08	0
551	5e+24	4.4e+12	2.00006e+11	0	-0.419927	0.616862	0	-2.09964e-08	3.08432e-08	0
552	5e+24	4.4e+12	4.00005e+11	0	-0.462452	0.462452	0	-2.31226e-08	2.31226e-08	0
553	5e+24	4.4e+12	6.00004e+11	0	-0.495565	0.365265	0	-2.47783e-08	1.82632e-08	0
554	5e+24	4.39999e+12	8.00003e+11	0	-0.521178	0.295249	0	-2.6059e-08	1.47625e-08	0
555	5e+24	4.39999e+12	1e+12	0	-0.541067	0.24043	0	-2.70534e-08	1.20215e-08	0
556	5e+24	4.39999e+12	1.2e+12	0	-0.556544	0.194981	0	-2.78273e-08	9.74908e-09	0
557	5e+24	4.39999e+12	1.4e+12	0	-0.568531	0.155674	0	-2.84266e-08	7.78368e-09	0
558	5e+24	4.39999e+12	1.6e+12	0	-0.577665	0.120531	0	-2.88833e-08	6.02654e-09	0
559	5e+24	4.39999e+12	1.8e+12	0	-0.584388	0.0882389	0	-2.92195e-08	4.41195e-09	0
560	5e+24	4.39999e+12	2e+12	0	-0.589001	0.0578546	0	-2.94501e-08	2.89273e-09	0
561	5e+24	4.39999e+12	2.2e+12	0	-0.591696	0.0286463	0	-2.95848e-08	1.43232e-09	0
562	5e+24	4.39999e+12	2.4e+12	0	-0.592582	1.39611e-16	0	-2.96292e-08	-4.53657e-24	0
563	5e+24	4.39999e+12	2.6e+12	0	-0.591696	-0.0286463	0	-2.95848e-08	-1.43232e-09	0
564	5e+24	4.39999e+12	2.8e+12	0	-0.589001	-0.0578546	0	-2.94501e-08	-2.89273e-09	0
565	5e+24	4.39999e+12	3e+12	0	-0.584388	-0.0882389	0	-2.92195e-08	-4.41195e-09	0
566	5e+24	4.39999e+12	3.2e+12	0	-0.577665	-0.120531	0	-2.88833e-08	-6.02654e-09	0
567	5e+24	4.39999e+12	3.4e+12	0	-0.568531	-0.155674	0	-2.84266e-08	-7.78368e-09	0
568	5e+24	4.39999e+12	3.6e+12	0	-0.556544	-0.194981	0	-2.78273e-08	-9.74908e-09	0
569	5e+24	4.39999e+12	3.8e+12	0	-0.541067	-0.24043	0	-2.70534e-08	-1.20215e-08	0
570	5e+24	4.39999e+12	4e+12	0	-0.521178	-0.295249	0	-2.6059e-08	-1.47625e-08	0
571	5e+24	4.4e+12	4.2e+12	0	-0.495565	-0.365265	0	-2.47783e-08	-1.82632e-08	0
572	5e+24	4.4e+12	4.4e+12	0	-0.462452	-0.462452	0	-2.31226e-08	-2.31226e-08	0
573	5e+24	4.4e+12	4.59999e+12	0	-0.419927	-0.616862	0	-2.09964e-08	-3.08432e-08	0
574	5e+24	4.4e+12	4.79999e+12	0	-0.367762	-0.948445	0	-1.83881e-08	-4.74228e-08	0
575	5e+24	4.6e+12	8.7591e+06	0	-0.477218	0.875912	0	-2.3861e-08	4.37961e-08	0
576	5e+24	4.59999e+12	2.00006e+11	0	-0.559417	0.559417	0	-2.79709e-08	2.79709e-08	0
577	5e+24	4.59999e+12	4.00004e+11	0	-0.616862	0.419927	0	-3.08432e-08	2.09964e-08	0
578	5e+24	4.59999e+12	6.00003e+11	0	-0.657253	0.333606	0	-3.28627e-08	1.66803e-08	0
579	5e+24	4.59999e+12	8.00003e+11	0	-0.686736	0.271257	0	-3.43369e-08	1.35629e-08	0
580	5e+24	4.59999e+12	1e+12	0	-0.708879	0.22201	0	-3.5444e-08	1.11005e-08	0
581	5e+24	4.59999e+12	1.2e+12	0	-0.725769	0.180779	0	-3.62885e-08	9.03894e-09	0
582	5e+24	4.59999e+12	1.4e+12	0	-0.738686	0.144799	0	-3.69344e-08	7.23994e-09	0
583	5e+24	4.59999e+12	1.6e+12	0	-0.748451	0.112388	0	-3.74226e-08	5.61942e-09	0
584	5e+24	4.59999e+12	1.8e+12	0	-0.7556	0.0824284	0	-3.77801e-08	4.12142e-09	0
585	5e+24	4.59999e+12	2e+12	0	-0.760489	0.0541128	0	-3.80245e-08	2.70564e-09	0
586	5e+24	4.59999e+12	2.2e+12	0	-0.76334	0.0268134	0	-3.81671e-08	1.34067e-09	0
587	5e+24	4.59999e+12	2.4e+12	0	-0.764277	4.36981e-17	0	-3.82139e-08	-1.05336e-23	0
588	5e+24	4.59999e+12	2.6e+12	0	-0.76334	-0.0268134	0	-3.81671e-08	-1.34067e-09	0
589	5e+24	4.59999e+12	2.8e+12	0	-0.760489	-0.0541128	0	-3.80245e-08	-2.70564e-09	0
590	5e+24	4.59999e+12	3e+12	0	-0.7556	-0.0824284	0	-3.77801e-08	-4.12142e-09	0
591	5e+24	4.59999e+12	3.2e+12	0	-0.748451	-0.112388	0	-3.74226e-08	-5.61942e-09	0
592	5e+24	4.59999e+12	3.4e+12	0	-0.738686	-0.144799	0	-3.69344e-08	-7.23994e-09	0
593	5e+24	4.59999e+12	3.6e+12	0	-0.725769	-0.180779	0	-3.62885e-08	-9.03894e-09	0
594	5e+24	4.59999e+12	3.8e+12	0	-0.708879	-0.22201	0	-3.5444e-08	-1.11005e-08	0
595	5e+24	4.59999e+12	4e+12	0	-0.686736	-0.271257	0	-3.43369e-08	-1.35629e-08	0
596	5e+24	4.59999e+12	4.2e+12	0	-0.657253	-0.333606	0	-3.28627e-08	-1.66803e-08	0
597	5e+24	4.59999e+12	4.4e+12	0	-0.616862	-0.419927	0	-3.08432e-08	-2.09964e-08	0
598	5e+24	4.59999e+12	4.59999e+12	0	-0.559417	-0.559417	0	-2.79709e-08	-2.79709e-08	0
599	5e+24	4.6e+12	4.79999e+12	0	-0.477218	-0.875912	0	-2.3861e-08	-4.37961e-08	0
600	5e+24	4.79999e+12	7.34545e+06	0	-0.734547	0.734547	0	-3.67278e-08	3.67278e-08	0
601	5e+24	4.79999e+12	2.00005e+11	0	-0.875912	0.477218	0	-4.37961e-08	2.3861e-08	0
602	5e+24	4.79999e+12	4.00004e+11	0	-0.948445	0.367762	0	-4.74228e-08	1.83881e-08	0
603	5e+24	4.79999e+12	6.00003e+11	0	-0.994264	0.297472	0	-4.97137e-08	1.48736e-08	0
604	5e+24	4.79999e+12	8.00002e+11	0	-1.02626	0.244867	0	-5.13137e-08	1.22434e-08	0
605	5e+24	4.79999e+12	1e+12	0	-1.04978	0.202162	0	-5.24898e-08	1.01081e-08	0
606	5e+24	4.79999e+12	1.2e+12	0	-1.06752	0.165663	0	-5.33763e-08	8.28315e-09	0
607	5e+24	4.79999e+12	1.4e+12	0	-1.08099	0.133313	0	-5.40498e-08	6.66566e-09	0
608	5e+24	4.79999e+12	1.6e+12	0	-1.09112	0.10383	0	-5.45567e-08	5.19151e-09	0
609	5e+24	4.79999e+12	1.8e+12	0	-1.09853	0.0763401	0	-5.4927e-08	3.81701e-09	0
610	5e+24	4.79999e+12	2e+12	0	-1.10358	0.0501996	0	-5.51797e-08	2.50998e-09	0
611	5e+24	4.79999e+12	2.2e+12	0	-1.10653	0.0248984	0	-5.5327e-08	1.24492e-09	0
612	5e+24	4.79999e+12	2.4e+12	0	-1.1075	-1.25675e-16	0	-5.53754e-08	-2.38331e-23	0
613	5e+24	4.79999e+12	2.6e+12	0	-1.10653	-0.0248984	0	-5.5327e-08	-1.24492e-09	0
614	5e+24	4.79999e+12	2.8e+12	0	-1.10358	-0.0501996	0	-5.51797e-08	-2.50998e-09	0
615	5e+24	4.79999e+12	3e+12	0	-1.09853	-0.0763401	0	-5.4927e-08	-3.81701e-09	0
616	5e+24	4.79999e+12	3.2e+12	0	-1.09112	-0.10383	0	-5.45567e-08	-5.19151e-09	0
617	5e+24	4.79999e+12	3.4e+12	0	-1.08099	-0.133313	0	-5.40498e-08	-6.66566e-09	0
618	5e+24	4.79999e+12	3.6e+12	0	-1.06752	-0.165663	0	-5.33763e-08	-8.28315e-09	0
619	5e+24	4.79999e+12	3.8e+12	0	-1.04978	-0.202162	0	-5.24898e-08	-1.01081e-08	0
620	5e+24	4.79999e+12	4e+12	0	-1.02626	-0.244867	0	-5.13137e-08	-1.22434e-08	0
621	5e+24	4.79999e+12	4.2e+12	0	-0.994264	-0.297472	0	-4.97137e-08	-1.48736e-08	0
622	5e+24	4.79999e+12	4.4e+12	0	-0.948445	-0.367762	0	-4.74228e-08	-1.83881e-08	0
623	5e+24	4.79999e+12	4.6e+12	0	-0.875912	-0.477218	0	-4.37961e-08	-2.3861e-08	0
624	5e+24	4.79999e+12	4.79999e+12	0	-0.734547	-0.734547	0	-3.67278e-08	-3.67278e-08	0
