625
0	5e+24	459089	459089	0	0.183636	0.183636	0	3.67272e-08	3.67272e-08	0
1	5e+24	547442	2e+11	0	0.218977	0.119304	0	4.37954e-08	2.38609e-08	0
2	5e+24	592775	4e+11	0	0.23711	0.0919405	0	4.74221e-08	1.83881e-08	0
3	5e+24	621412	6e+11	0	0.248565	0.0743679	0	4.9713e-08	1.48736e-08	0
4	5e+24	641412	8e+11	0	0.256565	0.0612168	0	5.1313e-08	1.22434e-08	0
5	5e+24	656113	1e+12	0	0.262445	0.0505405	0	5.2489e-08	1.01081e-08	0
6	5e+24	667195	1.2e+12	0	0.266878	0.0414157	0	5.33756e-08	8.28314e-09	0
7	5e+24	675613	1.4e+12	0	0.270245	0.0333283	0	5.40491e-08	6.66565e-09	0
8	5e+24	681950	1.6e+12	0	0.27278	0.0259575	0	5.4556e-08	5.1915e-09	0
9	5e+24	686578	1.8e+12	0	0.274631	0.019085	0	5.49263e-08	3.817e-09	0
10	5e+24	689737	2e+12	0	0.275895	0.0125499	0	5.5179e-08	2.50998e-09	0
11	5e+24	691578	2.2e+12	0	0.276631	0.00622459	0	5.53263e-08	1.24492e-09	0
12	5e+24	692183	2.4e+12	0	0.276873	-7.42308e-19	0	5.53747e-08	-5.1618e-25	0
13	5e+24	691578	2.6e+12	0	0.276631	-0.00622459	0	5.53263e-08	-1.24492e-09	0
14	5e+24	689737	2.8e+12	0	0.275895	-0.0125499	0	5.5179e-08	-2.50998e-09	0
15	5e+24	686578	3e+12	0	0.274631	-0.019085	0	5.49263e-08	-3.817e-09	0
16	5e+24	681950	3.2e+12	0	0.27278	-0.0259575	0	5.4556e-08	-5.1915e-09	0
17	5e+24	675613	3.4e+12	0	0.270245	-0.0333283	0	5.40491e-08	-6.66565e-09	0
18	5e+24	667195	3.6e+12	0	0.266878	-0.0414157	0	5.33756e-08	-8.28314e-09	0
19	5e+24	656113	3.8e+12	0	0.262445	-0.0505405	0	5.2489e-08	-1.01081e-08	0
20	5e+24	641412	4e+12	0	0.256565	-0.0612168	0	5.1313e-08	-1.22434e-08	0
21	5e+24	621412	4.2e+12	0	0.248565	-0.0743679	0	4.9713e-08	-1.48736e-08	0
22	5e+24	592775	4.4e+12	0	0.23711	-0.0919405	0	4.74221e-08	-1.83881e-08	0
23	5e+24	547442	4.6e+12	0	0.218977	-0.119304	0	4.37954e-08	-2.38609e-08	0
24	5e+24	459089	4.8e+12	0	0.183636	-0.183636	0	3.67272e-08	-3.67272e-08	0
25	5e+24	2e+11	547442	0	0.119304	0.218977	0	2.38609e-08	4.37954e-08	0
26	5e+24	2e+11	2e+11	0	0.139854	0.139854	0	2.79708e-08	2.79708e-08	0
27	5e+24	2e+11	4e+11	0	0.154215	0.104982	0	3.08431e-08	2.09964e-08	0
28	5e+24	2e+11	6e+11	0	0.164313	0.0834015	0	3.28626e-08	1.66803e-08	0
29	5e+24	2e+11	8e+11	0	0.171684	0.0678143	0	3.43368e-08	1.35629e-08	0
30	5e+24	2e+11	1e+12	0	0.17722	0.0555024	0	3.54439e-08	1.11005e-08	0
31	5e+24	2e+11	1.2e+12	0	0.181442	0.0451947	0	3.62884e-08	9.03893e-09	0
32	5e+24	2e+11	1.4e+12	0	0.184671	0.0361997	0	3.69343e-08	7.23994e-09	0
33	5e+24	2e+11	1.6e+12	0	0.187112	0.0280971	0	3.74225e-08	5.61941e-09	0
34	5e+24	2e+11	1.8e+12	0	0.1889	0.0206071	0	3.778e-08	4.12142e-09	0
35	5e+24	2e+11	2e+12	0	0.190122	0.0135282	0	3.80244e-08	2.70564e-09	0
36	5e+24	2e+11	2.2e+12	0	0.190835	0.00670334	0	3.8167e-08	1.34067e-09	0
37	5e+24	2e+11	2.4e+12	0	0.191069	1.9524e-17	0	3.82138e-08	6.39045e-24	0
38	5e+24	2e+11	2.6e+12	0	0.190835	-0.00670334	0	3.8167e-08	-1.34067e-09	0
39	5e+24	2e+11	2.8e+12	0	0.190122	-0.0135282	0	3.80244e-08	-2.70564e-09	0
40	5e+24	2e+11	3e+12	0	0.1889	-0.0206071	0	3.778e-08	-4.12142e-09	0
41	5e+24	2e+11	3.2e+12	0	0.187112	-0.0280971	0	3.74225e-08	-5.61941e-09	0
42	5e+24	2e+11	3.4e+12	0	0.184671	-0.0361997	0	3.69343e-08	-7.23994e-09	0
43	5e+24	2e+11	3.6e+12	0	0.181442	-0.0451947	0	3.62884e-08	-9.03893e-09	0
44	5e+24	2e+11	3.8e+12	0	0.17722	-0.0555024	0	3.54439e-08	-1.11005e-08	0
45	5e+24	2e+11	4e+12	0	0.171684	-0.0678143	0	3.43368e-08	-1.35629e-08	0
46	5e+24	2e+11	4.2e+12	0	0.164313	-0.0834015	0	3.28626e-08	-1.66803e-08	0
47	5e+24	2e+11	4.4e+12	0	0.154215	-0.104982	0	3.08431e-08	-2.09964e-08	0
48	5e+24	2e+11	4.6e+12	0	0.139854	-0.139854	0	2.79708e-08	-2.79708e-08	0
49	5e+24	2e+11	4.8e+12	0	0.119304	-0.218977	0	2.38609e-08	-4.37954e-08	0
50	5e+24	4e+11	592775	0	0.0919405	0.23711	0	1.83881e-08	4.74221e-08	0
51	5e+24	4e+11	2e+11	0	0.104982	0.154215	0	2.09964e-08	3.08431e-08	0
52	5e+24	4e+11	4e+11	0	0.115613	0.115613	0	2.31226e-08	2.31226e-08	0
53	5e+24	4e+11	6e+11	0	0.123891	0.0913161	0	2.47783e-08	1.82632e-08	0
54	5e+24	4e+11	8e+11	0	0.130295	0.0738122	0	2.60589e-08	1.47624e-08	0
55	5e+24	4e+11	1e+12	0	0.135267	0.0601076	0	2.70533e-08	1.20215e-08	0
56	5e+24	4e+11	1.2e+12	0	0.139136	0.0487454	0	2.78272e-08	9.74907e-09	0
57	5e+24	4e+11	1.4e+12	0	0.142133	0.0389184	0	2.84265e-08	7.78368e-09	0
58	5e+24	4e+11	1.6e+12	0	0.144416	0.0301327	0	2.88832e-08	6.02653e-09	0
59	5e+24	4e+11	1.8e+12	0	0.146097	0.0220597	0	2.92194e-08	4.41194e-09	0
60	5e+24	4e+11	2e+12	0	0.14725	0.0144636	0	2.945e-08	2.89273e-09	0
61	5e+24	4e+11	2.2e+12	0	0.147924	0.00716159	0	2.95848e-08	1.43232e-09	0
62	5e+24	4e+11	2.4e+12	0	0.148146	2.45188e-17	0	2.96291e-08	5.71272e-24	0
63	5e+24	4e+11	2.6e+12	0	0.147924	-0.00716159	0	2.95848e-08	-1.43232e-09	0
64	5e+24	4e+11	2.8e+12	0	0.14725	-0.0144636	0	2.945e-08	-2.89273e-09	0
65	5e+24	4e+11	3e+12	0	0.146097	-0.0220597	0	2.92194e-08	-4.41194e-09	0
66	5e+24	4e+11	3.2e+12	0	0.144416	-0.0301327	0	2.88832e-08	-6.02653e-09	0
67	5e+24	4e+11	3.4e+12	0	0.142133	-0.0389184	0	2.84265e-08	-7.78368e-09	0
68	5e+24	4e+11	3.6e+12	0	0.139136	-0.0487454	0	2.78272e-08	-9.74907e-09	0
69	5e+24	4e+11	3.8e+12	0	0.135267	-0.0601076	0	2.70533e-08	-1.20215e-08	0
70	5e+24	4e+11	4e+12	0	0.130295	-0.0738122	0	2.60589e-08	-1.47624e-08	0
71	5e+24	4e+11	4.2e+12	0	0.123891	-0.0913161	0	2.47783e-08	-1.82632e-08	0
72	5e+24	4e+11	4.4e+12	0	0.115613	-0.115613	0	2.31226e-08	-2.31226e-08	0
73	5e+24	4e+11	4.6e+12	0	0.104982	-0.154215	0	2.09964e-08	-3.08431e-08	0
74	5e+24	4e+11	4.8e+12	0	0.0919405	-0.23711	0	1.83881e-08	-4.74221e-08	0
75	5e+24	6e+11	621412	0	0.0743679	0.248565	0	1.48736e-08	4.9713e-08	0
76	5e+24	6e+11	2e+11	0	0.0834015	0.164313	0	1.66803e-08	3.28626e-08	0
77	5e+24	6e+11	4e+11	0	0.0913161	0.123891	0	1.82632e-08	2.47783e-08	0
78	5e+24	6e+11	6e+11	0	0.097914	0.097914	0	1.95828e-08	1.95828e-08	0
79	5e+24	6e+11	8e+11	0	0.10328	0.0790296	0	2.06559e-08	1.58059e-08	0
80	5e+24	6e+11	1e+12	0	0.107591	0.0642219	0	2.15182e-08	1.28444e-08	0
81	5e+24	6e+11	1.2e+12	0	0.111023	0.0519726	0	2.22046e-08	1.03945e-08	0
82	5e+24	6e+11	1.4e+12	0	0.113722	0.0414175	0	2.27445e-08	8.2835e-09	0
83	5e+24	6e+11	1.6e+12	0	0.115801	0.0320179	0	2.31602e-08	6.40358e-09	0
84	5e+24	6e+11	1.8e+12	0	0.117341	0.0234117	0	2.34683e-08	4.68233e-09	0
85	5e+24	6e+11	2e+12	0	0.118403	0.0153369	0	2.36806e-08	3.06739e-09	0
86	5e+24	6e+11	2.2e+12	0	0.119025	0.00759012	0	2.3805e-08	1.51802e-09	0
87	5e+24	6e+11	2.4e+12	0	0.11923	-4.57942e-17	0	2.3846e-08	-7.42282e-24	0
88	5e+24	6e+11	2.6e+12	0	0.119025	-0.00759012	0	2.3805e-08	-1.51802e-09	0
89	5e+24	6e+11	2.8e+12	0	0.118403	-0.0153369	0	2.36806e-08	-3.06739e-09	0
90	5e+24	6e+11	3e+12	0	0.117341	-0.0234117	0	2.34683e-08	-4.68233e-09	0
91	5e+24	6e+11	3.2e+12	0	0.115801	-0.0320179	0	2.31602e-08	-6.40358e-09	0
92	5e+24	6e+11	3.4e+12	0	0.113722	-0.0414175	0	2.27445e-08	-8.2835e-09	0
93	5e+24	6e+11	3.6e+12	0	0.111023	-0.0519726	0	2.22046e-08	-1.03945e-08	0
94	5e+24	6e+11	3.8e+12	0	0.107591	-0.0642219	0	2.15182e-08	-1.28444e-08	0
95	5e+24	6e+11	4e+12	0	0.10328	-0.0790296	0	2.06559e-08	-1.58059e-08	0
96	5e+24	6e+11	4.2e+12	0	0.097914	-0.097914	0	1.95828e-08	-1.95828e-08	0
97	5e+24	6e+11	4.4e+12	0	0.0913161	-0.123891	0	1.82632e-08	-2.47783e-08	0
98	5e+24	6e+11	4.6e+12	0	0.0834015	-0.164313	0	1.66803e-08	-3.28626e-08	0
99	5e+24	6e+11	4.8e+12	0	0.0743679	-0.248565	0	1.48736e-08	-4.9713e-08	0
100	5e+24	8e+11	641412	0	0.0612168	0.256565	0	1.22434e-08	5.1313e-08	0
101	5e+24	8e+11	2e+11	0	0.0678143	0.171684	0	1.35629e-08	3.43368e-08	0
102	5e+24	8e+11	4e+11	0	0.0738122	0.130295	0	1.47624e-08	2.60589e-08	0
103	5e+24	8e+11	6e+11	0	0.0790296	0.10328	0	1.58059e-08	2.06559e-08	0
104	5e+24	8e+11	8e+11	0	0.0834345	0.0834345	0	1.66869e-08	1.66869e-08	0
105	5e+24	8e+11	1e+12	0	0.0870785	0.067789	0	1.74157e-08	1.35578e-08	0
106	5e+24	8e+11	1.2e+12	0	0.0900431	0.0548229	0	1.80086e-08	1.09646e-08	0
107	5e+24	8e+11	1.4e+12	0	0.0924113	0.0436532	0	1.84823e-08	8.73064e-09	0
108	5e+24	8e+11	1.6e+12	0	0.094255	0.0337195	0	1.8851e-08	6.7439e-09	0
109	5e+24	8e+11	1.8e+12	0	0.0956323	0.0246392	0	1.91265e-08	4.92785e-09	0
110	5e+24	8e+11	2e+12	0	0.0965863	0.016133	0	1.93173e-08	3.22659e-09	0
111	5e+24	8e+11	2.2e+12	0	0.0971471	0.00798158	0	1.94294e-08	1.59632e-09	0
112	5e+24	8e+11	2.4e+12	0	0.0973322	-9.36089e-17	0	1.94664e-08	-2.31659e-23	0
113	5e+24	8e+11	2.6e+12	0	0.0971471	-0.00798158	0	1.94294e-08	-1.59632e-09	0
114	5e+24	8e+11	2.8e+12	0	0.0965863	-0.016133	0	1.93173e-08	-3.22659e-09	0
115	5e+24	8e+11	3e+12	0	0.0956323	-0.0246392	0	1.91265e-08	-4.92785e-09	0
116	5e+24	8e+11	3.2e+12	0	0.094255	-0.0337195	0	1.8851e-08	-6.7439e-09	0
117	5e+24	8e+11	3.4e+12	0	0.0924113	-0.0436532	0	1.84823e-08	-8.73064e-09	0
118	5e+24	8e+11	3.6e+12	0	0.0900431	-0.0548229	0	1.80086e-08	-1.09646e-08	0
119	5e+24	8e+11	3.8e+12	0	0.0870785	-0.067789	0	1.74157e-08	-1.35578e-08	0
120	5e+24	8e+11	4e+12	0	0.0834345	-0.0834345	0	1.66869e-08	-1.66869e-08	0
121	5e+24	8e+11	4.2e+12	0	0.0790296	-0.10328	0	1.58059e-08	-2.06559e-08	0
122	5e+24	8e+11	4.4e+12	0	0.0738122	-0.130295	0	1.47624e-08	-2.60589e-08	0
123	5e+24	8e+11	4.6e+12	0	0.0678143	-0.171684	0	1.35629e-08	-3.43368e-08	0
124	5e+24	8e+11	4.8e+12	0	0.0612168	-0.256565	0	1.22434e-08	-5.1313e-08	0
125	5e+24	1e+12	656113	0	0.0505405	0.262445	0	1.01081e-08	5.2489e-08	0
126	5e+24	1e+12	2e+11	0	0.0555024	0.17722	0	1.11005e-08	3.54439e-08	0
127	5e+24	1e+12	4e+11	0	0.0601076	0.135267	0	1.20215e-08	2.70533e-08	0
128	5e+24	1e+12	6e+11	0	0.0642219	0.107591	0	1.28444e-08	2.15182e-08	0
129	5e+24	1e+12	8e+11	0	0.067789	0.0870785	0	1.35578e-08	1.74157e-08	0
130	5e+24	1e+12	1e+12	0	0.0708085	0.0708085	0	1.41617e-08	1.41617e-08	0
131	5e+24	1e+12	1.2e+12	0	0.073311	0.0572779	0	1.46622e-08	1.14556e-08	0
132	5e+24	1e+12	1.4e+12	0	0.0753386	0.0456035	0	1.50677e-08	9.12071e-09	0
133	5e+24	1e+12	1.6e+12	0	0.0769342	0.0352175	0	1.53868e-08	7.0435e-09	0
134	5e+24	1e+12	1.8e+12	0	0.0781351	0.0257269	0	1.5627e-08	5.14538e-09	0
135	5e+24	1e+12	2e+12	0	0.0789715	0.0168412	0	1.57943e-08	3.36824e-09	0
136	5e+24	1e+12	2.2e+12	0	0.0794647	0.0083307	0	1.58929e-08	1.66614e-09	0
137	5e+24	1e+12	2.4e+12	0	0.0796277	-6.55779e-17	0	1.59255e-08	-1.48408e-23	0
138	5e+24	1e+12	2.6e+12	0	0.0794647	-0.0083307	0	1.58929e-08	-1.66614e-09	0
139	5e+24	1e+12	2.8e+12	0	0.0789715	-0.0168412	0	1.57943e-08	-3.36824e-09	0
140	5e+24	1e+12	3e+12	0	0.0781351	-0.0257269	0	1.5627e-08	-5.14538e-09	0
141	5e+24	1e+12	3.2e+12	0	0.0769342	-0.0352175	0	1.53868e-08	-7.0435e-09	0
142	5e+24	1e+12	3.4e+12	0	0.0753386	-0.0456035	0	1.50677e-08	-9.12071e-09	0
143	5e+24	1e+12	3.6e+12	0	0.073311	-0.0572779	0	1.46622e-08	-1.14556e-08	0
144	5e+24	1e+12	3.8e+12	0	0.0708085	-0.0708085	0	1.41617e-08	-1.41617e-08	0
145	5e+24	1e+12	4e+12	0	0.067789	-0.0870785	0	1.35578e-08	-1.74157e-08	0
146	5e+24	1e+12	4.2e+12	0	0.0642219	-0.107591	0	1.28444e-08	-2.15182e-08	0
147	5e+24	1e+12	4.4e+12	0	0.0601076	-0.135267	0	1.20215e-08	-2.70533e-08	0
148	5e+24	1e+12	4.6e+12	0	0.0555024	-0.17722	0	1.11005e-08	-3.54439e-08	0
149	5e+24	1e+12	4.8e+12	0	0.0505405	-0.262445	0	1.01081e-08	-5.2489e-08	0
150	5e+24	1.2e+12	667195	0	0.0414157	0.266878	0	8.28314e-09	5.33756e-08	0
151	5e+24	1.2e+12	2e+11	0	0.0451947	0.181442	0	9.03893e-09	3.62884e-08	0
152	5e+24	1.2e+12	4e+11	0	0.0487454	0.139136	0	9.74907e-09	2.78272e-08	0
153	5e+24	1.2e+12	6e+11	0	0.0519726	0.111023	0	1.03945e-08	2.22046e-08	0
154	5e+24	1.2e+12	8e+11	0	0.0548229	0.0900431	0	1.09646e-08	1.80086e-08	0
155	5e+24	1.2e+12	1e+12	0	0.0572779	0.073311	0	1.14556e-08	1.46622e-08	0
156	5e+24	1.2e+12	1.2e+12	0	0.059343	0.059343	0	1.18686e-08	1.18686e-08	0
157	5e+24	1.2e+12	1.4e+12	0	0.0610366	0.0472632	0	1.22073e-08	9.45264e-09	0
158	5e+24	1.2e+12	1.6e+12	0	0.062382	0.0365033	0	1.24764e-08	7.30066e-09	0
159	5e+24	1.2e+12	1.8e+12	0	0.0634017	0.0266662	0	1.26803e-08	5.33325e-09	0
160	5e+24	1.2e+12	2e+12	0	0.0641155	0.0174554	0	1.28231e-08	3.49108e-09	0
161	5e+24	1.2e+12	2.2e+12	0	0.0645377	0.00863417	0	1.29075e-08	1.72683e-09	0
162	5e+24	1.2e+12	2.4e+12	0	0.0646774	-5.13025e-17	0	1.29355e-08	-1.59507e-23	0
163	5e+24	1.2e+12	2.6e+12	0	0.0645377	-0.00863417	0	1.29075e-08	-1.72683e-09	0
164	5e+24	1.2e+12	2.8e+12	0	0.0641155	-0.0174554	0	1.28231e-08	-3.49108e-09	0
165	5e+24	1.2e+12	3e+12	0	0.0634017	-0.0266662	0	1.26803e-08	-5.33325e-09	0
166	5e+24	1.2e+12	3.2e+12	0	0.062382	-0.0365033	0	1.24764e-08	-7.30066e-09	0
167	5e+24	1.2e+12	3.4e+12	0	0.0610366	-0.0472632	0	1.22073e-08	-9.45264e-09	0
168	5e+24	1.2e+12	3.6e+12	0	0.059343	-0.059343	0	1.18686e-08	-1.18686e-08	0
169	5e+24	1.2e+12	3.8e+12	0	0.0572779	-0.073311	0	1.14556e-08	-1.46622e-08	0
170	5e+24	1.2e+12	4e+12	0	0.0548229	-0.0900431	0	1.09646e-08	-1.80086e-08	0
171	5e+24	1.2e+12	4.2e+12	0	0.0519726	-0.111023	0	1.03945e-08	-2.22046e-08	0
172	5e+24	1.2e+12	4.4e+12	0	0.0487454	-0.139136	0	9.74907e-09	-2.78272e-08	0
173	5e+24	1.2e+12	4.6e+12	0	0.0451947	-0.181442	0	9.03893e-09	-3.62884e-08	0
174	5e+24	1.2e+12	4.8e+12	0	0.0414157	-0.266878	0	8.28314e-09	-5.33756e-08	0
175	5e+24	1.4e+12	675613	0	0.0333283	0.270245	0	6.66565e-09	5.40491e-08	0
176	5e+24	1.4e+12	2e+11	0	0.0361997	0.184671	0	7.23994e-09	3.69343e-08	0
177	5e+24	1.4e+12	4e+11	0	0.0389184	0.142133	0	7.78368e-09	2.84265e-08	0
178	5e+24	1.4e+12	6e+11	0	0.0414175	0.113722	0	8.2835e-09	2.27445e-08	0
179	5e+24	1.4e+12	8e+11	0	0.0436532	0.0924113	0	8.73064e-09	1.84823e-08	0
180	5e+24	1.4e+12	1e+12	0	0.0456035	0.0753386	0	9.12071e-09	1.50677e-08	0
181	5e+24	1.4e+12	1.2e+12	0	0.0472632	0.0610366	0	9.45264e-09	1.22073e-08	0
182	5e+24	1.4e+12	1.4e+12	0	0.0486377	0.0486377	0	9.72754e-09	9.72754e-09	0
183	5e+24	1.4e+12	1.6e+12	0	0.0497381	0.0375763	0	9.94763e-09	7.51526e-09	0
184	5e+24	1.4e+12	1.8e+12	0	0.0505774	0.0274545	0	1.01155e-08	5.49089e-09	0
185	5e+24	1.4e+12	2e+12	0	0.0511673	0.0179727	0	1.02335e-08	3.59455e-09	0
186	5e+24	1.4e+12	2.2e+12	0	0.0515173	0.00889035	0	1.03035e-08	1.77807e-09	0
187	5e+24	1.4e+12	2.4e+12	0	0.0516333	-8.46357e-17	0	1.03267e-08	-3.01162e-23	0
188	5e+24	1.4e+12	2.6e+12	0	0.0515173	-0.00889035	0	1.03035e-08	-1.77807e-09	0
189	5e+24	1.4e+12	2.8e+12	0	0.0511673	-0.0179727	0	1.02335e-08	-3.59455e-09	0
190	5e+24	1.4e+12	3e+12	0	0.0505774	-0.0274545	0	1.01155e-08	-5.49089e-09	0
191	5e+24	1.4e+12	3.2e+12	0	0.0497381	-0.0375763	0	9.94763e-09	-7.51526e-09	0
192	5e+24	1.4e+12	3.4e+12	0	0.0486377	-0.0486377	0	9.72754e-09	-9.72754e-09	0
193	5e+24	1.4e+12	3.6e+12	0	0.0472632	-0.0610366	0	9.45264e-09	-1.22073e-08	0
194	5e+24	1.4e+12	3.8e+12	0	0.0456035	-0.0753386	0	9.12071e-09	-1.50677e-08	0
195	5e+24	1.4e+12	4e+12	0	0.0436532	-0.0924113	0	8.73064e-09	-1.84823e-08	0
196	5e+24	1.4e+12	4.2e+12	0	0.0414175	-0.113722	0	8.2835e-09	-2.27445e-08	0
197	5e+24	1.4e+12	4.4e+12	0	0.0389184	-0.142133	0	7.78368e-09	-2.84265e-08	0
198	5e+24	1.4e+12	4.6e+12	0	0.0361997	-0.184671	0	7.23994e-09	-3.69343e-08	0
199	5e+24	1.4e+12	4.8e+12	0	0.0333283	-0.270245	0	6.66565e-09	-5.40491e-08	0
200	5e+24	1.6e+12	681950	0	0.0259575	0.27278	0	5.1915e-09	5.4556e-08	0
201	5e+24	1.6e+12	2e+11	0	0.0280971	0.187112	0	5.61941e-09	3.74225e-08	0
202	5e+24	1.6e+12	4e+11	0	0.0301327	0.144416	0	6.02653e-09	2.88832e-08	0
203	5e+24	1.6e+12	6e+11	0	0.0320179	0.115801	0	6.40358e-09	2.31602e-08	0
204	5e+24	1.6e+12	8e+11	0	0.0337195	0.094255	0	6.7439e-09	1.8851e-08	0
205	5e+24	1.6e+12	1e+12	0	0.0352175	0.0769342	0	7.0435e-09	1.53868e-08	0
206	5e+24	1.6e+12	1.2e+12	0	0.0365033	0.062382	0	7.30066e-09	1.24764e-08	0
207	5e+24	1.6e+12	1.4e+12	0	0.0375763	0.0497381	0	7.51526e-09	9.94763e-09	0
208	5e+24	1.6e+12	1.6e+12	0	0.0384407	0.0384407	0	7.68815e-09	7.68815e-09	0
209	5e+24	1.6e+12	1.8e+12	0	0.0391032	0.0280925	0	7.82065e-09	5.61851e-09	0
210	5e+24	1.6e+12	2e+12	0	0.0395706	0.0183929	0	7.91413e-09	3.67858e-09	0
211	5e+24	1.6e+12	2.2e+12	0	0.0398486	0.0090988	0	7.96971e-09	1.81976e-09	0
212	5e+24	1.6e+12	2.4e+12	0	0.0399408	-9.80861e-17	0	7.98816e-09	-3.3252e-23	0
213	5e+24	1.6e+12	2.6e+12	0	0.0398486	-0.0090988	0	7.96971e-09	-1.81976e-09	0
214	5e+24	1.6e+12	2.8e+12	0	0.0395706	-0.0183929	0	7.91413e-09	-3.67858e-09	0
215	5e+24	1.6e+12	3e+12	0	0.0391032	-0.0280925	0	7.82065e-09	-5.61851e-09	0
216	5e+24	1.6e+12	3.2e+12	0	0.0384407	-0.0384407	0	7.68815e-09	-7.68815e-09	0
217	5e+24	1.6e+12	3.4e+12	0	0.0375763	-0.0497381	0	7.51526e-09	-9.94763e-09	0
218	5e+24	1.6e+12	3.6e+12	0	0.0365033	-0.062382	0	7.30066e-09	-1.24764e-08	0
219	5e+24	1.6e+12	3.8e+12	0	0.0352175	-0.0769342	0	7.0435e-09	-1.53868e-08	0
220	5e+24	1.6e+12	4e+12	0	0.0337195	-0.094255	0	6.7439e-09	-1.8851e-08	0
221	5e+24	1.6e+12	4.2e+12	0	0.0320179	-0.115801	0	6.40358e-09	-2.31602e-08	0
222	5e+24	1.6e+12	4.4e+12	0	0.0301327	-0.144416	0	6.02653e-09	-2.88832e-08	0
223	5e+24	1.6e+12	4.6e+12	0	0.0280971	-0.187112	0	5.61941e-09	-3.74225e-08	0
224	5e+24	1.6e+12	4.8e+12	0	0.0259575	-0.27278	0	5.1915e-09	-5.4556e-08	0
225	5e+24	1.8e+12	686578	0	0.019085	0.274631	0	3.817e-09	5.49263e-08	0
226	5e+24	1.8e+12	2e+11	0	0.0206071	0.1889	0	4.12142e-09	3.778e-08	0
227	5e+24	1.8e+12	4e+11	0	0.0220597	0.146097	0	4.41194e-09	2.92194e-08	0
228	5e+24	1.8e+12	6e+11	0	0.0234117	0.117341	0	4.68233e-09	2.34683e-08	0
229	5e+24	1.8e+12	8e+11	0	0.0246392	0.0956323	0	4.92785e-09	1.91265e-08	0
230	5e+24	1.8e+12	1e+12	0	0.0257269	0.0781351	0	5.14538e-09	1.5627e-08	0
231	5e+24	1.8e+12	1.2e+12	0	0.0266662	0.0634017	0	5.33325e-09	1.26803e-08	0
232	5e+24	1.8e+12	1.4e+12	0	0.0274545	0.0505774	0	5.49089e-09	1.01155e-08	0
233	5e+24	1.8e+12	1.6e+12	0	0.0280925	0.0391032	0	5.61851e-09	7.82065e-09	0
234	5e+24	1.8e+12	1.8e+12	0	0.0285834	0.0285834	0	5.71668e-09	5.71668e-09	0
235	5e+24	1.8e+12	2e+12	0	0.0289306	0.018717	0	5.78613e-09	3.74339e-09	0
236	5e+24	1.8e+12	2.2e+12	0	0.0291375	0.00925984	0	5.8275e-09	1.85197e-09	0
237	5e+24	1.8e+12	2.4e+12	0	0.0292062	-1.33155e-16	0	5.84124e-09	-3.93525e-23	0
238	5e+24	1.8e+12	2.6e+12	0	0.0291375	-0.00925984	0	5.8275e-09	-1.85197e-09	0
239	5e+24	1.8e+12	2.8e+12	0	0.0289306	-0.018717	0	5.78613e-09	-3.74339e-09	0
240	5e+24	1.8e+12	3e+12	0	0.0285834	-0.0285834	0	5.71668e-09	-5.71668e-09	0
241	5e+24	1.8e+12	3.2e+12	0	0.0280925	-0.0391032	0	5.61851e-09	-7.82065e-09	0
242	5e+24	1.8e+12	3.4e+12	0	0.0274545	-0.0505774	0	5.49089e-09	-1.01155e-08	0
243	5e+24	1.8e+12	3.6e+12	0	0.0266662	-0.0634017	0	5.33325e-09	-1.26803e-08	0
244	5e+24	1.8e+12	3.8e+12	0	0.0257269	-0.0781351	0	5.14538e-09	-1.5627e-08	0
245	5e+24	1.8e+12	4e+12	0	0.0246392	-0.0956323	0	4.92785e-09	-1.91265e-08	0
246	5e+24	1.8e+12	4.2e+12	0	0.0234117	-0.117341	0	4.68233e-09	-2.34683e-08	0
247	5e+24	1.8e+12	4.4e+12	0	0.0220597	-0.146097	0	4.41194e-09	-2.92194e-08	0
248	5e+24	1.8e+12	4.6e+12	0	0.0206071	-0.1889	0	4.12142e-09	-3.778e-08	0
249	5e+24	1.8e+12	4.8e+12	0	0.019085	-0.274631	0	3.817e-09	-5.49263e-08	0
250	5e+24	2e+12	689737	0	0.0125499	0.275895	0	2.50998e-09	5.5179e-08	0
251	5e+24	2e+12	2e+11	0	0.0135282	0.190122	0	2.70564e-09	3.80244e-08	0
252	5e+24	2e+12	4e+11	0	0.0144636	0.14725	0	2.89273e-09	2.945e-08	0
253	5e+24	2e+12	6e+11	0	0.0153369	0.118403	0	3.06739e-09	2.36806e-08	0
254	5e+24	2e+12	8e+11	0	0.016133	0.0965863	0	3.22659e-09	1.93173e-08	0
255	5e+24	2e+12	1e+12	0	0.0168412	0.0789715	0	3.36824e-09	1.57943e-08	0
256	5e+24	2e+12	1.2e+12	0	0.0174554	0.0641155	0	3.49108e-09	1.28231e-08	0
257	5e+24	2e+12	1.4e+12	0	0.0179727	0.0511673	0	3.59455e-09	1.02335e-08	0
258	5e+24	2e+12	1.6e+12	0	0.0183929	0.0395706	0	3.67858e-09	7.91413e-09	0
259	5e+24	2e+12	1.8e+12	0	0.018717	0.0289306	0	3.74339e-09	5.78613e-09	0
260	5e+24	2e+12	2e+12	0	0.0189467	0.0189467	0	3.78934e-09	3.78934e-09	0
261	5e+24	2e+12	2.2e+12	0	0.0190837	0.00937412	0	3.81675e-09	1.87483e-09	0
262	5e+24	2e+12	2.4e+12	0	0.0191293	-2.54503e-16	0	3.82586e-09	-7.41264e-23	0
263	5e+24	2e+12	2.6e+12	0	0.0190837	-0.00937412	0	3.81675e-09	-1.87483e-09	0
264	5e+24	2e+12	2.8e+12	0	0.0189467	-0.0189467	0	3.78934e-09	-3.78934e-09	0
265	5e+24	2e+12	3e+12	0	0.018717	-0.0289306	0	3.74339e-09	-5.78613e-09	0
266	5e+24	2e+12	3.2e+12	0	0.0183929	-0.0395706	0	3.67858e-09	-7.91413e-09	0
267	5e+24	2e+12	3.4e+12	0	0.0179727	-0.0511673	0	3.59455e-09	-1.02335e-08	0
268	5e+24	2e+12	3.6e+12	0	0.0174554	-0.0641155	0	3.49108e-09	-1.28231e-08	0
269	5e+24	2e+12	3.8e+12	0	0.0168412	-0.0789715	0	3.36824e-09	-1.57943e-08	0
270	5e+24	2e+12	4e+12	0	0.016133	-0.0965863	0	3.22659e-09	-1.93173e-08	0
271	5e+24	2e+12	4.2e+12	0	0.0153369	-0.118403	0	3.06739e-09	-2.36806e-08	0
272	5e+24	2e+12	4.4e+12	0	0.0144636	-0.14725	0	2.89273e-09	-2.945e-08	0
273	5e+24	2e+12	4.6e+12	0	0.0135282	-0.190122	0	2.70564e-09	-3.80244e-08	0
274	5e+24	2e+12	4.8e+12	0	0.0125499	-0.275895	0	2.50998e-09	-5.5179e-08	0
275	5e+24	2.2e+12	691578	0	0.00622459	0.276631	0	1.24492e-09	5.53263e-08	0
276	5e+24	2.2e+12	2e+11	0	0.00670334	0.190835	0	1.34067e-09	3.8167e-08	0
277	5e+24	2.2e+12	4e+11	0	0.00716159	0.147924	0	1.43232e-09	2.95848e-08	0
278	5e+24	2.2e+12	6e+11	0	0.00759012	0.119025	0	1.51802e-09	2.3805e-08	0
279	5e+24	2.2e+12	8e+11	0	0.00798158	0.0971471	0	1.59632e-09	1.94294e-08	0
280	5e+24	2.2e+12	1e+12	0	0.0083307	0.0794647	0	1.66614e-09	1.58929e-08	0
281	5e+24	2.2e+12	1.2e+12	0	0.00863417	0.0645377	0	1.72683e-09	1.29075e-08	0
282	5e+24	2.2e+12	1.4e+12	0	0.00889035	0.0515173	0	1.77807e-09	1.03035e-08	0
283	5e+24	2.2e+12	1.6e+12	0	0.0090988	0.0398486	0	1.81976e-09	7.96971e-09	0
284	5e+24	2.2e+12	1.8e+12	0	0.00925984	0.0291375	0	1.85197e-09	5.8275e-09	0
285	5e+24	2.2e+12	2e+12	0	0.00937412	0.0190837	0	1.87483e-09	3.81675e-09	0
286	5e+24	2.2e+12	2.2e+12	0	0.00944236	0.00944236	0	1.88847e-09	1.88847e-09	0
287	5e+24	2.2e+12	2.4e+12	0	0.00946504	-3.40702e-16	0	1.89301e-09	-9.72713e-23	0
288	5e+24	2.2e+12	2.6e+12	0	0.00944236	-0.00944236	0	1.88847e-09	-1.88847e-09	0
289	5e+24	2.2e+12	2.8e+12	0	0.00937412	-0.0190837	0	1.87483e-09	-3.81675e-09	0
290	5e+24	2.2e+12	3e+12	0	0.00925984	-0.0291375	0	1.85197e-09	-5.8275e-09	0
291	5e+24	2.2e+12	3.2e+12	0	0.0090988	-0.0398486	0	1.81976e-09	-7.96971e-09	0
292	5e+24	2.2e+12	3.4e+12	0	0.00889035	-0.0515173	0	1.77807e-09	-1.03035e-08	0
293	5e+24	2.2e+12	3.6e+12	0	0.00863417	-0.0645377	0	1.72683e-09	-1.29075e-08	0
294	5e+24	2.2e+12	3.8e+12	0	0.0083307	-0.0794647	0	1.66614e-09	-1.58929e-08	0
295	5e+24	2.2e+12	4e+12	0	0.00798158	-0.0971471	0	1.59632e-09	-1.94294e-08	0
296	5e+24	2.2e+12	4.2e+12	0	0.00759012	-0.119025	0	1.51802e-09	-2.3805e-08	0
297	5e+24	2.2e+12	4.4e+12	0	0.00716159	-0.147924	0	1.43232e-09	-2.95848e-08	0
298	5e+24	2.2e+12	4.6e+12	0	0.00670334	-0.190835	0	1.34067e-09	-3.8167e-08	0
299	5e+24	2.2e+12	4.8e+12	0	0.00622459	-0.276631	0	1.24492e-09	-5.53263e-08	0
300	5e+24	2.4e+12	692183	0	-1.19088e-17	0.276873	0	-2.63656e-23	5.53747e-08	0
301	5e+24	2.4e+12	2e+11	0	1.70753e-17	0.191069	0	-2.43509e-23	3.82138e-08	0
302	5e+24	2.4e+12	4e+11	0	3.45524e-17	0.148146	0	1.32317e-24	2.96291e-08	0
303	5e+24	2.4e+12	6e+11	0	-4.11887e-17	0.11923	0	-1.26678e-23	2.3846e-08	0
304	5e+24	2.4e+12	8e+11	0	-8.70932e-17	0.0973322	0	-4.38422e-23	1.94664e-08	0
305	5e+24	2.4e+12	1e+12	0	-5.97822e-17	0.0796277	0	-1.81398e-23	1.59255e-08	0
306	5e+24	2.4e+12	1.2e+12	0	-5.95535e-17	0.0646774	0	1.34869e-23	1.29355e-08	0
307	5e+24	2.4e+12	1.4e+12	0	-8.14553e-17	0.0516333	0	-1.65258e-23	1.03267e-08	0
308	5e+24	2.4e+12	1.6e+12	0	-1.02141e-16	0.0399408	0	-5.48718e-23	7.98816e-09	0
309	5e+24	2.4e+12	1.8e+12	0	-1.37494e-16	0.0292062	0	-5.42773e-23	5.84124e-09	0
310	5e+24	2.4e+12	2e+12	0	-2.64876e-16	0.0191293	0	-6.37543e-23	3.82586e-09	0
311	5e+24	2.4e+12	2.2e+12	0	-3.40224e-16	0.00946504	0	-9.76235e-23	1.89301e-09	0
312	5e+24	2.4e+12	2.4e+12	0	-2.93949e-16	-2.94578e-16	0	-7.94061e-23	-8.22205e-23	0
313	5e+24	2.4e+12	2.6e+12	0	-3.45392e-16	-0.00946504	0	-8.97879e-23	-1.89301e-09	0
314	5e+24	2.4e+12	2.8e+12	0	-2.51737e-16	-0.0191293	0	-8.40396e-23	-3.82586e-09	0
315	5e+24	2.4e+12	3e+12	0	-1.29254e-16	-0.0292062	0	-2.82599e-23	-5.84124e-09	0
316	5e+24	2.4e+12	3.2e+12	0	-9.04176e-17	-0.0399408	0	-3.47222e-23	-7.98816e-09	0
317	5e+24	2.4e+12	3.4e+12	0	-7.83722e-17	-0.0516333	0	-4.49909e-23	-1.03267e-08	0
318	5e+24	2.4e+12	3.6e+12	0	-5.04401e-17	-0.0646774	0	-3.55494e-23	-1.29355e-08	0
319	5e+24	2.4e+12	3.8e+12	0	-6.53921e-17	-0.0796277	0	-2.13451e-23	-1.59255e-08	0
320	5e+24	2.4e+12	4e+12	0	-9.31689e-17	-0.0973322	0	2.1972e-25	-1.94664e-08	0
321	5e+24	2.4e+12	4.2e+12	0	-5.46724e-17	-0.11923	0	-9.77753e-24	-2.3846e-08	0
322	5e+24	2.4e+12	4.4e+12	0	2.04746e-17	-0.148146	0	2.80466e-23	-2.96291e-08	0
323	5e+24	2.4e+12	4.6e+12	0	1.96128e-17	-0.191069	0	3.33586e-23	-3.82138e-08	0
324	5e+24	2.4e+12	4.8e+12	0	5.35535e-18	-0.276873	0	1.76422e-23	-5.53747e-08	0
325	5e+24	2.6e+12	691578	0	-0.00622459	0.276631	0	-1.24492e-09	5.53263e-08	0
326	5e+24	2.6e+12	2e+11	0	-0.00670334	0.190835	0	-1.34067e-09	3.8167e-08	0
327	5e+24	2.6e+12	4e+11	0	-0.00716159	0.147924	0	-1.43232e-09	2.95848e-08	0
328	5e+24	2.6e+12	6e+11	0	-0.00759012	0.119025	0	-1.51802e-09	2.3805e-08	0
329	5e+24	2.6e+12	8e+11	0	-0.00798158	0.0971471	0	-1.59632e-09	1.94294e-08	0
330	5e+24	2.6e+12	1e+12	0	-0.0083307	0.0794647	0	-1.66614e-09	1.58929e-08	0
331	5e+24	2.6e+12	1.2e+12	0	-0.00863417	0.0645377	0	-1.72683e-09	1.29075e-08	0
332	5e+24	2.6e+12	1.4e+12	0	-0.00889035	0.0515173	0	-1.77807e-09	1.03035e-08	0
333	5e+24	2.6e+12	1.6e+12	0	-0.0090988	0.0398486	0	-1.81976e-09	7.96971e-09	0
334	5e+24	2.6e+12	1.8e+12	0	-0.00925984	0.0291375	0	-1.85197e-09	5.8275e-09	0
335	5e+24	2.6e+12	2e+12	0	-0.00937412	0.0190837	0	-1.87483e-09	3.81675e-09	0
336	5e+24	2.6e+12	2.2e+12	0	-0.00944236	0.00944236	0	-1.88847e-09	1.88847e-09	0
337	5e+24	2.6e+12	2.4e+12	0	-0.00946504	-3.40828e-16	0	-1.89301e-09	-9.77721e-23	0
338	5e+24	2.6e+12	2.6e+12	0	-0.00944236	-0.00944236	0	-1.88847e-09	-1.88847e-09	0
339	5e+24	2.6e+12	2.8e+12	0	-0.00937412	-0.0190837	0	-1.87483e-09	-3.81675e-09	0
340	5e+24	2.6e+12	3e+12	0	-0.00925984	-0.0291375	0	-1.85197e-09	-5.8275e-09	0
341	5e+24	2.6e+12	3.2e+12	0	-0.0090988	-0.0398486	0	-1.81976e-09	-7.96971e-09	0
342	5e+24	2.6e+12	3.4e+12	0	-0.00889035	-0.0515173	0	-1.77807e-09	-1.03035e-08	0
343	5e+24	2.6e+12	3.6e+12	0	-0.00863417	-0.0645377	0	-1.72683e-09	-1.29075e-08	0
344	5e+24	2.6e+12	3.8e+12	0	-0.0083307	-0.0794647	0	-1.66614e-09	-1.58929e-08	0
345	5e+24	2.6e+12	4e+12	0	-0.00798158	-0.0971471	0	-1.59632e-09	-1.94294e-08	0
346	5e+24	2.6e+12	4.2e+12	0	-0.00759012	-0.119025	0	-1.51802e-09	-2.3805e-08	0
347	5e+24	2.6e+12	4.4e+12	0	-0.00716159	-0.147924	0	-1.43232e-09	-2.95848e-08	0
348	5e+24	2.6e+12	4.6e+12	0	-0.00670334	-0.190835	0	-1.34067e-09	-3.8167e-08	0
349	5e+24	2.6e+12	4.8e+12	0	-0.00622459	-0.276631	0	-1.24492e-09	-5.53263e-08	0
350	5e+24	2.8e+12	689737	0	-0.0125499	0.275895	0	-2.50998e-09	5.5179e-08	0
351	5e+24	2.8e+12	2e+11	0	-0.0135282	0.190122	0	-2.70564e-09	3.80244e-08	0
352	5e+24	2.8e+12	4e+11	0	-0.0144636	0.14725	0	-2.89273e-09	2.945e-08	0
353	5e+24	2.8e+12	6e+11	0	-0.0153369	0.118403	0	-3.06739e-09	2.36806e-08	0
354	5e+24	2.8e+12	8e+11	0	-0.016133	0.0965863	0	-3.22659e-09	1.93173e-08	0
355	5e+24	2.8e+12	1e+12	0	-0.0168412	0.0789715	0	-3.36824e-09	1.57943e-08	0
356	5e+24	2.8e+12	1.2e+12	0	-0.0174554	0.0641155	0	-3.49108e-09	1.28231e-08	0
357	5e+24	2.8e+12	1.4e+12	0	-0.0179727	0.0511673	0	-3.59455e-09	1.02335e-08	0
358	5e+24	2.8e+12	1.6e+12	0	-0.0183929	0.0395706	0	-3.67858e-09	7.91413e-09	0
359	5e+24	2.8e+12	1.8e+12	0	-0.018717	0.0289306	0	-3.74339e-09	5.78613e-09	0
360	5e+24	2.8e+12	2e+12	0	-0.0189467	0.0189467	0	-3.78934e-09	3.78934e-09	0
361	5e+24	2.8e+12	2.2e+12	0	-0.0190837	0.00937412	0	-3.81675e-09	1.87483e-09	0
362	5e+24	2.8e+12	2.4e+12	0	-0.0191293	-2.5401e-16	0	-3.82586e-09	-7.30148e-23	0
363	5e+24	2.8e+12	2.6e+12	0	-0.0190837	-0.00937412	0	-3.81675e-09	-1.87483e-09	0
364	5e+24	2.8e+12	2.8e+12	0	-0.0189467	-0.0189467	0	-3.78934e-09	-3.78934e-09	0
365	5e+24	2.8e+12	3e+12	0	-0.018717	-0.0289306	0	-3.74339e-09	-5.78613e-09	0
366	5e+24	2.8e+12	3.2e+12	0	-0.0183929	-0.0395706	0	-3.67858e-09	-7.91413e-09	0
367	5e+24	2.8e+12	3.4e+12	0	-0.0179727	-0.0511673	0	-3.59455e-09	-1.02335e-08	0
368	5e+24	2.8e+12	3.6e+12	0	-0.0174554	-0.0641155	0	-3.49108e-09	-1.28231e-08	0
369	5e+24	2.8e+12	3.8e+12	0	-0.0168412	-0.0789715	0	-3.36824e-09	-1.57943e-08	0
370	5e+24	2.8e+12	4e+12	0	-0.016133	-0.0965863	0	-3.22659e-09	-1.93173e-08	0
371	5e+24	2.8e+12	4.2e+12	0	-0.0153369	-0.118403	0	-3.06739e-09	-2.36806e-08	0
372	5e+24	2.8e+12	4.4e+12	0	-0.0144636	-0.14725	0	-2.89273e-09	-2.945e-08	0
373	5e+24	2.8e+12	4.6e+12	0	-0.0135282	-0.190122	0	-2.70564e-09	-3.80244e-08	0
374	5e+24	2.8e+12	4.8e+12	0	-0.0125499	-0.275895	0	-2.50998e-09	-5.5179e-08	0
375	5e+24	3e+12	686578	0	-0.019085	0.274631	0	-3.817e-09	5.49263e-08	0
376	5e+24	3e+12	2e+11	0	-0.0206071	0.1889	0	-4.12142e-09	3.778e-08	0
377	5e+24	3e+12	4e+11	0	-0.0220597	0.146097	0	-4.41194e-09	2.92194e-08	0
378	5e+24	3e+12	6e+11	0	-0.0234117	0.117341	0	-4.68233e-09	2.34683e-08	0
379	5e+24	3e+12	8e+11	0	-0.0246392	0.0956323	0	-4.92785e-09	1.91265e-08	0
380	5e+24	3e+12	1e+12	0	-0.0257269	0.0781351	0	-5.14538e-09	1.5627e-08	0
381	5e+24	3e+12	1.2e+12	0	-0.0266662	0.0634017	0	-5.33325e-09	1.26803e-08	0
382	5e+24	3e+12	1.4e+12	0	-0.0274545	0.0505774	0	-5.49089e-09	1.01155e-08	0
383	5e+24	3e+12	1.6e+12	0	-0.0280925	0.0391032	0	-5.61851e-09	7.82065e-09	0
384	5e+24	3e+12	1.8e+12	0	-0.0285834	0.0285834	0	-5.71668e-09	5.71668e-09	0
385	5e+24	3e+12	2e+12	0	-0.0289306	0.018717	0	-5.78613e-09	3.74339e-09	0
386	5e+24	3e+12	2.2e+12	0	-0.0291375	0.00925984	0	-5.8275e-09	1.85197e-09	0
387	5e+24	3e+12	2.4e+12	0	-0.0292062	-1.33712e-16	0	-5.84124e-09	-3.74558e-23	0
388	5e+24	3e+12	2.6e+12	0	-0.0291375	-0.00925984	0	-5.8275e-09	-1.85197e-09	0
389	5e+24	3e+12	2.8e+12	0	-0.0289306	-0.018717	0	-5.78613e-09	-3.74339e-09	0
390	5e+24	3e+12	3e+12	0	-0.0285834	-0.0285834	0	-5.71668e-09	-5.71668e-09	0
391	5e+24	3e+12	3.2e+12	0	-0.0280925	-0.0391032	0	-5.61851e-09	-7.82065e-09	0
392	5e+24	3e+12	3.4e+12	0	-0.0274545	-0.0505774	0	-5.49089e-09	-1.01155e-08	0
393	5e+24	3e+12	3.6e+12	0	-0.0266662	-0.0634017	0	-5.33325e-09	-1.26803e-08	0
394	5e+24	3e+12	3.8e+12	0	-0.0257269	-0.0781351	0	-5.14538e-09	-1.5627e-08	0
395	5e+24	3e+12	4e+12	0	-0.0246392	-0.0956323	0	-4.92785e-09	-1.91265e-08	0
396	5e+24	3e+12	4.2e+12	0	-0.0234117	-0.117341	0	-4.68233e-09	-2.34683e-08	0
397	5e+24	3e+12	4.4e+12	0	-0.0220597	-0.146097	0	-4.41194e-09	-2.92194e-08	0
398	5e+24	3e+12	4.6e+12	0	-0.0206071	-0.1889	0	-4.12142e-09	-3.778e-08	0
399	5e+24	3e+12	4.8e+12	0	-0.019085	-0.274631	0	-3.817e-09	-5.49263e-08	0
400	5e+24	3.2e+12	681950	0	-0.0259575	0.27278	0	-5.1915e-09	5.4556e-08	0
401	5e+24	3.2e+12	2e+11	0	-0.0280971	0.187112	0	-5.61941e-09	3.74225e-08	0
402	5e+24	3.2e+12	4e+11	0	-0.0301327	0.144416	0	-6.02653e-09	2.88832e-08	0
403	5e+24	3.2e+12	6e+11	0	-0.0320179	0.115801	0	-6.40358e-09	2.31602e-08	0
404	5e+24	3.2e+12	8e+11	0	-0.0337195	0.094255	0	-6.7439e-09	1.8851e-08	0
405	5e+24	3.2e+12	1e+12	0	-0.0352175	0.0769342	0	-7.0435e-09	1.53868e-08	0
406	5e+24	3.2e+12	1.2e+12	0	-0.0365033	0.062382	0	-7.30066e-09	1.24764e-08	0
407	5e+24	3.2e+12	1.4e+12	0	-0.0375763	0.0497381	0	-7.51526e-09	9.94763e-09	0
408	5e+24	3.2e+12	1.6e+12	0	-0.0384407	0.0384407	0	-7.68815e-09	7.68815e-09	0
409	5e+24	3.2e+12	1.8e+12	0	-0.0391032	0.0280925	0	-7.82065e-09	5.61851e-09	0
410	5e+24	3.2e+12	2e+12	0	-0.0395706	0.0183929	0	-7.91413e-09	3.67858e-09	0
411	5e+24	3.2e+12	2.2e+12	0	-0.0398486	0.0090988	0	-7.96971e-09	1.81976e-09	0
412	5e+24	3.2e+12	2.4e+12	0	-0.0399408	-9.75474e-17	0	-7.98816e-09	-3.72037e-23	0
413	5e+24	3.2e+12	2.6e+12	0	-0.0398486	-0.0090988	0	-7.96971e-09	-1.81976e-09	0
414	5e+24	3.2e+12	2.8e+12	0	-0.0395706	-0.0183929	0	-7.91413e-09	-3.67858e-09	0
415	5e+24	3.2e+12	3e+12	0	-0.0391032	-0.0280925	0	-7.82065e-09	-5.61851e-09	0
416	5e+24	3.2e+12	3.2e+12	0	-0.0384407	-0.0384407	0	-7.68815e-09	-7.68815e-09	0
417	5e+24	3.2e+12	3.4e+12	0	-0.0375763	-0.0497381	0	-7.51526e-09	-9.94763e-09	0
418	5e+24	3.2e+12	3.6e+12	0	-0.0365033	-0.062382	0	-7.30066e-09	-1.24764e-08	0
419	5e+24	3.2e+12	3.8e+12	0	-0.0352175	-0.0769342	0	-7.0435e-09	-1.53868e-08	0
420	5e+24	3.2e+12	4e+12	0	-0.0337195	-0.094255	0	-6.7439e-09	-1.8851e-08	0
421	5e+24	3.2e+12	4.2e+12	0	-0.0320179	-0.115801	0	-6.40358e-09	-2.31602e-08	0
422	5e+24	3.2e+12	4.4e+12	0	-0.0301327	-0.144416	0	-6.02653e-09	-2.88832e-08	0
423	5e+24	3.2e+12	4.6e+12	0	-0.0280971	-0.187112	0	-5.61941e-09	-3.74225e-08	0
424	5e+24	3.2e+12	4.8e+12	0	-0.0259575	-0.27278	0	-5.1915e-09	-5.4556e-08	0
425	5e+24	3.4e+12	675613	0	-0.0333283	0.270245	0	-6.66565e-09	5.40491e-08	0
426	5e+24	3.4e+12	2e+11	0	-0.0361997	0.184671	0	-7.23994e-09	3.69343e-08	0
427	5e+24	3.4e+12	4e+11	0	-0.0389184	0.142133	0	-7.78368e-09	2.84265e-08	0
428	5e+24	3.4e+12	6e+11	0	-0.0414175	0.113722	0	-8.2835e-09	2.27445e-08	0
429	5e+24	3.4e+12	8e+11	0	-0.0436532	0.0924113	0	-8.73064e-09	1.84823e-08	0
430	5e+24	3.4e+12	1e+12	0	-0.0456035	0.0753386	0	-9.12071e-09	1.50677e-08	0
431	5e+24	3.4e+12	1.2e+12	0	-0.0472632	0.0610366	0	-9.45264e-09	1.22073e-08	0
432	5e+24	3.4e+12	1.4e+12	0	-0.0486377	0.0486377	0	-9.72754e-09	9.72754e-09	0
433	5e+24	3.4e+12	1.6e+12	0	-0.0497381	0.0375763	0	-9.94763e-09	7.51526e-09	0
434	5e+24	3.4e+12	1.8e+12	0	-0.0505774	0.0274545	0	-1.01155e-08	5.49089e-09	0
435	5e+24	3.4e+12	2e+12	0	-0.0511673	0.0179727	0	-1.02335e-08	3.59455e-09	0
436	5e+24	3.4e+12	2.2e+12	0	-0.0515173	0.00889035	0	-1.03035e-08	1.77807e-09	0
437	5e+24	3.4e+12	2.4e+12	0	-0.0516333	-8.38807e-17	0	-1.03267e-08	-3.12325e-23	0
438	5e+24	3.4e+12	2.6e+12	0	-0.0515173	-0.00889035	0	-1.03035e-08	-1.77807e-09	0
439	5e+24	3.4e+12	2.8e+12	0	-0.0511673	-0.0179727	0	-1.02335e-08	-3.59455e-09	0
440	5e+24	3.4e+12	3e+12	0	-0.0505774	-0.0274545	0	-1.01155e-08	-5.49089e-09	0
441	5e+24	3.4e+12	3.2e+12	0	-0.0497381	-0.0375763	0	-9.94763e-09	-7.51526e-09	0
442	5e+24	3.4e+12	3.4e+12	0	-0.0486377	-0.0486377	0	-9.72754e-09	-9.72754e-09	0
443	5e+24	3.4e+12	3.6e+12	0	-0.0472632	-0.0610366	0	-9.45264e-09	-1.22073e-08	0
444	5e+24	3.4e+12	3.8e+12	0	-0.0456035	-0.0753386	0	-9.12071e-09	-1.50677e-08	0
445	5e+24	3.4e+12	4e+12	0	-0.0436532	-0.0924113	0	-8.73064e-09	-1.84823e-08	0
446	5e+24	3.4e+12	4.2e+12	0	-0.0414175	-0.113722	0	-8.2835e-09	-2.27445e-08	0
447	5e+24	3.4e+12	4.4e+12	0	-0.0389184	-0.142133	0	-7.78368e-09	-2.84265e-08	0
448	5e+24	3.4e+12	4.6e+12	0	-0.0361997	-0.184671	0	-7.23994e-09	-3.69343e-08	0
449	5e+24	3.4e+12	4.8e+12	0	-0.0333283	-0.270245	0	-6.66565e-09	-5.40491e-08	0
450	5e+24	3.6e+12	667195	0	-0.0414157	0.266878	0	-8.28314e-09	5.33756e-08	0
451	5e+24	3.6e+12	2e+11	0	-0.0451947	0.181442	0	-9.03893e-09	3.62884e-08	0
452	5e+24	3.6e+12	4e+11	0	-0.0487454	0.139136	0	-9.74907e-09	2.78272e-08	0
453	5e+24	3.6e+12	6e+11	0	-0.0519726	0.111023	0	-1.03945e-08	2.22046e-08	0
454	5e+24	3.6e+12	8e+11	0	-0.0548229	0.0900431	0	-1.09646e-08	1.80086e-08	0
455	5e+24	3.6e+12	1e+12	0	-0.0572779	0.073311	0	-1.14556e-08	1.46622e-08	0
456	5e+24	3.6e+12	1.2e+12	0	-0.059343	0.059343	0	-1.18686e-08	1.18686e-08	0
457	5e+24	3.6e+12	1.4e+12	0	-0.0610366	0.0472632	0	-1.22073e-08	9.45264e-09	0
458	5e+24	3.6e+12	1.6e+12	0	-0.062382	0.0365033	0	-1.24764e-08	7.30066e-09	0
459	5e+24	3.6e+12	1.8e+12	0	-0.0634017	0.0266662	0	-1.26803e-08	5.33325e-09	0
460	5e+24	3.6e+12	2e+12	0	-0.0641155	0.0174554	0	-1.28231e-08	3.49108e-09	0
461	5e+24	3.6e+12	2.2e+12	0	-0.0645377	0.00863417	0	-1.29075e-08	1.72683e-09	0
462	5e+24	3.6e+12	2.4e+12	0	-0.0646774	-5.13893e-17	0	-1.29355e-08	-1.70606e-23	0
463	5e+24	3.6e+12	2.6e+12	0	-0.0645377	-0.00863417	0	-1.29075e-08	-1.72683e-09	0
464	5e+24	3.6e+12	2.8e+12	0	-0.0641155	-0.0174554	0	-1.28231e-08	-3.49108e-09	0
465	5e+24	3.6e+12	3e+12	0	-0.0634017	-0.0266662	0	-1.26803e-08	-5.33325e-09	0
466	5e+24	3.6e+12	3.2e+12	0	-0.062382	-0.0365033	0	-1.24764e-08	-7.30066e-09	0
467	5e+24	3.6e+12	3.4e+12	0	-0.0610366	-0.0472632	0	-1.22073e-08	-9.45264e-09	0
468	5e+24	3.6e+12	3.6e+12	0	-0.059343	-0.059343	0	-1.18686e-08	-1.18686e-08	0
469	5e+24	3.6e+12	3.8e+12	0	-0.0572779	-0.073311	0	-1.14556e-08	-1.46622e-08	0
470	5e+24	3.6e+12	4e+12	0	-0.0548229	-0.0900431	0	-1.09646e-08	-1.80086e-08	0
471	5e+24	3.6e+12	4.2e+12	0	-0.0519726	-0.111023	0	-1.03945e-08	-2.22046e-08	0
472	5e+24	3.6e+12	4.4e+12	0	-0.0487454	-0.139136	0	-9.74907e-09	-2.78272e-08	0
473	5e+24	3.6e+12	4.6e+12	0	-0.0451947	-0.181442	0	-9.03893e-09	-3.62884e-08	0
474	5e+24	3.6e+12	4.8e+12	0	-0.0414157	-0.266878	0	-8.28314e-09	-5.33756e-08	0
475	5e+24	3.8e+12	656113	0	-0.0505405	0.262445	0	-1.01081e-08	5.2489e-08	0
476	5e+24	3.8e+12	2e+11	0	-0.0555024	0.17722	0	-1.11005e-08	3.54439e-08	0
477	5e+24	3.8e+12	4e+11	0	-0.0601076	0.135267	0	-1.20215e-08	2.70533e-08	0
478	5e+24	3.8e+12	6e+11	0	-0.0642219	0.107591	0	-1.28444e-08	2.15182e-08	0
479	5e+24	3.8e+12	8e+11	0	-0.067789	0.0870785	0	-1.35578e-08	1.74157e-08	0
480	5e+24	3.8e+12	1e+12	0	-0.0708085	0.0708085	0	-1.41617e-08	1.41617e-08	0
481	5e+24	3.8e+12	1.2e+12	0	-0.073311	0.0572779	0	-1.46622e-08	1.14556e-08	0
482	5e+24	3.8e+12	1.4e+12	0	-0.0753386	0.0456035	0	-1.50677e-08	9.12071e-09	0
483	5e+24	3.8e+12	1.6e+12	0	-0.0769342	0.0352175	0	-1.53868e-08	7.0435e-09	0
484	5e+24	3.8e+12	1.8e+12	0	-0.0781351	0.0257269	0	-1.5627e-08	5.14538e-09	0
485	5e+24	3.8e+12	2e+12	0	-0.0789715	0.0168412	0	-1.57943e-08	3.36824e-09	0
486	5e+24	3.8e+12	2.2e+12	0	-0.0794647	0.0083307	0	-1.58929e-08	1.66614e-09	0
487	5e+24	3.8e+12	2.4e+12	0	-0.0796277	-6.48722e-17	0	-1.59255e-08	-1.56647e-23	0
488	5e+24	3.8e+12	2.6e+12	0	-0.0794647	-0.0083307	0	-1.58929e-08	-1.66614e-09	0
489	5e+24	3.8e+12	2.8e+12	0	-0.0789715	-0.0168412	0	-1.57943e-08	-3.36824e-09	0
490	5e+24	3.8e+12	3e+12	0	-0.0781351	-0.0257269	0	-1.5627e-08	-5.14538e-09	0
491	5e+24	3.8e+12	3.2e+12	0	-0.0769342	-0.0352175	0	-1.53868e-08	-7.0435e-09	0
492	5e+24	3.8e+12	3.4e+12	0	-0.0753386	-0.0456035	0	-1.50677e-08	-9.12071e-09	0
493	5e+24	3.8e+12	3.6e+12	0	-0.073311	-0.0572779	0	-1.46622e-08	-1.14556e-08	0
494	5e+24	3.8e+12	3.8e+12	0	-0.0708085	-0.0708085	0	-1.41617e-08	-1.41617e-08	0
495	5e+24	3.8e+12	4e+12	0	-0.067789	-0.0870785	0	-1.35578e-08	-1.74157e-08	0
496	5e+24	3.8e+12	4.2e+12	0	-0.0642219	-0.107591	0	-1.28444e-08	-2.15182e-08	0
497	5e+24	3.8e+12	4.4e+12	0	-0.0601076	-0.135267	0	-1.20215e-08	-2.70533e-08	0
498	5e+24	3.8e+12	4.6e+12	0	-0.0555024	-0.17722	0	-1.11005e-08	-3.54439e-08	0
499	5e+24	3.8e+12	4.8e+12	0	-0.0505405	-0.262445	0	-1.01081e-08	-5.2489e-08	0
500	5e+24	4e+12	641412	0	-0.0612168	0.256565	0	-1.22434e-08	5.1313e-08	0
501	5e+24	4e+12	2e+11	0	-0.0678143	0.171684	0	-1.35629e-08	3.43368e-08	0
502	5e+24	4e+12	4e+11	0	-0.0738122	0.130295	0	-1.47624e-08	2.60589e-08	0
503	5e+24	4e+12	6e+11	0	-0.0790296	0.10328	0	-1.58059e-08	2.06559e-08	0
504	5e+24	4e+12	8e+11	0	-0.0834345	0.0834345	0	-1.66869e-08	1.66869e-08	0
505	5e+24	4e+12	1e+12	0	-0.0870785	0.067789	0	-1.74157e-08	1.35578e-08	0
506	5e+24	4e+12	1.2e+12	0	-0.0900431	0.0548229	0	-1.80086e-08	1.09646e-08	0
507	5e+24	4e+12	1.4e+12	0	-0.0924113	0.0436532	0	-1.84823e-08	8.73064e-09	0
508	5e+24	4e+12	1.6e+12	0	-0.094255	0.0337195	0	-1.8851e-08	6.7439e-09	0
509	5e+24	4e+12	1.8e+12	0	-0.0956323	0.0246392	0	-1.91265e-08	4.92785e-09	0
510	5e+24	4e+12	2e+12	0	-0.0965863	0.016133	0	-1.93173e-08	3.22659e-09	0
511	5e+24	4e+12	2.2e+12	0	-0.0971471	0.00798158	0	-1.94294e-08	1.59632e-09	0
512	5e+24	4e+12	2.4e+12	0	-0.0973322	-9.39613e-17	0	-1.94664e-08	-2.18169e-23	0
513	5e+24	4e+12	2.6e+12	0	-0.0971471	-0.00798158	0	-1.94294e-08	-1.59632e-09	0
514	5e+24	4e+12	2.8e+12	0	-0.0965863	-0.016133	0	-1.93173e-08	-3.22659e-09	0
515	5e+24	4e+12	3e+12	0	-0.0956323	-0.0246392	0	-1.91265e-08	-4.92785e-09	0
516	5e+24	4e+12	3.2e+12	0	-0.094255	-0.0337195	0	-1.8851e-08	-6.7439e-09	0
517	5e+24	4e+12	3.4e+12	0	-0.0924113	-0.0436532	0	-1.84823e-08	-8.73064e-09	0
518	5e+24	4e+12	3.6e+12	0	-0.0900431	-0.0548229	0	-1.80086e-08	-1.09646e-08	0
519	5e+24	4e+12	3.8e+12	0	-0.0870785	-0.067789	0	-1.74157e-08	-1.35578e-08	0
520	5e+24	4e+12	4e+12	0	-0.0834345	-0.0834345	0	-1.66869e-08	-1.66869e-08	0
521	5e+24	4e+12	4.2e+12	0	-0.0790296	-0.10328	0	-1.58059e-08	-2.06559e-08	0
522	5e+24	4e+12	4.4e+12	0	-0.0738122	-0.130295	0	-1.47624e-08	-2.60589e-08	0
523	5e+24	4e+12	4.6e+12	0	-0.0678143	-0.171684	0	-1.35629e-08	-3.43368e-08	0
524	5e+24	4e+12	4.8e+12	0	-0.0612168	-0.256565	0	-1.22434e-08	-5.1313e-08	0
525	5e+24	4.2e+12	621412	0	-0.0743679	0.248565	0	-1.48736e-08	4.9713e-08	0
526	5e+24	4.2e+12	2e+11	0	-0.0834015	0.164313	0	-1.66803e-08	3.28626e-08	0
527	5e+24	4.2e+12	4e+11	0	-0.0913161	0.123891	0	-1.82632e-08	2.47783e-08	0
528	5e+24	4.2e+12	6e+11	0	-0.097914	0.097914	0	-1.95828e-08	1.95828e-08	0
529	5e+24	4.2e+12	8e+11	0	-0.10328	0.0790296	0	-2.06559e-08	1.58059e-08	0
530	5e+24	4.2e+12	1e+12	0	-0.107591	0.0642219	0	-2.15182e-08	1.28444e-08	0
531	5e+24	4.2e+12	1.2e+12	0	-0.111023	0.0519726	0	-2.22046e-08	1.03945e-08	0
532	5e+24	4.2e+12	1.4e+12	0	-0.113722	0.0414175	0	-2.27445e-08	8.2835e-09	0
533	5e+24	4.2e+12	1.6e+12	0	-0.115801	0.0320179	0	-2.31602e-08	6.40358e-09	0
534	5e+24	4.2e+12	1.8e+12	0	-0.117341	0.0234117	0	-2.34683e-08	4.68233e-09	0
535	5e+24	4.2e+12	2e+12	0	-0.118403	0.0153369	0	-2.36806e-08	3.06739e-09	0
536	5e+24	4.2e+12	2.2e+12	0	-0.119025	0.00759012	0	-2.3805e-08	1.51802e-09	0
537	5e+24	4.2e+12	2.4e+12	0	-0.11923	-4.53967e-17	0	-2.3846e-08	-7.981e-24	0
538	5e+24	4.2e+12	2.6e+12	0	-0.119025	-0.00759012	0	-2.3805e-08	-1.51802e-09	0
539	5e+24	4.2e+12	2.8e+12	0	-0.118403	-0.0153369	0	-2.36806e-08	-3.06739e-09	0
540	5e+24	4.2e+12	3e+12	0	-0.117341	-0.0234117	0	-2.34683e-08	-4.68233e-09	0
541	5e+24	4.2e+12	3.2e+12	0	-0.115801	-0.0320179	0	-2.31602e-08	-6.40358e-09	0
542	5e+24	4.2e+12	3.4e+12	0	-0.113722	-0.0414175	0	-2.27445e-08	-8.2835e-09	0
543	5e+24	4.2e+12	3.6e+12	0	-0.111023	-0.0519726	0	-2.22046e-08	-1.03945e-08	0
544	5e+24	4.2e+12	3.8e+12	0	-0.107591	-0.0642219	0	-2.15182e-08	-1.28444e-08	0
545	5e+24	4.2e+12	4e+12	0	-0.10328	-0.0790296	0	-2.06559e-08	-1.58059e-08	0
546	5e+24	4.2e+12	4.2e+12	0	-0.097914	-0.097914	0	-1.95828e-08	-1.95828e-08	0
547	5e+24	4.2e+12	4.4e+12	0	-0.0913161	-0.123891	0	-1.82632e-08	-2.47783e-08	0
548	5e+24	4.2e+12	4.6e+12	0	-0.0834015	-0.164313	0	-1.66803e-08	-3.28626e-08	0
549	5e+24	4.2e+12	4.8e+12	0	-0.0743679	-0.248565	0	-1.48736e-08	-4.9713e-08	0
550	5e+24	4.4e+12	592775	0	-0.0919405	0.23711	0	-1.83881e-08	4.74221e-08	0
551	5e+24	4.4e+12	2e+11	0	-0.104982	0.154215	0	-2.09964e-08	3.08431e-08	0
552	5e+24	4.4e+12	4e+11	0	-0.115613	0.115613	0	-2.31226e-08	2.31226e-08	0
553	5e+24	4.4e+12	6e+11	0	-0.123891	0.0913161	0	-2.47783e-08	1.82632e-08	0
554	5e+24	4.4e+12	8e+11	0	-0.130295	0.0738122	0	-2.60589e-08	1.47624e-08	0
555	5e+24	4.4e+12	1e+12	0	-0.135267	0.0601076	0	-2.70533e-08	1.20215e-08	0
556	5e+24	4.4e+12	1.2e+12	0	-0.139136	0.0487454	0	-2.78272e-08	9.74907e-09	0
557	5e+24	4.4e+12	1.4e+12	0	-0.142133	0.0389184	0	-2.84265e-08	7.78368e-09	0
558	5e+24	4.4e+12	1.6e+12	0	-0.144416	0.0301327	0	-2.88832e-08	6.02653e-09	0
559	5e+24	4.4e+12	1.8e+12	0	-0.146097	0.0220597	0	-2.92194e-08	4.41194e-09	0
560	5e+24	4.4e+12	2e+12	0	-0.14725	0.0144636	0	-2.945e-08	2.89273e-09	0
561	5e+24	4.4e+12	2.2e+12	0	-0.147924	0.00716159	0	-2.95848e-08	1.43232e-09	0
562	5e+24	4.4e+12	2.4e+12	0	-0.148146	2.46707e-17	0	-2.96291e-08	7.69666e-24	0
563	5e+24	4.4e+12	2.6e+12	0	-0.147924	-0.00716159	0	-2.95848e-08	-1.43232e-09	0
564	5e+24	4.4e+12	2.8e+12	0	-0.14725	-0.0144636	0	-2.945e-08	-2.89273e-09	0
565	5e+24	4.4e+12	3e+12	0	-0.146097	-0.0220597	0	-2.92194e-08	-4.41194e-09	0
566	5e+24	4.4e+12	3.2e+12	0	-0.144416	-0.0301327	0	-2.88832e-08	-6.02653e-09	0
567	5e+24	4.4e+12	3.4e+12	0	-0.142133	-0.0389184	0	-2.84265e-08	-7.78368e-09	0
568	5e+24	4.4e+12	3.6e+12	0	-0.139136	-0.0487454	0	-2.78272e-08	-9.74907e-09	0
569	5e+24	4.4e+12	3.8e+12	0	-0.135267	-0.0601076	0	-2.70533e-08	-1.20215e-08	0
570	5e+24	4.4e+12	4e+12	0	-0.130295	-0.0738122	0	-2.60589e-08	-1.47624e-08	0
571	5e+24	4.4e+12	4.2e+12	0	-0.123891	-0.0913161	0	-2.47783e-08	-1.82632e-08	0
572	5e+24	4.4e+12	4.4e+12	0	-0.115613	-0.115613	0	-2.31226e-08	-2.31226e-08	0
573	5e+24	4.4e+12	4.6e+12	0	-0.104982	-0.154215	0	-2.09964e-08	-3.08431e-08	0
574	5e+24	4.4e+12	4.8e+12	0	-0.0919405	-0.23711	0	-1.83881e-08	-4.74221e-08	0
575	5e+24	4.6e+12	547442	0	-0.119304	0.218977	0	-2.38609e-08	4.37954e-08	0
576	5e+24	4.6e+12	2e+11	0	-0.139854	0.139854	0	-2.79708e-08	2.79708e-08	0
577	5e+24	4.6e+12	4e+11	0	-0.154215	0.104982	0	-3.08431e-08	2.09964e-08	0
578	5e+24	4.6e+12	6e+11	0	-0.164313	0.0834015	0	-3.28626e-08	1.66803e-08	0
579	5e+24	4.6e+12	8e+11	0	-0.171684	0.0678143	0	-3.43368e-08	1.35629e-08	0
580	5e+24	4.6e+12	1e+12	0	-0.17722	0.0555024	0	-3.54439e-08	1.11005e-08	0
581	5e+24	4.6e+12	1.2e+12	0	-0.181442	0.0451947	0	-3.62884e-08	9.03893e-09	0
582	5e+24	4.6e+12	1.4e+12	0	-0.184671	0.0361997	0	-3.69343e-08	7.23994e-09	0
583	5e+24	4.6e+12	1.6e+12	0	-0.187112	0.0280971	0	-3.74225e-08	5.61941e-09	0
584	5e+24	4.6e+12	1.8e+12	0	-0.1889	0.0206071	0	-3.778e-08	4.12142e-09	0
585	5e+24	4.6e+12	2e+12	0	-0.190122	0.0135282	0	-3.80244e-08	2.70564e-09	0
586	5e+24	4.6e+12	2.2e+12	0	-0.190835	0.00670334	0	-3.8167e-08	1.34067e-09	0
587	5e+24	4.6e+12	2.4e+12	0	-0.191069	1.90127e-17	0	-3.82138e-08	4.75629e-24	0
588	5e+24	4.6e+12	2.6e+12	0	-0.190835	-0.00670334	0	-3.8167e-08	-1.34067e-09	0
589	5e+24	4.6e+12	2.8e+12	0	-0.190122	-0.0135282	0	-3.80244e-08	-2.70564e-09	0
590	5e+24	4.6e+12	3e+12	0	-0.1889	-0.0206071	0	-3.778e-08	-4.12142e-09	0
591	5e+24	4.6e+12	3.2e+12	0	-0.187112	-0.0280971	0	-3.74225e-08	-5.61941e-09	0
592	5e+24	4.6e+12	3.4e+12	0	-0.184671	-0.0361997	0	-3.69343e-08	-7.23994e-09	0
593	5e+24	4.6e+12	3.6e+12	0	-0.181442	-0.0451947	0	-3.62884e-08	-9.03893e-09	0
594	5e+24	4.6e+12	3.8e+12	0	-0.17722	-0.0555024	0	-3.54439e-08	-1.11005e-08	0
595	5e+24	4.6e+12	4e+12	0	-0.171684	-0.0678143	0	-3.43368e-08	-1.35629e-08	0
596	5e+24	4.6e+12	4.2e+12	0	-0.164313	-0.0834015	0	-3.28626e-08	-1.66803e-08	0
597	5e+24	4.6e+12	4.4e+12	0	-0.154215	-0.104982	0	-3.08431e-08	-2.09964e-08	0
598	5e+24	4.6e+12	4.6e+12	0	-0.139854	-0.139854	0	-2.79708e-08	-2.79708e-08	0
599	5e+24	4.6e+12	4.8e+12	0	-0.119304	-0.218977	0	-2.38609e-08	-4.37954e-08	0
600	5e+24	4.8e+12	459089	0	-0.183636	0.183636	0	-3.67272e-08	3.67272e-08	0
601	5e+24	4.8e+12	2e+11	0	-0.218977	0.119304	0	-4.37954e-08	2.38609e-08	0
602	5e+24	4.8e+12	4e+11	0	-0.23711	0.0919405	0	-4.74221e-08	1.83881e-08	0
603	5e+24	4.8e+12	6e+11	0	-0.248565	0.0743679	0	-4.9713e-08	1.48736e-08	0
604	5e+24	4.8e+12	8e+11	0	-0.256565	0.0612168	0	-5.1313e-08	1.22434e-08	0
605	5e+24	4.8e+12	1e+12	0	-0.262445	0.0505405	0	-5.2489e-08	1.01081e-08	0
606	5e+24	4.8e+12	1.2e+12	0	-0.266878	0.0414157	0	-5.33756e-08	8.28314e-09	0
607	5e+24	4.8e+12	1.4e+12	0	-0.270245	0.0333283	0	-5.40491e-08	6.66565e-09	0
608	5e+24	4.8e+12	1.6e+12	0	-0.27278	0.0259575	0	-5.4556e-08	5.1915e-09	0
609	5e+24	4.8e+12	1.8e+12	0	-0.274631	0.019085	0	-5.49263e-08	3.817e-09	0
610	5e+24	4.8e+12	2e+12	0	-0.275895	0.0125499	0	-5.5179e-08	2.50998e-09	0
611	5e+24	4.8e+12	2.2e+12	0	-0.276631	0.00622459	0	-5.53263e-08	1.24492e-09	0
612	5e+24	4.8e+12	2.4e+12	0	-0.276873	-1.26037e-18	0	-5.53747e-08	-1.66729e-24	0
613	5e+24	4.8e+12	2.6e+12	0	-0.276631	-0.00622459	0	-5.53263e-08	-1.24492e-09	0
614	5e+24	4.8e+12	2.8e+12	0	-0.275895	-0.0125499	0	-5.5179e-08	-2.50998e-09	0
615	5e+24	4.8e+12	3e+12	0	-0.274631	-0.019085	0	-5.49263e-08	-3.817e-09	0
616	5e+24	4.8e+12	3.2e+12	0	-0.27278	-0.0259575	0	-5.4556e-08	-5.1915e-09	0
617	5e+24	4.8e+12	3.4e+12	0	-0.270245	-0.0333283	0	-5.40491e-08	-6.66565e-09	0
618	5e+24	4.8e+12	3.6e+12	0	-0.266878	-0.0414157	0	-5.33756e-08	-8.28314e-09	0
619	5e+24	4.8e+12	3.8e+12	0	-0.262445	-0.0505405	0	-5.2489e-08	-1.01081e-08	0
620	5e+24	4.8e+12	4e+12	0	-0.256565	-0.0612168	0	-5.1313e-08	-1.22434e-08	0
621	5e+24	4.8e+12	4.2e+12	0	-0.248565	-0.0743679	0	-4.9713e-08	-1.48736e-08	0
622	5e+24	4.8e+12	4.4e+12	0	-0.23711	-0.0919405	0	-4.74221e-08	-1.83881e-08	0
623	5e+24	4.8e+12	4.6e+12	0	-0.218977	-0.119304	0	-4.37954e-08	-2.38609e-08	0
624	5e+24	4.8e+12	4.8e+12	0	-0.183636	-0.183636	0	-3.67272e-08	-3.67272e-08	0
