625
0	5e+24	1.17532e+08	1.17532e+08	0	2.93843	2.93843	0	3.67368e-08	3.67368e-08	0
1	5e+24	1.40151e+08	2.00076e+11	0	3.50394	1.9089	0	4.3807e-08	2.38622e-08	0
2	5e+24	1.51757e+08	4.00059e+11	0	3.79409	1.47107	0	4.74342e-08	1.83888e-08	0
3	5e+24	1.59088e+08	6.00048e+11	0	3.97736	1.1899	0	4.97251e-08	1.4874e-08	0
4	5e+24	1.64208e+08	8.00039e+11	0	4.10536	0.979477	0	5.13251e-08	1.22437e-08	0
5	5e+24	1.67971e+08	1.00003e+12	0	4.19944	0.808654	0	5.25012e-08	1.01083e-08	0
6	5e+24	1.70808e+08	1.20003e+12	0	4.27037	0.662656	0	5.33877e-08	8.28331e-09	0
7	5e+24	1.72963e+08	1.40002e+12	0	4.32424	0.533256	0	5.40611e-08	6.66578e-09	0
8	5e+24	1.74586e+08	1.60002e+12	0	4.3648	0.415323	0	5.4568e-08	5.1916e-09	0
9	5e+24	1.7577e+08	1.80001e+12	0	4.39442	0.305362	0	5.49383e-08	3.81707e-09	0
10	5e+24	1.76579e+08	2.00001e+12	0	4.41464	0.2008	0	5.5191e-08	2.51003e-09	0
11	5e+24	1.7705e+08	2.2e+12	0	4.42642	0.099594	0	5.53383e-08	1.24494e-09	0
12	5e+24	1.77205e+08	2.4e+12	0	4.43029	-3.2691e-15	0	5.53867e-08	-8.81747e-23	0
13	5e+24	1.7705e+08	2.6e+12	0	4.42642	-0.099594	0	5.53383e-08	-1.24494e-09	0
14	5e+24	1.76579e+08	2.79999e+12	0	4.41464	-0.2008	0	5.5191e-08	-2.51003e-09	0
15	5e+24	1.7577e+08	2.99999e+12	0	4.39442	-0.305362	0	5.49383e-08	-3.81707e-09	0
16	5e+24	1.74586e+08	3.19998e+12	0	4.3648	-0.415323	0	5.4568e-08	-5.1916e-09	0
17	5e+24	1.72963e+08	3.39998e+12	0	4.32424	-0.533256	0	5.40611e-08	-6.66578e-09	0
18	5e+24	1.70808e+08	3.59997e+12	0	4.27037	-0.662656	0	5.33877e-08	-8.28331e-09	0
19	5e+24	1.67971e+08	3.79997e+12	0	4.19944	-0.808654	0	5.25012e-08	-1.01083e-08	0
20	5e+24	1.64208e+08	3.99996e+12	0	4.10536	-0.979477	0	5.13251e-08	-1.22437e-08	0
21	5e+24	1.59088e+08	4.19995e+12	0	3.97736	-1.1899	0	4.97251e-08	-1.4874e-08	0
22	5e+24	1.51757e+08	4.39994e+12	0	3.79409	-1.47107	0	4.74342e-08	-1.83888e-08	0
23	5e+24	1.40151e+08	4.59992e+12	0	3.50394	-1.9089	0	4.3807e-08	-2.38622e-08	0
24	5e+24	1.17532e+08	4.79988e+12	0	2.93843	-2.93843	0	3.67368e-08	-3.67368e-08	0
25	5e+24	2.00076e+11	1.40151e+08	0	1.9089	3.50394	0	2.38622e-08	4.3807e-08	0
26	5e+24	2.0009e+11	2.0009e+11	0	2.23771	2.23771	0	2.79724e-08	2.79724e-08	0
27	5e+24	2.00099e+11	4.00067e+11	0	2.4675	1.67973	0	3.0845e-08	2.0997e-08	0
28	5e+24	2.00105e+11	6.00053e+11	0	2.62906	1.33443	0	3.28646e-08	1.66806e-08	0
29	5e+24	2.0011e+11	8.00043e+11	0	2.747	1.08503	0	3.43388e-08	1.35631e-08	0
30	5e+24	2.00113e+11	1.00004e+12	0	2.83557	0.888042	0	3.5446e-08	1.11006e-08	0
31	5e+24	2.00116e+11	1.20003e+12	0	2.90313	0.723118	0	3.62905e-08	9.03905e-09	0
32	5e+24	2.00118e+11	1.40002e+12	0	2.9548	0.579197	0	3.69364e-08	7.24002e-09	0
33	5e+24	2.0012e+11	1.60002e+12	0	2.99386	0.449555	0	3.74246e-08	5.61947e-09	0
34	5e+24	2.00121e+11	1.80001e+12	0	3.02245	0.329715	0	3.77821e-08	4.12146e-09	0
35	5e+24	2.00122e+11	2.00001e+12	0	3.04201	0.216452	0	3.80265e-08	2.70567e-09	0
36	5e+24	2.00122e+11	2.2e+12	0	3.05341	0.107254	0	3.81691e-08	1.34068e-09	0
37	5e+24	2.00122e+11	2.4e+12	0	3.05716	-1.19503e-15	0	3.82159e-08	-4.86179e-23	0
38	5e+24	2.00122e+11	2.6e+12	0	3.05341	-0.107254	0	3.81691e-08	-1.34068e-09	0
39	5e+24	2.00122e+11	2.79999e+12	0	3.04201	-0.216452	0	3.80265e-08	-2.70567e-09	0
40	5e+24	2.00121e+11	2.99999e+12	0	3.02245	-0.329715	0	3.77821e-08	-4.12146e-09	0
41	5e+24	2.0012e+11	3.19998e+12	0	2.99386	-0.449555	0	3.74246e-08	-5.61947e-09	0
42	5e+24	2.00118e+11	3.39998e+12	0	2.9548	-0.579197	0	3.69364e-08	-7.24002e-09	0
43	5e+24	2.00116e+11	3.59997e+12	0	2.90313	-0.723118	0	3.62905e-08	-9.03905e-09	0
44	5e+24	2.00113e+11	3.79996e+12	0	2.83557	-0.888042	0	3.5446e-08	-1.11006e-08	0
45	5e+24	2.0011e+11	3.99996e+12	0	2.747	-1.08503	0	3.43388e-08	-1.35631e-08	0
46	5e+24	2.00105e+11	4.19995e+12	0	2.62906	-1.33443	0	3.28646e-08	-1.66806e-08	0
47	5e+24	2.00099e+11	4.39993e+12	0	2.4675	-1.67973	0	3.0845e-08	-2.0997e-08	0
48	5e+24	2.0009e+11	4.59991e+12	0	2.23771	-2.23771	0	2.79724e-08	-2.79724e-08	0
49	5e+24	2.00076e+11	4.79986e+12	0	1.9089	-3.50394	0	2.38622e-08	-4.3807e-08	0
50	5e+24	4.00059e+11	1.51757e+08	0	1.47107	3.79409	0	1.83888e-08	4.74342e-08	0
51	5e+24	4.00067e+11	2.00099e+11	0	1.67973	2.4675	0	2.0997e-08	3.0845e-08	0
52	5e+24	4.00074e+11	4.00074e+11	0	1.84983	1.84983	0	2.31233e-08	2.31233e-08	0
53	5e+24	4.00079e+11	6.00058e+11	0	1.98228	1.46107	0	2.47791e-08	1.82636e-08	0
54	5e+24	4.00083e+11	8.00047e+11	0	2.08474	1.181	0	2.60598e-08	1.47627e-08	0
55	5e+24	4.00087e+11	1.00004e+12	0	2.16429	0.961725	0	2.70543e-08	1.20217e-08	0
56	5e+24	4.00089e+11	1.20003e+12	0	2.2262	0.779929	0	2.78282e-08	9.74918e-09	0
57	5e+24	4.00091e+11	1.40002e+12	0	2.27415	0.622696	0	2.84275e-08	7.78376e-09	0
58	5e+24	4.00092e+11	1.60002e+12	0	2.31069	0.482124	0	2.88842e-08	6.02659e-09	0
59	5e+24	4.00094e+11	1.80001e+12	0	2.33758	0.352957	0	2.92204e-08	4.41198e-09	0
60	5e+24	4.00094e+11	2.00001e+12	0	2.35603	0.231419	0	2.9451e-08	2.89275e-09	0
61	5e+24	4.00095e+11	2.2e+12	0	2.36681	0.114586	0	2.95858e-08	1.43233e-09	0
62	5e+24	4.00095e+11	2.4e+12	0	2.37035	7.78618e-16	0	2.96301e-08	1.15539e-23	0
63	5e+24	4.00095e+11	2.6e+12	0	2.36681	-0.114586	0	2.95858e-08	-1.43233e-09	0
64	5e+24	4.00094e+11	2.79999e+12	0	2.35603	-0.231419	0	2.9451e-08	-2.89275e-09	0
65	5e+24	4.00094e+11	2.99999e+12	0	2.33758	-0.352957	0	2.92204e-08	-4.41198e-09	0
66	5e+24	4.00092e+11	3.19998e+12	0	2.31069	-0.482124	0	2.88842e-08	-6.02659e-09	0
67	5e+24	4.00091e+11	3.39998e+12	0	2.27415	-0.622696	0	2.84275e-08	-7.78376e-09	0
68	5e+24	4.00089e+11	3.59997e+12	0	2.2262	-0.779929	0	2.78282e-08	-9.74918e-09	0
69	5e+24	4.00087e+11	3.79996e+12	0	2.16429	-0.961725	0	2.70543e-08	-1.20217e-08	0
70	5e+24	4.00083e+11	3.99995e+12	0	2.08474	-1.181	0	2.60598e-08	-1.47627e-08	0
71	5e+24	4.00079e+11	4.19994e+12	0	1.98228	-1.46107	0	2.47791e-08	-1.82636e-08	0
72	5e+24	4.00074e+11	4.39993e+12	0	1.84983	-1.84983	0	2.31233e-08	-2.31233e-08	0
73	5e+24	4.00067e+11	4.5999e+12	0	1.67973	-2.4675	0	2.0997e-08	-3.0845e-08	0
74	5e+24	4.00059e+11	4.79985e+12	0	1.47107	-3.79409	0	1.83888e-08	-4.74342e-08	0
75	5e+24	6.00048e+11	1.59088e+08	0	1.1899	3.97736	0	1.4874e-08	4.97251e-08	0
76	5e+24	6.00053e+11	2.00105e+11	0	1.33443	2.62906	0	1.66806e-08	3.28646e-08	0
77	5e+24	6.00058e+11	4.00079e+11	0	1.46107	1.98228	0	1.82636e-08	2.47791e-08	0
78	5e+24	6.00063e+11	6.00063e+11	0	1.56664	1.56664	0	1.95832e-08	1.95832e-08	0
79	5e+24	6.00066e+11	8.00051e+11	0	1.65249	1.26448	0	2.06565e-08	1.58062e-08	0
80	5e+24	6.00069e+11	1.00004e+12	0	1.72147	1.02756	0	2.15187e-08	1.28446e-08	0
81	5e+24	6.00071e+11	1.20003e+12	0	1.77638	0.831566	0	2.22052e-08	1.03947e-08	0
82	5e+24	6.00073e+11	1.40003e+12	0	1.81957	0.662682	0	2.27451e-08	8.28358e-09	0
83	5e+24	6.00074e+11	1.60002e+12	0	1.85283	0.512288	0	2.31608e-08	6.40364e-09	0
84	5e+24	6.00075e+11	1.80001e+12	0	1.87748	0.374588	0	2.34689e-08	4.68237e-09	0
85	5e+24	6.00076e+11	2.00001e+12	0	1.89446	0.245392	0	2.36812e-08	3.06741e-09	0
86	5e+24	6.00076e+11	2.2e+12	0	1.90442	0.121442	0	2.38056e-08	1.51804e-09	0
87	5e+24	6.00076e+11	2.4e+12	0	1.9077	8.80845e-17	0	2.38466e-08	9.19108e-24	0
88	5e+24	6.00076e+11	2.6e+12	0	1.90442	-0.121442	0	2.38056e-08	-1.51804e-09	0
89	5e+24	6.00076e+11	2.79999e+12	0	1.89446	-0.245392	0	2.36812e-08	-3.06741e-09	0
90	5e+24	6.00075e+11	2.99999e+12	0	1.87748	-0.374588	0	2.34689e-08	-4.68237e-09	0
91	5e+24	6.00074e+11	3.19998e+12	0	1.85283	-0.512288	0	2.31608e-08	-6.40364e-09	0
92	5e+24	6.00073e+11	3.39997e+12	0	1.81957	-0.662682	0	2.27451e-08	-8.28358e-09	0
93	5e+24	6.00071e+11	3.59997e+12	0	1.77638	-0.831566	0	2.22052e-08	-1.03947e-08	0
94	5e+24	6.00069e+11	3.79996e+12	0	1.72147	-1.02756	0	2.15187e-08	-1.28446e-08	0
95	5e+24	6.00066e+11	3.99995e+12	0	1.65249	-1.26448	0	2.06565e-08	-1.58062e-08	0
96	5e+24	6.00063e+11	4.19994e+12	0	1.56664	-1.56664	0	1.95832e-08	-1.95832e-08	0
97	5e+24	6.00058e+11	4.39992e+12	0	1.46107	-1.98228	0	1.82636e-08	-2.47791e-08	0
98	5e+24	6.00053e+11	4.59989e+12	0	1.33443	-2.62906	0	1.66806e-08	-3.28646e-08	0
99	5e+24	6.00048e+11	4.79984e+12	0	1.1899	-3.97736	0	1.4874e-08	-4.97251e-08	0
100	5e+24	8.00039e+11	1.64208e+08	0	0.979477	4.10536	0	1.22437e-08	5.13251e-08	0
101	5e+24	8.00043e+11	2.0011e+11	0	1.08503	2.747	0	1.35631e-08	3.43388e-08	0
102	5e+24	8.00047e+11	4.00083e+11	0	1.181	2.08474	0	1.47627e-08	2.60598e-08	0
103	5e+24	8.00051e+11	6.00066e+11	0	1.26448	1.65249	0	1.58062e-08	2.06565e-08	0
104	5e+24	8.00053e+11	8.00053e+11	0	1.33496	1.33496	0	1.66872e-08	1.66872e-08	0
105	5e+24	8.00056e+11	1.00004e+12	0	1.39326	1.08463	0	1.7416e-08	1.3558e-08	0
106	5e+24	8.00058e+11	1.20004e+12	0	1.4407	0.87717	0	1.8009e-08	1.09647e-08	0
107	5e+24	8.00059e+11	1.40003e+12	0	1.47859	0.698454	0	1.84826e-08	8.73074e-09	0
108	5e+24	8.0006e+11	1.60002e+12	0	1.50809	0.539514	0	1.88514e-08	6.74397e-09	0
109	5e+24	8.00061e+11	1.80002e+12	0	1.53013	0.394229	0	1.91269e-08	4.9279e-09	0
110	5e+24	8.00062e+11	2.00001e+12	0	1.54539	0.258128	0	1.93177e-08	3.22662e-09	0
111	5e+24	8.00062e+11	2.20001e+12	0	1.55437	0.127706	0	1.94298e-08	1.59633e-09	0
112	5e+24	8.00062e+11	2.4e+12	0	1.55733	-6.55475e-16	0	1.94669e-08	4.55596e-25	0
113	5e+24	8.00062e+11	2.59999e+12	0	1.55437	-0.127706	0	1.94298e-08	-1.59633e-09	0
114	5e+24	8.00062e+11	2.79999e+12	0	1.54539	-0.258128	0	1.93177e-08	-3.22662e-09	0
115	5e+24	8.00061e+11	2.99998e+12	0	1.53013	-0.394229	0	1.91269e-08	-4.9279e-09	0
116	5e+24	8.0006e+11	3.19998e+12	0	1.50809	-0.539514	0	1.88514e-08	-6.74397e-09	0
117	5e+24	8.00059e+11	3.39997e+12	0	1.47859	-0.698454	0	1.84826e-08	-8.73074e-09	0
118	5e+24	8.00058e+11	3.59996e+12	0	1.4407	-0.87717	0	1.8009e-08	-1.09647e-08	0
119	5e+24	8.00056e+11	3.79996e+12	0	1.39326	-1.08463	0	1.7416e-08	-1.3558e-08	0
120	5e+24	8.00053e+11	3.99995e+12	0	1.33496	-1.33496	0	1.66872e-08	-1.66872e-08	0
121	5e+24	8.00051e+11	4.19993e+12	0	1.26448	-1.65249	0	1.58062e-08	-2.06565e-08	0
122	5e+24	8.00047e+11	4.39992e+12	0	1.181	-2.08474	0	1.47627e-08	-2.60598e-08	0
123	5e+24	8.00043e+11	4.59989e+12	0	1.08503	-2.747	0	1.35631e-08	-3.43388e-08	0
124	5e+24	8.00039e+11	4.79984e+12	0	0.979477	-4.10536	0	1.22437e-08	-5.13251e-08	0
125	5e+24	1.00003e+12	1.67971e+08	0	0.808654	4.19944	0	1.01083e-08	5.25012e-08	0
126	5e+24	1.00004e+12	2.00113e+11	0	0.888042	2.83557	0	1.11006e-08	3.5446e-08	0
127	5e+24	1.00004e+12	4.00087e+11	0	0.961725	2.16429	0	1.20217e-08	2.70543e-08	0
128	5e+24	1.00004e+12	6.00069e+11	0	1.02756	1.72147	0	1.28446e-08	2.15187e-08	0
129	5e+24	1.00004e+12	8.00056e+11	0	1.08463	1.39326	0	1.3558e-08	1.7416e-08	0
130	5e+24	1.00005e+12	1.00005e+12	0	1.13294	1.13294	0	1.41619e-08	1.41619e-08	0
131	5e+24	1.00005e+12	1.20004e+12	0	1.17298	0.91645	0	1.46624e-08	1.14557e-08	0
132	5e+24	1.00005e+12	1.40003e+12	0	1.20543	0.729659	0	1.5068e-08	9.12082e-09	0
133	5e+24	1.00005e+12	1.60002e+12	0	1.23095	0.563482	0	1.53871e-08	7.04358e-09	0
134	5e+24	1.00005e+12	1.80002e+12	0	1.25017	0.411632	0	1.56273e-08	5.14543e-09	0
135	5e+24	1.00005e+12	2.00001e+12	0	1.26355	0.26946	0	1.57946e-08	3.36827e-09	0
136	5e+24	1.00005e+12	2.20001e+12	0	1.27144	0.133292	0	1.58932e-08	1.66615e-09	0
137	5e+24	1.00005e+12	2.4e+12	0	1.27405	3.99495e-16	0	1.59258e-08	-1.75727e-23	0
138	5e+24	1.00005e+12	2.59999e+12	0	1.27144	-0.133292	0	1.58932e-08	-1.66615e-09	0
139	5e+24	1.00005e+12	2.79999e+12	0	1.26355	-0.26946	0	1.57946e-08	-3.36827e-09	0
140	5e+24	1.00005e+12	2.99998e+12	0	1.25017	-0.411632	0	1.56273e-08	-5.14543e-09	0
141	5e+24	1.00005e+12	3.19998e+12	0	1.23095	-0.563482	0	1.53871e-08	-7.04358e-09	0
142	5e+24	1.00005e+12	3.39997e+12	0	1.20543	-0.729659	0	1.5068e-08	-9.12082e-09	0
143	5e+24	1.00005e+12	3.59996e+12	0	1.17298	-0.91645	0	1.46624e-08	-1.14557e-08	0
144	5e+24	1.00005e+12	3.79995e+12	0	1.13294	-1.13294	0	1.41619e-08	-1.41619e-08	0
145	5e+24	1.00004e+12	3.99994e+12	0	1.08463	-1.39326	0	1.3558e-08	-1.7416e-08	0
146	5e+24	1.00004e+12	4.19993e+12	0	1.02756	-1.72147	0	1.28446e-08	-2.15187e-08	0
147	5e+24	1.00004e+12	4.39991e+12	0	0.961725	-2.16429	0	1.20217e-08	-2.70543e-08	0
148	5e+24	1.00004e+12	4.59989e+12	0	0.888042	-2.83557	0	1.11006e-08	-3.5446e-08	0
149	5e+24	1.00003e+12	4.79983e+12	0	0.808654	-4.19944	0	1.01083e-08	-5.25012e-08	0
150	5e+24	1.20003e+12	1.70808e+08	0	0.662656	4.27037	0	8.28331e-09	5.33877e-08	0
151	5e+24	1.20003e+12	2.00116e+11	0	0.723118	2.90313	0	9.03905e-09	3.62905e-08	0
152	5e+24	1.20003e+12	4.00089e+11	0	0.779929	2.2262	0	9.74918e-09	2.78282e-08	0
153	5e+24	1.20003e+12	6.00071e+11	0	0.831566	1.77638	0	1.03947e-08	2.22052e-08	0
154	5e+24	1.20004e+12	8.00058e+11	0	0.87717	1.4407	0	1.09647e-08	1.8009e-08	0
155	5e+24	1.20004e+12	1.00005e+12	0	0.91645	1.17298	0	1.14557e-08	1.46624e-08	0
156	5e+24	1.20004e+12	1.20004e+12	0	0.949492	0.949492	0	1.18688e-08	1.18688e-08	0
157	5e+24	1.20004e+12	1.40003e+12	0	0.976591	0.756214	0	1.22075e-08	9.45276e-09	0
158	5e+24	1.20004e+12	1.60002e+12	0	0.998117	0.584055	0	1.24766e-08	7.30075e-09	0
159	5e+24	1.20004e+12	1.80002e+12	0	1.01443	0.426661	0	1.26806e-08	5.33331e-09	0
160	5e+24	1.20004e+12	2.00001e+12	0	1.02585	0.279287	0	1.28233e-08	3.49112e-09	0
161	5e+24	1.20004e+12	2.20001e+12	0	1.03261	0.138147	0	1.29078e-08	1.72685e-09	0
162	5e+24	1.20004e+12	2.4e+12	0	1.03484	7.68761e-16	0	1.29357e-08	-3.63329e-23	0
163	5e+24	1.20004e+12	2.59999e+12	0	1.03261	-0.138147	0	1.29078e-08	-1.72685e-09	0
164	5e+24	1.20004e+12	2.79999e+12	0	1.02585	-0.279287	0	1.28233e-08	-3.49112e-09	0
165	5e+24	1.20004e+12	2.99998e+12	0	1.01443	-0.426661	0	1.26806e-08	-5.33331e-09	0
166	5e+24	1.20004e+12	3.19998e+12	0	0.998117	-0.584055	0	1.24766e-08	-7.30075e-09	0
167	5e+24	1.20004e+12	3.39997e+12	0	0.976591	-0.756214	0	1.22075e-08	-9.45276e-09	0
168	5e+24	1.20004e+12	3.59996e+12	0	0.949492	-0.949492	0	1.18688e-08	-1.18688e-08	0
169	5e+24	1.20004e+12	3.79995e+12	0	0.91645	-1.17298	0	1.14557e-08	-1.46624e-08	0
170	5e+24	1.20004e+12	3.99994e+12	0	0.87717	-1.4407	0	1.09647e-08	-1.8009e-08	0
171	5e+24	1.20003e+12	4.19993e+12	0	0.831566	-1.77638	0	1.03947e-08	-2.22052e-08	0
172	5e+24	1.20003e+12	4.39991e+12	0	0.779929	-2.2262	0	9.74918e-09	-2.78282e-08	0
173	5e+24	1.20003e+12	4.59988e+12	0	0.723118	-2.90313	0	9.03905e-09	-3.62905e-08	0
174	5e+24	1.20003e+12	4.79983e+12	0	0.662656	-4.27037	0	8.28331e-09	-5.33877e-08	0
175	5e+24	1.40002e+12	1.72963e+08	0	0.533256	4.32424	0	6.66578e-09	5.40611e-08	0
176	5e+24	1.40002e+12	2.00118e+11	0	0.579197	2.9548	0	7.24002e-09	3.69364e-08	0
177	5e+24	1.40002e+12	4.00091e+11	0	0.622696	2.27415	0	7.78376e-09	2.84275e-08	0
178	5e+24	1.40003e+12	6.00073e+11	0	0.662682	1.81957	0	8.28358e-09	2.27451e-08	0
179	5e+24	1.40003e+12	8.00059e+11	0	0.698454	1.47859	0	8.73074e-09	1.84826e-08	0
180	5e+24	1.40003e+12	1.00005e+12	0	0.729659	1.20543	0	9.12082e-09	1.5068e-08	0
181	5e+24	1.40003e+12	1.20004e+12	0	0.756214	0.976591	0	9.45276e-09	1.22075e-08	0
182	5e+24	1.40003e+12	1.40003e+12	0	0.778206	0.778206	0	9.72767e-09	9.72767e-09	0
183	5e+24	1.40003e+12	1.60002e+12	0	0.795814	0.601223	0	9.94777e-09	7.51535e-09	0
184	5e+24	1.40003e+12	1.80002e+12	0	0.809242	0.439273	0	1.01156e-08	5.49096e-09	0
185	5e+24	1.40003e+12	2.00001e+12	0	0.818681	0.287565	0	1.02336e-08	3.59459e-09	0
186	5e+24	1.40003e+12	2.20001e+12	0	0.824281	0.142246	0	1.03036e-08	1.77809e-09	0
187	5e+24	1.40003e+12	2.4e+12	0	0.826137	-2.45631e-15	0	1.03268e-08	-6.98951e-23	0
188	5e+24	1.40003e+12	2.59999e+12	0	0.824281	-0.142246	0	1.03036e-08	-1.77809e-09	0
189	5e+24	1.40003e+12	2.79999e+12	0	0.818681	-0.287565	0	1.02336e-08	-3.59459e-09	0
190	5e+24	1.40003e+12	2.99998e+12	0	0.809242	-0.439273	0	1.01156e-08	-5.49096e-09	0
191	5e+24	1.40003e+12	3.19998e+12	0	0.795814	-0.601223	0	9.94777e-09	-7.51535e-09	0
192	5e+24	1.40003e+12	3.39997e+12	0	0.778206	-0.778206	0	9.72767e-09	-9.72767e-09	0
193	5e+24	1.40003e+12	3.59996e+12	0	0.756214	-0.976591	0	9.45276e-09	-1.22075e-08	0
194	5e+24	1.40003e+12	3.79995e+12	0	0.729659	-1.20543	0	9.12082e-09	-1.5068e-08	0
195	5e+24	1.40003e+12	3.99994e+12	0	0.698454	-1.47859	0	8.73074e-09	-1.84826e-08	0
196	5e+24	1.40003e+12	4.19993e+12	0	0.662682	-1.81957	0	8.28358e-09	-2.27451e-08	0
197	5e+24	1.40002e+12	4.39991e+12	0	0.622696	-2.27415	0	7.78376e-09	-2.84275e-08	0
198	5e+24	1.40002e+12	4.59988e+12	0	0.579197	-2.9548	0	7.24002e-09	-3.69364e-08	0
199	5e+24	1.40002e+12	4.79983e+12	0	0.533256	-4.32424	0	6.66578e-09	-5.40611e-08	0
200	5e+24	1.60002e+12	1.74586e+08	0	0.415323	4.3648	0	5.1916e-09	5.4568e-08	0
201	5e+24	1.60002e+12	2.0012e+11	0	0.449555	2.99386	0	5.61947e-09	3.74246e-08	0
202	5e+24	1.60002e+12	4.00092e+11	0	0.482124	2.31069	0	6.02659e-09	2.88842e-08	0
203	5e+24	1.60002e+12	6.00074e+11	0	0.512288	1.85283	0	6.40364e-09	2.31608e-08	0
204	5e+24	1.60002e+12	8.0006e+11	0	0.539514	1.50809	0	6.74397e-09	1.88514e-08	0
205	5e+24	1.60002e+12	1.00005e+12	0	0.563482	1.23095	0	7.04358e-09	1.53871e-08	0
206	5e+24	1.60002e+12	1.20004e+12	0	0.584055	0.998117	0	7.30075e-09	1.24766e-08	0
207	5e+24	1.60002e+12	1.40003e+12	0	0.601223	0.795814	0	7.51535e-09	9.94777e-09	0
208	5e+24	1.60002e+12	1.60002e+12	0	0.615054	0.615054	0	7.68825e-09	7.68825e-09	0
209	5e+24	1.60003e+12	1.80002e+12	0	0.625655	0.449482	0	7.82076e-09	5.61857e-09	0
210	5e+24	1.60003e+12	2.00001e+12	0	0.633133	0.294287	0	7.91424e-09	3.67862e-09	0
211	5e+24	1.60003e+12	2.20001e+12	0	0.63758	0.145581	0	7.96983e-09	1.81978e-09	0
212	5e+24	1.60003e+12	2.4e+12	0	0.639056	-5.66154e-15	0	7.98827e-09	-7.70877e-23	0
213	5e+24	1.60003e+12	2.59999e+12	0	0.63758	-0.145581	0	7.96983e-09	-1.81978e-09	0
214	5e+24	1.60003e+12	2.79999e+12	0	0.633133	-0.294287	0	7.91424e-09	-3.67862e-09	0
215	5e+24	1.60003e+12	2.99998e+12	0	0.625655	-0.449482	0	7.82076e-09	-5.61857e-09	0
216	5e+24	1.60002e+12	3.19998e+12	0	0.615054	-0.615054	0	7.68825e-09	-7.68825e-09	0
217	5e+24	1.60002e+12	3.39997e+12	0	0.601223	-0.795814	0	7.51535e-09	-9.94777e-09	0
218	5e+24	1.60002e+12	3.59996e+12	0	0.584055	-0.998117	0	7.30075e-09	-1.24766e-08	0
219	5e+24	1.60002e+12	3.79995e+12	0	0.563482	-1.23095	0	7.04358e-09	-1.53871e-08	0
220	5e+24	1.60002e+12	3.99994e+12	0	0.539514	-1.50809	0	6.74397e-09	-1.88514e-08	0
221	5e+24	1.60002e+12	4.19993e+12	0	0.512288	-1.85283	0	6.40364e-09	-2.31608e-08	0
222	5e+24	1.60002e+12	4.39991e+12	0	0.482124	-2.31069	0	6.02659e-09	-2.88842e-08	0
223	5e+24	1.60002e+12	4.59988e+12	0	0.449555	-2.99386	0	5.61947e-09	-3.74246e-08	0
224	5e+24	1.60002e+12	4.79983e+12	0	0.415323	-4.3648	0	5.1916e-09	-5.4568e-08	0
225	5e+24	1.80001e+12	1.7577e+08	0	0.305362	4.39442	0	3.81707e-09	5.49383e-08	0
226	5e+24	1.80001e+12	2.00121e+11	0	0.329715	3.02245	0	4.12146e-09	3.77821e-08	0
227	5e+24	1.80001e+12	4.00094e+11	0	0.352957	2.33758	0	4.41198e-09	2.92204e-08	0
228	5e+24	1.80001e+12	6.00075e+11	0	0.374588	1.87748	0	4.68237e-09	2.34689e-08	0
229	5e+24	1.80002e+12	8.00061e+11	0	0.394229	1.53013	0	4.9279e-09	1.91269e-08	0
230	5e+24	1.80002e+12	1.00005e+12	0	0.411632	1.25017	0	5.14543e-09	1.56273e-08	0
231	5e+24	1.80002e+12	1.20004e+12	0	0.426661	1.01443	0	5.33331e-09	1.26806e-08	0
232	5e+24	1.80002e+12	1.40003e+12	0	0.439273	0.809242	0	5.49096e-09	1.01156e-08	0
233	5e+24	1.80002e+12	1.60003e+12	0	0.449482	0.625655	0	5.61857e-09	7.82076e-09	0
234	5e+24	1.80002e+12	1.80002e+12	0	0.457336	0.457336	0	5.71675e-09	5.71675e-09	0
235	5e+24	1.80002e+12	2.00001e+12	0	0.462892	0.299473	0	5.7862e-09	3.74344e-09	0
236	5e+24	1.80002e+12	2.20001e+12	0	0.466202	0.148158	0	5.82758e-09	1.85199e-09	0
237	5e+24	1.80002e+12	2.4e+12	0	0.467302	-5.35784e-15	0	5.84132e-09	-7.91929e-23	0
238	5e+24	1.80002e+12	2.59999e+12	0	0.466202	-0.148158	0	5.82758e-09	-1.85199e-09	0
239	5e+24	1.80002e+12	2.79999e+12	0	0.462892	-0.299473	0	5.7862e-09	-3.74344e-09	0
240	5e+24	1.80002e+12	2.99998e+12	0	0.457336	-0.457336	0	5.71675e-09	-5.71675e-09	0
241	5e+24	1.80002e+12	3.19997e+12	0	0.449482	-0.625655	0	5.61857e-09	-7.82076e-09	0
242	5e+24	1.80002e+12	3.39997e+12	0	0.439273	-0.809242	0	5.49096e-09	-1.01156e-08	0
243	5e+24	1.80002e+12	3.59996e+12	0	0.426661	-1.01443	0	5.33331e-09	-1.26806e-08	0
244	5e+24	1.80002e+12	3.79995e+12	0	0.411632	-1.25017	0	5.14543e-09	-1.56273e-08	0
245	5e+24	1.80002e+12	3.99994e+12	0	0.394229	-1.53013	0	4.9279e-09	-1.91269e-08	0
246	5e+24	1.80001e+12	4.19992e+12	0	0.374588	-1.87748	0	4.68237e-09	-2.34689e-08	0
247	5e+24	1.80001e+12	4.39991e+12	0	0.352957	-2.33758	0	4.41198e-09	-2.92204e-08	0
248	5e+24	1.80001e+12	4.59988e+12	0	0.329715	-3.02245	0	4.12146e-09	-3.77821e-08	0
249	5e+24	1.80001e+12	4.79982e+12	0	0.305362	-4.39442	0	3.81707e-09	-5.49383e-08	0
250	5e+24	2.00001e+12	1.76579e+08	0	0.2008	4.41464	0	2.51003e-09	5.5191e-08	0
251	5e+24	2.00001e+12	2.00122e+11	0	0.216452	3.04201	0	2.70567e-09	3.80265e-08	0
252	5e+24	2.00001e+12	4.00094e+11	0	0.231419	2.35603	0	2.89275e-09	2.9451e-08	0
253	5e+24	2.00001e+12	6.00076e+11	0	0.245392	1.89446	0	3.06741e-09	2.36812e-08	0
254	5e+24	2.00001e+12	8.00062e+11	0	0.258128	1.54539	0	3.22662e-09	1.93177e-08	0
255	5e+24	2.00001e+12	1.00005e+12	0	0.26946	1.26355	0	3.36827e-09	1.57946e-08	0
256	5e+24	2.00001e+12	1.20004e+12	0	0.279287	1.02585	0	3.49112e-09	1.28233e-08	0
257	5e+24	2.00001e+12	1.40003e+12	0	0.287565	0.818681	0	3.59459e-09	1.02336e-08	0
258	5e+24	2.00001e+12	1.60003e+12	0	0.294287	0.633133	0	3.67862e-09	7.91424e-09	0
259	5e+24	2.00001e+12	1.80002e+12	0	0.299473	0.462892	0	3.74344e-09	5.7862e-09	0
260	5e+24	2.00001e+12	2.00001e+12	0	0.303148	0.303148	0	3.78939e-09	3.78939e-09	0
261	5e+24	2.00001e+12	2.20001e+12	0	0.305341	0.149987	0	3.8168e-09	1.87485e-09	0
262	5e+24	2.00001e+12	2.4e+12	0	0.30607	-7.25247e-15	0	3.8259e-09	-1.23919e-22	0
263	5e+24	2.00001e+12	2.59999e+12	0	0.305341	-0.149987	0	3.8168e-09	-1.87485e-09	0
264	5e+24	2.00001e+12	2.79999e+12	0	0.303148	-0.303148	0	3.78939e-09	-3.78939e-09	0
265	5e+24	2.00001e+12	2.99998e+12	0	0.299473	-0.462892	0	3.74344e-09	-5.7862e-09	0
266	5e+24	2.00001e+12	3.19997e+12	0	0.294287	-0.633133	0	3.67862e-09	-7.91424e-09	0
267	5e+24	2.00001e+12	3.39997e+12	0	0.287565	-0.818681	0	3.59459e-09	-1.02336e-08	0
268	5e+24	2.00001e+12	3.59996e+12	0	0.279287	-1.02585	0	3.49112e-09	-1.28233e-08	0
269	5e+24	2.00001e+12	3.79995e+12	0	0.26946	-1.26355	0	3.36827e-09	-1.57946e-08	0
270	5e+24	2.00001e+12	3.99994e+12	0	0.258128	-1.54539	0	3.22662e-09	-1.93177e-08	0
271	5e+24	2.00001e+12	4.19992e+12	0	0.245392	-1.89446	0	3.06741e-09	-2.36812e-08	0
272	5e+24	2.00001e+12	4.39991e+12	0	0.231419	-2.35603	0	2.89275e-09	-2.9451e-08	0
273	5e+24	2.00001e+12	4.59988e+12	0	0.216452	-3.04201	0	2.70567e-09	-3.80265e-08	0
274	5e+24	2.00001e+12	4.79982e+12	0	0.2008	-4.41464	0	2.51003e-09	-5.5191e-08	0
275	5e+24	2.2e+12	1.7705e+08	0	0.099594	4.42642	0	1.24494e-09	5.53383e-08	0
276	5e+24	2.2e+12	2.00122e+11	0	0.107254	3.05341	0	1.34068e-09	3.81691e-08	0
277	5e+24	2.2e+12	4.00095e+11	0	0.114586	2.36681	0	1.43233e-09	2.95858e-08	0
278	5e+24	2.2e+12	6.00076e+11	0	0.121442	1.90442	0	1.51804e-09	2.38056e-08	0
279	5e+24	2.20001e+12	8.00062e+11	0	0.127706	1.55437	0	1.59633e-09	1.94298e-08	0
280	5e+24	2.20001e+12	1.00005e+12	0	0.133292	1.27144	0	1.66615e-09	1.58932e-08	0
281	5e+24	2.20001e+12	1.20004e+12	0	0.138147	1.03261	0	1.72685e-09	1.29078e-08	0
282	5e+24	2.20001e+12	1.40003e+12	0	0.142246	0.824281	0	1.77809e-09	1.03036e-08	0
283	5e+24	2.20001e+12	1.60003e+12	0	0.145581	0.63758	0	1.81978e-09	7.96983e-09	0
284	5e+24	2.20001e+12	1.80002e+12	0	0.148158	0.466202	0	1.85199e-09	5.82758e-09	0
285	5e+24	2.20001e+12	2.00001e+12	0	0.149987	0.305341	0	1.87485e-09	3.8168e-09	0
286	5e+24	2.20001e+12	2.20001e+12	0	0.151078	0.151078	0	1.88849e-09	1.88849e-09	0
287	5e+24	2.20001e+12	2.4e+12	0	0.151441	-9.39163e-15	0	1.89303e-09	-1.55762e-22	0
288	5e+24	2.20001e+12	2.59999e+12	0	0.151078	-0.151078	0	1.88849e-09	-1.88849e-09	0
289	5e+24	2.20001e+12	2.79999e+12	0	0.149987	-0.305341	0	1.87485e-09	-3.8168e-09	0
290	5e+24	2.20001e+12	2.99998e+12	0	0.148158	-0.466202	0	1.85199e-09	-5.82758e-09	0
291	5e+24	2.20001e+12	3.19997e+12	0	0.145581	-0.63758	0	1.81978e-09	-7.96983e-09	0
292	5e+24	2.20001e+12	3.39997e+12	0	0.142246	-0.824281	0	1.77809e-09	-1.03036e-08	0
293	5e+24	2.20001e+12	3.59996e+12	0	0.138147	-1.03261	0	1.72685e-09	-1.29078e-08	0
294	5e+24	2.20001e+12	3.79995e+12	0	0.133292	-1.27144	0	1.66615e-09	-1.58932e-08	0
295	5e+24	2.20001e+12	3.99994e+12	0	0.127706	-1.55437	0	1.59633e-09	-1.94298e-08	0
296	5e+24	2.2e+12	4.19992e+12	0	0.121442	-1.90442	0	1.51804e-09	-2.38056e-08	0
297	5e+24	2.2e+12	4.39991e+12	0	0.114586	-2.36681	0	1.43233e-09	-2.95858e-08	0
298	5e+24	2.2e+12	4.59988e+12	0	0.107254	-3.05341	0	1.34068e-09	-3.81691e-08	0
299	5e+24	2.2e+12	4.79982e+12	0	0.099594	-4.42642	0	1.24494e-09	-5.53383e-08	0
300	5e+24	2.4e+12	1.77205e+08	0	-3.27578e-15	4.43029	0	-9.31798e-23	5.53867e-08	0
301	5e+24	2.4e+12	2.00122e+11	0	-1.191e-15	3.05716	0	-4.33365e-23	3.82159e-08	0
302	5e+24	2.4e+12	4.00095e+11	0	7.56915e-16	2.37035	0	6.35168e-24	2.96301e-08	0
303	5e+24	2.4e+12	6.00076e+11	0	1.10374e-16	1.9077	0	2.06512e-23	2.38466e-08	0
304	5e+24	2.4e+12	8.00062e+11	0	-6.9767e-16	1.55733	0	9.3591e-24	1.94669e-08	0
305	5e+24	2.4e+12	1.00005e+12	0	4.10622e-16	1.27405	0	-2.03209e-23	1.59258e-08	0
306	5e+24	2.4e+12	1.20004e+12	0	7.7005e-16	1.03484	0	-2.6473e-23	1.29357e-08	0
307	5e+24	2.4e+12	1.40003e+12	0	-2.42964e-15	0.826137	0	-6.16621e-23	1.03268e-08	0
308	5e+24	2.4e+12	1.60003e+12	0	-5.63043e-15	0.639056	0	-7.76564e-23	7.98827e-09	0
309	5e+24	2.4e+12	1.80002e+12	0	-5.31913e-15	0.467302	0	-7.17822e-23	5.84132e-09	0
310	5e+24	2.4e+12	2.00001e+12	0	-7.25162e-15	0.30607	0	-1.49009e-22	3.8259e-09	0
311	5e+24	2.4e+12	2.20001e+12	0	-9.40484e-15	0.151441	0	-1.41063e-22	1.89303e-09	0
312	5e+24	2.4e+12	2.4e+12	0	-7.50529e-15	-7.52053e-15	0	-1.60315e-22	-1.40317e-22	0
313	5e+24	2.4e+12	2.59999e+12	0	-9.38169e-15	-0.151441	0	-1.54366e-22	-1.89303e-09	0
314	5e+24	2.4e+12	2.79999e+12	0	-7.27189e-15	-0.30607	0	-1.35926e-22	-3.8259e-09	0
315	5e+24	2.4e+12	2.99998e+12	0	-5.35904e-15	-0.467302	0	-5.9809e-23	-5.84132e-09	0
316	5e+24	2.4e+12	3.19997e+12	0	-5.63982e-15	-0.639056	0	-7.30181e-23	-7.98827e-09	0
317	5e+24	2.4e+12	3.39997e+12	0	-2.47375e-15	-0.826137	0	-6.31824e-23	-1.03268e-08	0
318	5e+24	2.4e+12	3.59996e+12	0	7.28851e-16	-1.03484	0	-2.15519e-23	-1.29357e-08	0
319	5e+24	2.4e+12	3.79995e+12	0	4.05091e-16	-1.27405	0	-1.27438e-23	-1.59258e-08	0
320	5e+24	2.4e+12	3.99994e+12	0	-6.19601e-16	-1.55733	0	6.32018e-24	-1.94669e-08	0
321	5e+24	2.4e+12	4.19992e+12	0	9.79664e-17	-1.9077	0	-1.22203e-23	-2.38466e-08	0
322	5e+24	2.4e+12	4.39991e+12	0	7.93e-16	-2.37035	0	-1.78361e-24	-2.96301e-08	0
323	5e+24	2.4e+12	4.59988e+12	0	-1.21089e-15	-3.05716	0	-3.13618e-23	-3.82159e-08	0
324	5e+24	2.4e+12	4.79982e+12	0	-3.26132e-15	-4.43029	0	-6.35055e-23	-5.53867e-08	0
325	5e+24	2.6e+12	1.7705e+08	0	-0.099594	4.42642	0	-1.24494e-09	5.53383e-08	0
326	5e+24	2.6e+12	2.00122e+11	0	-0.107254	3.05341	0	-1.34068e-09	3.81691e-08	0
327	5e+24	2.6e+12	4.00095e+11	0	-0.114586	2.36681	0	-1.43233e-09	2.95858e-08	0
328	5e+24	2.6e+12	6.00076e+11	0	-0.121442	1.90442	0	-1.51804e-09	2.38056e-08	0
329	5e+24	2.59999e+12	8.00062e+11	0	-0.127706	1.55437	0	-1.59633e-09	1.94298e-08	0
330	5e+24	2.59999e+12	1.00005e+12	0	-0.133292	1.27144	0	-1.66615e-09	1.58932e-08	0
331	5e+24	2.59999e+12	1.20004e+12	0	-0.138147	1.03261	0	-1.72685e-09	1.29078e-08	0
332	5e+24	2.59999e+12	1.40003e+12	0	-0.142246	0.824281	0	-1.77809e-09	1.03036e-08	0
333	5e+24	2.59999e+12	1.60003e+12	0	-0.145581	0.63758	0	-1.81978e-09	7.96983e-09	0
334	5e+24	2.59999e+12	1.80002e+12	0	-0.148158	0.466202	0	-1.85199e-09	5.82758e-09	0
335	5e+24	2.59999e+12	2.00001e+12	0	-0.149987	0.305341	0	-1.87485e-09	3.8168e-09	0
336	5e+24	2.59999e+12	2.20001e+12	0	-0.151078	0.151078	0	-1.88849e-09	1.88849e-09	0
337	5e+24	2.59999e+12	2.4e+12	0	-0.151441	-9.38581e-15	0	-1.89303e-09	-1.55894e-22	0
338	5e+24	2.59999e+12	2.59999e+12	0	-0.151078	-0.151078	0	-1.88849e-09	-1.88849e-09	0
339	5e+24	2.59999e+12	2.79999e+12	0	-0.149987	-0.305341	0	-1.87485e-09	-3.8168e-09	0
340	5e+24	2.59999e+12	2.99998e+12	0	-0.148158	-0.466202	0	-1.85199e-09	-5.82758e-09	0
341	5e+24	2.59999e+12	3.19997e+12	0	-0.145581	-0.63758	0	-1.81978e-09	-7.96983e-09	0
342	5e+24	2.59999e+12	3.39997e+12	0	-0.142246	-0.824281	0	-1.77809e-09	-1.03036e-08	0
343	5e+24	2.59999e+12	3.59996e+12	0	-0.138147	-1.03261	0	-1.72685e-09	-1.29078e-08	0
344	5e+24	2.59999e+12	3.79995e+12	0	-0.133292	-1.27144	0	-1.66615e-09	-1.58932e-08	0
345	5e+24	2.59999e+12	3.99994e+12	0	-0.127706	-1.55437	0	-1.59633e-09	-1.94298e-08	0
346	5e+24	2.6e+12	4.19992e+12	0	-0.121442	-1.90442	0	-1.51804e-09	-2.38056e-08	0
347	5e+24	2.6e+12	4.39991e+12	0	-0.114586	-2.36681	0	-1.43233e-09	-2.95858e-08	0
348	5e+24	2.6e+12	4.59988e+12	0	-0.107254	-3.05341	0	-1.34068e-09	-3.81691e-08	0
349	5e+24	2.6e+12	4.79982e+12	0	-0.099594	-4.42642	0	-1.24494e-09	-5.53383e-08	0
350	5e+24	2.79999e+12	1.76579e+08	0	-0.2008	4.41464	0	-2.51003e-09	5.5191e-08	0
351	5e+24	2.79999e+12	2.00122e+11	0	-0.216452	3.04201	0	-2.70567e-09	3.80265e-08	0
352	5e+24	2.79999e+12	4.00094e+11	0	-0.231419	2.35603	0	-2.89275e-09	2.9451e-08	0
353	5e+24	2.79999e+12	6.00076e+11	0	-0.245392	1.89446	0	-3.06741e-09	2.36812e-08	0
354	5e+24	2.79999e+12	8.00062e+11	0	-0.258128	1.54539	0	-3.22662e-09	1.93177e-08	0
355	5e+24	2.79999e+12	1.00005e+12	0	-0.26946	1.26355	0	-3.36827e-09	1.57946e-08	0
356	5e+24	2.79999e+12	1.20004e+12	0	-0.279287	1.02585	0	-3.49112e-09	1.28233e-08	0
357	5e+24	2.79999e+12	1.40003e+12	0	-0.287565	0.818681	0	-3.59459e-09	1.02336e-08	0
358	5e+24	2.79999e+12	1.60003e+12	0	-0.294287	0.633133	0	-3.67862e-09	7.91424e-09	0
359	5e+24	2.79999e+12	1.80002e+12	0	-0.299473	0.462892	0	-3.74344e-09	5.7862e-09	0
360	5e+24	2.79999e+12	2.00001e+12	0	-0.303148	0.303148	0	-3.78939e-09	3.78939e-09	0
361	5e+24	2.79999e+12	2.20001e+12	0	-0.305341	0.149987	0	-3.8168e-09	1.87485e-09	0
362	5e+24	2.79999e+12	2.4e+12	0	-0.30607	-7.25437e-15	0	-3.8259e-09	-1.24736e-22	0
363	5e+24	2.79999e+12	2.59999e+12	0	-0.305341	-0.149987	0	-3.8168e-09	-1.87485e-09	0
364	5e+24	2.79999e+12	2.79999e+12	0	-0.303148	-0.303148	0	-3.78939e-09	-3.78939e-09	0
365	5e+24	2.79999e+12	2.99998e+12	0	-0.299473	-0.462892	0	-3.74344e-09	-5.7862e-09	0
366	5e+24	2.79999e+12	3.19997e+12	0	-0.294287	-0.633133	0	-3.67862e-09	-7.91424e-09	0
367	5e+24	2.79999e+12	3.39997e+12	0	-0.287565	-0.818681	0	-3.59459e-09	-1.02336e-08	0
368	5e+24	2.79999e+12	3.59996e+12	0	-0.279287	-1.02585	0	-3.49112e-09	-1.28233e-08	0
369	5e+24	2.79999e+12	3.79995e+12	0	-0.26946	-1.26355	0	-3.36827e-09	-1.57946e-08	0
370	5e+24	2.79999e+12	3.99994e+12	0	-0.258128	-1.54539	0	-3.22662e-09	-1.93177e-08	0
371	5e+24	2.79999e+12	4.19992e+12	0	-0.245392	-1.89446	0	-3.06741e-09	-2.36812e-08	0
372	5e+24	2.79999e+12	4.39991e+12	0	-0.231419	-2.35603	0	-2.89275e-09	-2.9451e-08	0
373	5e+24	2.79999e+12	4.59988e+12	0	-0.216452	-3.04201	0	-2.70567e-09	-3.80265e-08	0
374	5e+24	2.79999e+12	4.79982e+12	0	-0.2008	-4.41464	0	-2.51003e-09	-5.5191e-08	0
375	5e+24	2.99999e+12	1.7577e+08	0	-0.305362	4.39442	0	-3.81707e-09	5.49383e-08	0
376	5e+24	2.99999e+12	2.00121e+11	0	-0.329715	3.02245	0	-4.12146e-09	3.77821e-08	0
377	5e+24	2.99999e+12	4.00094e+11	0	-0.352957	2.33758	0	-4.41198e-09	2.92204e-08	0
378	5e+24	2.99999e+12	6.00075e+11	0	-0.374588	1.87748	0	-4.68237e-09	2.34689e-08	0
379	5e+24	2.99998e+12	8.00061e+11	0	-0.394229	1.53013	0	-4.9279e-09	1.91269e-08	0
380	5e+24	2.99998e+12	1.00005e+12	0	-0.411632	1.25017	0	-5.14543e-09	1.56273e-08	0
381	5e+24	2.99998e+12	1.20004e+12	0	-0.426661	1.01443	0	-5.33331e-09	1.26806e-08	0
382	5e+24	2.99998e+12	1.40003e+12	0	-0.439273	0.809242	0	-5.49096e-09	1.01156e-08	0
383	5e+24	2.99998e+12	1.60003e+12	0	-0.449482	0.625655	0	-5.61857e-09	7.82076e-09	0
384	5e+24	2.99998e+12	1.80002e+12	0	-0.457336	0.457336	0	-5.71675e-09	5.71675e-09	0
385	5e+24	2.99998e+12	2.00001e+12	0	-0.462892	0.299473	0	-5.7862e-09	3.74344e-09	0
386	5e+24	2.99998e+12	2.20001e+12	0	-0.466202	0.148158	0	-5.82758e-09	1.85199e-09	0
387	5e+24	2.99998e+12	2.4e+12	0	-0.467302	-5.36349e-15	0	-5.84132e-09	-7.5952e-23	0
388	5e+24	2.99998e+12	2.59999e+12	0	-0.466202	-0.148158	0	-5.82758e-09	-1.85199e-09	0
389	5e+24	2.99998e+12	2.79999e+12	0	-0.462892	-0.299473	0	-5.7862e-09	-3.74344e-09	0
390	5e+24	2.99998e+12	2.99998e+12	0	-0.457336	-0.457336	0	-5.71675e-09	-5.71675e-09	0
391	5e+24	2.99998e+12	3.19997e+12	0	-0.449482	-0.625655	0	-5.61857e-09	-7.82076e-09	0
392	5e+24	2.99998e+12	3.39997e+12	0	-0.439273	-0.809242	0	-5.49096e-09	-1.01156e-08	0
393	5e+24	2.99998e+12	3.59996e+12	0	-0.426661	-1.01443	0	-5.33331e-09	-1.26806e-08	0
394	5e+24	2.99998e+12	3.79995e+12	0	-0.411632	-1.25017	0	-5.14543e-09	-1.56273e-08	0
395	5e+24	2.99998e+12	3.99994e+12	0	-0.394229	-1.53013	0	-4.9279e-09	-1.91269e-08	0
396	5e+24	2.99999e+12	4.19992e+12	0	-0.374588	-1.87748	0	-4.68237e-09	-2.34689e-08	0
397	5e+24	2.99999e+12	4.39991e+12	0	-0.352957	-2.33758	0	-4.41198e-09	-2.92204e-08	0
398	5e+24	2.99999e+12	4.59988e+12	0	-0.329715	-3.02245	0	-4.12146e-09	-3.77821e-08	0
399	5e+24	2.99999e+12	4.79982e+12	0	-0.305362	-4.39442	0	-3.81707e-09	-5.49383e-08	0
400	5e+24	3.19998e+12	1.74586e+08	0	-0.415323	4.3648	0	-5.1916e-09	5.4568e-08	0
401	5e+24	3.19998e+12	2.0012e+11	0	-0.449555	2.99386	0	-5.61947e-09	3.74246e-08	0
402	5e+24	3.19998e+12	4.00092e+11	0	-0.482124	2.31069	0	-6.02659e-09	2.88842e-08	0
403	5e+24	3.19998e+12	6.00074e+11	0	-0.512288	1.85283	0	-6.40364e-09	2.31608e-08	0
404	5e+24	3.19998e+12	8.0006e+11	0	-0.539514	1.50809	0	-6.74397e-09	1.88514e-08	0
405	5e+24	3.19998e+12	1.00005e+12	0	-0.563482	1.23095	0	-7.04358e-09	1.53871e-08	0
406	5e+24	3.19998e+12	1.20004e+12	0	-0.584055	0.998117	0	-7.30075e-09	1.24766e-08	0
407	5e+24	3.19998e+12	1.40003e+12	0	-0.601223	0.795814	0	-7.51535e-09	9.94777e-09	0
408	5e+24	3.19998e+12	1.60002e+12	0	-0.615054	0.615054	0	-7.68825e-09	7.68825e-09	0
409	5e+24	3.19997e+12	1.80002e+12	0	-0.625655	0.449482	0	-7.82076e-09	5.61857e-09	0
410	5e+24	3.19997e+12	2.00001e+12	0	-0.633133	0.294287	0	-7.91424e-09	3.67862e-09	0
411	5e+24	3.19997e+12	2.20001e+12	0	-0.63758	0.145581	0	-7.96983e-09	1.81978e-09	0
412	5e+24	3.19997e+12	2.4e+12	0	-0.639056	-5.65854e-15	0	-7.98827e-09	-7.67598e-23	0
413	5e+24	3.19997e+12	2.59999e+12	0	-0.63758	-0.145581	0	-7.96983e-09	-1.81978e-09	0
414	5e+24	3.19997e+12	2.79999e+12	0	-0.633133	-0.294287	0	-7.91424e-09	-3.67862e-09	0
415	5e+24	3.19997e+12	2.99998e+12	0	-0.625655	-0.449482	0	-7.82076e-09	-5.61857e-09	0
416	5e+24	3.19998e+12	3.19998e+12	0	-0.615054	-0.615054	0	-7.68825e-09	-7.68825e-09	0
417	5e+24	3.19998e+12	3.39997e+12	0	-0.601223	-0.795814	0	-7.51535e-09	-9.94777e-09	0
418	5e+24	3.19998e+12	3.59996e+12	0	-0.584055	-0.998117	0	-7.30075e-09	-1.24766e-08	0
419	5e+24	3.19998e+12	3.79995e+12	0	-0.563482	-1.23095	0	-7.04358e-09	-1.53871e-08	0
420	5e+24	3.19998e+12	3.99994e+12	0	-0.539514	-1.50809	0	-6.74397e-09	-1.88514e-08	0
421	5e+24	3.19998e+12	4.19993e+12	0	-0.512288	-1.85283	0	-6.40364e-09	-2.31608e-08	0
422	5e+24	3.19998e+12	4.39991e+12	0	-0.482124	-2.31069	0	-6.02659e-09	-2.88842e-08	0
423	5e+24	3.19998e+12	4.59988e+12	0	-0.449555	-2.99386	0	-5.61947e-09	-3.74246e-08	0
424	5e+24	3.19998e+12	4.79983e+12	0	-0.415323	-4.3648	0	-5.1916e-09	-5.4568e-08	0
425	5e+24	3.39998e+12	1.72963e+08	0	-0.533256	4.32424	0	-6.66578e-09	5.40611e-08	0
426	5e+24	3.39998e+12	2.00118e+11	0	-0.579197	2.9548	0	-7.24002e-09	3.69364e-08	0
427	5e+24	3.39998e+12	4.00091e+11	0	-0.622696	2.27415	0	-7.78376e-09	2.84275e-08	0
428	5e+24	3.39997e+12	6.00073e+11	0	-0.662682	1.81957	0	-8.28358e-09	2.27451e-08	0
429	5e+24	3.39997e+12	8.00059e+11	0	-0.698454	1.47859	0	-8.73074e-09	1.84826e-08	0
430	5e+24	3.39997e+12	1.00005e+12	0	-0.729659	1.20543	0	-9.12082e-09	1.5068e-08	0
431	5e+24	3.39997e+12	1.20004e+12	0	-0.756214	0.976591	0	-9.45276e-09	1.22075e-08	0
432	5e+24	3.39997e+12	1.40003e+12	0	-0.778206	0.778206	0	-9.72767e-09	9.72767e-09	0
433	5e+24	3.39997e+12	1.60002e+12	0	-0.795814	0.601223	0	-9.94777e-09	7.51535e-09	0
434	5e+24	3.39997e+12	1.80002e+12	0	-0.809242	0.439273	0	-1.01156e-08	5.49096e-09	0
435	5e+24	3.39997e+12	2.00001e+12	0	-0.818681	0.287565	0	-1.02336e-08	3.59459e-09	0
436	5e+24	3.39997e+12	2.20001e+12	0	-0.824281	0.142246	0	-1.03036e-08	1.77809e-09	0
437	5e+24	3.39997e+12	2.4e+12	0	-0.826137	-2.45834e-15	0	-1.03268e-08	-7.08209e-23	0
438	5e+24	3.39997e+12	2.59999e+12	0	-0.824281	-0.142246	0	-1.03036e-08	-1.77809e-09	0
439	5e+24	3.39997e+12	2.79999e+12	0	-0.818681	-0.287565	0	-1.02336e-08	-3.59459e-09	0
440	5e+24	3.39997e+12	2.99998e+12	0	-0.809242	-0.439273	0	-1.01156e-08	-5.49096e-09	0
441	5e+24	3.39997e+12	3.19998e+12	0	-0.795814	-0.601223	0	-9.94777e-09	-7.51535e-09	0
442	5e+24	3.39997e+12	3.39997e+12	0	-0.778206	-0.778206	0	-9.72767e-09	-9.72767e-09	0
443	5e+24	3.39997e+12	3.59996e+12	0	-0.756214	-0.976591	0	-9.45276e-09	-1.22075e-08	0
444	5e+24	3.39997e+12	3.79995e+12	0	-0.729659	-1.20543	0	-9.12082e-09	-1.5068e-08	0
445	5e+24	3.39997e+12	3.99994e+12	0	-0.698454	-1.47859	0	-8.73074e-09	-1.84826e-08	0
446	5e+24	3.39997e+12	4.19993e+12	0	-0.662682	-1.81957	0	-8.28358e-09	-2.27451e-08	0
447	5e+24	3.39998e+12	4.39991e+12	0	-0.622696	-2.27415	0	-7.78376e-09	-2.84275e-08	0
448	5e+24	3.39998e+12	4.59988e+12	0	-0.579197	-2.9548	0	-7.24002e-09	-3.69364e-08	0
449	5e+24	3.39998e+12	4.79983e+12	0	-0.533256	-4.32424	0	-6.66578e-09	-5.40611e-08	0
450	5e+24	3.59997e+12	1.70808e+08	0	-0.662656	4.27037	0	-8.28331e-09	5.33877e-08	0
451	5e+24	3.59997e+12	2.00116e+11	0	-0.723118	2.90313	0	-9.03905e-09	3.62905e-08	0
452	5e+24	3.59997e+12	4.00089e+11	0	-0.779929	2.2262	0	-9.74918e-09	2.78282e-08	0
453	5e+24	3.59997e+12	6.00071e+11	0	-0.831566	1.77638	0	-1.03947e-08	2.22052e-08	0
454	5e+24	3.59996e+12	8.00058e+11	0	-0.87717	1.4407	0	-1.09647e-08	1.8009e-08	0
455	5e+24	3.59996e+12	1.00005e+12	0	-0.91645	1.17298	0	-1.14557e-08	1.46624e-08	0
456	5e+24	3.59996e+12	1.20004e+12	0	-0.949492	0.949492	0	-1.18688e-08	1.18688e-08	0
457	5e+24	3.59996e+12	1.40003e+12	0	-0.976591	0.756214	0	-1.22075e-08	9.45276e-09	0
458	5e+24	3.59996e+12	1.60002e+12	0	-0.998117	0.584055	0	-1.24766e-08	7.30075e-09	0
459	5e+24	3.59996e+12	1.80002e+12	0	-1.01443	0.426661	0	-1.26806e-08	5.33331e-09	0
460	5e+24	3.59996e+12	2.00001e+12	0	-1.02585	0.279287	0	-1.28233e-08	3.49112e-09	0
461	5e+24	3.59996e+12	2.20001e+12	0	-1.03261	0.138147	0	-1.29078e-08	1.72685e-09	0
462	5e+24	3.59996e+12	2.4e+12	0	-1.03484	7.67332e-16	0	-1.29357e-08	-3.53038e-23	0
463	5e+24	3.59996e+12	2.59999e+12	0	-1.03261	-0.138147	0	-1.29078e-08	-1.72685e-09	0
464	5e+24	3.59996e+12	2.79999e+12	0	-1.02585	-0.279287	0	-1.28233e-08	-3.49112e-09	0
465	5e+24	3.59996e+12	2.99998e+12	0	-1.01443	-0.426661	0	-1.26806e-08	-5.33331e-09	0
466	5e+24	3.59996e+12	3.19998e+12	0	-0.998117	-0.584055	0	-1.24766e-08	-7.30075e-09	0
467	5e+24	3.59996e+12	3.39997e+12	0	-0.976591	-0.756214	0	-1.22075e-08	-9.45276e-09	0
468	5e+24	3.59996e+12	3.59996e+12	0	-0.949492	-0.949492	0	-1.18688e-08	-1.18688e-08	0
469	5e+24	3.59996e+12	3.79995e+12	0	-0.91645	-1.17298	0	-1.14557e-08	-1.46624e-08	0
470	5e+24	3.59996e+12	3.99994e+12	0	-0.87717	-1.4407	0	-1.09647e-08	-1.8009e-08	0
471	5e+24	3.59997e+12	4.19993e+12	0	-0.831566	-1.77638	0	-1.03947e-08	-2.22052e-08	0
472	5e+24	3.59997e+12	4.39991e+12	0	-0.779929	-2.2262	0	-9.74918e-09	-2.78282e-08	0
473	5e+24	3.59997e+12	4.59988e+12	0	-0.723118	-2.90313	0	-9.03905e-09	-3.62905e-08	0
474	5e+24	3.59997e+12	4.79983e+12	0	-0.662656	-4.27037	0	-8.28331e-09	-5.33877e-08	0
475	5e+24	3.79997e+12	1.67971e+08	0	-0.808654	4.19944	0	-1.01083e-08	5.25012e-08	0
476	5e+24	3.79996e+12	2.00113e+11	0	-0.888042	2.83557	0	-1.11006e-08	3.5446e-08	0
477	5e+24	3.79996e+12	4.00087e+11	0	-0.961725	2.16429	0	-1.20217e-08	2.70543e-08	0
478	5e+24	3.79996e+12	6.00069e+11	0	-1.02756	1.72147	0	-1.28446e-08	2.15187e-08	0
479	5e+24	3.79996e+12	8.00056e+11	0	-1.08463	1.39326	0	-1.3558e-08	1.7416e-08	0
480	5e+24	3.79995e+12	1.00005e+12	0	-1.13294	1.13294	0	-1.41619e-08	1.41619e-08	0
481	5e+24	3.79995e+12	1.20004e+12	0	-1.17298	0.91645	0	-1.46624e-08	1.14557e-08	0
482	5e+24	3.79995e+12	1.40003e+12	0	-1.20543	0.729659	0	-1.5068e-08	9.12082e-09	0
483	5e+24	3.79995e+12	1.60002e+12	0	-1.23095	0.563482	0	-1.53871e-08	7.04358e-09	0
484	5e+24	3.79995e+12	1.80002e+12	0	-1.25017	0.411632	0	-1.56273e-08	5.14543e-09	0
485	5e+24	3.79995e+12	2.00001e+12	0	-1.26355	0.26946	0	-1.57946e-08	3.36827e-09	0
486	5e+24	3.79995e+12	2.20001e+12	0	-1.27144	0.133292	0	-1.58932e-08	1.66615e-09	0
487	5e+24	3.79995e+12	2.4e+12	0	-1.27405	4.00394e-16	0	-1.59258e-08	-1.53222e-23	0
488	5e+24	3.79995e+12	2.59999e+12	0	-1.27144	-0.133292	0	-1.58932e-08	-1.66615e-09	0
489	5e+24	3.79995e+12	2.79999e+12	0	-1.26355	-0.26946	0	-1.57946e-08	-3.36827e-09	0
490	5e+24	3.79995e+12	2.99998e+12	0	-1.25017	-0.411632	0	-1.56273e-08	-5.14543e-09	0
491	5e+24	3.79995e+12	3.19998e+12	0	-1.23095	-0.563482	0	-1.53871e-08	-7.04358e-09	0
492	5e+24	3.79995e+12	3.39997e+12	0	-1.20543	-0.729659	0	-1.5068e-08	-9.12082e-09	0
493	5e+24	3.79995e+12	3.59996e+12	0	-1.17298	-0.91645	0	-1.46624e-08	-1.14557e-08	0
494	5e+24	3.79995e+12	3.79995e+12	0	-1.13294	-1.13294	0	-1.41619e-08	-1.41619e-08	0
495	5e+24	3.79996e+12	3.99994e+12	0	-1.08463	-1.39326	0	-1.3558e-08	-1.7416e-08	0
496	5e+24	3.79996e+12	4.19993e+12	0	-1.02756	-1.72147	0	-1.28446e-08	-2.15187e-08	0
497	5e+24	3.79996e+12	4.39991e+12	0	-0.961725	-2.16429	0	-1.20217e-08	-2.70543e-08	0
498	5e+24	3.79996e+12	4.59989e+12	0	-0.888042	-2.83557	0	-1.11006e-08	-3.5446e-08	0
499	5e+24	3.79997e+12	4.79983e+12	0	-0.808654	-4.19944	0	-1.01083e-08	-5.25012e-08	0
500	5e+24	3.99996e+12	1.64208e+08	0	-0.979477	4.10536	0	-1.22437e-08	5.13251e-08	0
501	5e+24	3.99996e+12	2.0011e+11	0	-1.08503	2.747	0	-1.35631e-08	3.43388e-08	0
502	5e+24	3.99995e+12	4.00083e+11	0	-1.181	2.08474	0	-1.47627e-08	2.60598e-08	0
503	5e+24	3.99995e+12	6.00066e+11	0	-1.26448	1.65249	0	-1.58062e-08	2.06565e-08	0
504	5e+24	3.99995e+12	8.00053e+11	0	-1.33496	1.33496	0	-1.66872e-08	1.66872e-08	0
505	5e+24	3.99994e+12	1.00004e+12	0	-1.39326	1.08463	0	-1.7416e-08	1.3558e-08	0
506	5e+24	3.99994e+12	1.20004e+12	0	-1.4407	0.87717	0	-1.8009e-08	1.09647e-08	0
507	5e+24	3.99994e+12	1.40003e+12	0	-1.47859	0.698454	0	-1.84826e-08	8.73074e-09	0
508	5e+24	3.99994e+12	1.60002e+12	0	-1.50809	0.539514	0	-1.88514e-08	6.74397e-09	0
509	5e+24	3.99994e+12	1.80002e+12	0	-1.53013	0.394229	0	-1.91269e-08	4.9279e-09	0
510	5e+24	3.99994e+12	2.00001e+12	0	-1.54539	0.258128	0	-1.93177e-08	3.22662e-09	0
511	5e+24	3.99994e+12	2.20001e+12	0	-1.55437	0.127706	0	-1.94298e-08	1.59633e-09	0
512	5e+24	3.99994e+12	2.4e+12	0	-1.55733	-6.54399e-16	0	-1.94669e-08	7.75482e-26	0
513	5e+24	3.99994e+12	2.59999e+12	0	-1.55437	-0.127706	0	-1.94298e-08	-1.59633e-09	0
514	5e+24	3.99994e+12	2.79999e+12	0	-1.54539	-0.258128	0	-1.93177e-08	-3.22662e-09	0
515	5e+24	3.99994e+12	2.99998e+12	0	-1.53013	-0.394229	0	-1.91269e-08	-4.9279e-09	0
516	5e+24	3.99994e+12	3.19998e+12	0	-1.50809	-0.539514	0	-1.88514e-08	-6.74397e-09	0
517	5e+24	3.99994e+12	3.39997e+12	0	-1.47859	-0.698454	0	-1.84826e-08	-8.73074e-09	0
518	5e+24	3.99994e+12	3.59996e+12	0	-1.4407	-0.87717	0	-1.8009e-08	-1.09647e-08	0
519	5e+24	3.99994e+12	3.79996e+12	0	-1.39326	-1.08463	0	-1.7416e-08	-1.3558e-08	0
520	5e+24	3.99995e+12	3.99995e+12	0	-1.33496	-1.33496	0	-1.66872e-08	-1.66872e-08	0
521	5e+24	3.99995e+12	4.19993e+12	0	-1.26448	-1.65249	0	-1.58062e-08	-2.06565e-08	0
522	5e+24	3.99995e+12	4.39992e+12	0	-1.181	-2.08474	0	-1.47627e-08	-2.60598e-08	0
523	5e+24	3.99996e+12	4.59989e+12	0	-1.08503	-2.747	0	-1.35631e-08	-3.43388e-08	0
524	5e+24	3.99996e+12	4.79984e+12	0	-0.979477	-4.10536	0	-1.22437e-08	-5.13251e-08	0
525	5e+24	4.19995e+12	1.59088e+08	0	-1.1899	3.97736	0	-1.4874e-08	4.97251e-08	0
526	5e+24	4.19995e+12	2.00105e+11	0	-1.33443	2.62906	0	-1.66806e-08	3.28646e-08	0
527	5e+24	4.19994e+12	4.00079e+11	0	-1.46107	1.98228	0	-1.82636e-08	2.47791e-08	0
528	5e+24	4.19994e+12	6.00063e+11	0	-1.56664	1.56664	0	-1.95832e-08	1.95832e-08	0
529	5e+24	4.19993e+12	8.00051e+11	0	-1.65249	1.26448	0	-2.06565e-08	1.58062e-08	0
530	5e+24	4.19993e+12	1.00004e+12	0	-1.72147	1.02756	0	-2.15187e-08	1.28446e-08	0
531	5e+24	4.19993e+12	1.20003e+12	0	-1.77638	0.831566	0	-2.22052e-08	1.03947e-08	0
532	5e+24	4.19993e+12	1.40003e+12	0	-1.81957	0.662682	0	-2.27451e-08	8.28358e-09	0
533	5e+24	4.19993e+12	1.60002e+12	0	-1.85283	0.512288	0	-2.31608e-08	6.40364e-09	0
534	5e+24	4.19992e+12	1.80001e+12	0	-1.87748	0.374588	0	-2.34689e-08	4.68237e-09	0
535	5e+24	4.19992e+12	2.00001e+12	0	-1.89446	0.245392	0	-2.36812e-08	3.06741e-09	0
536	5e+24	4.19992e+12	2.2e+12	0	-1.90442	0.121442	0	-2.38056e-08	1.51804e-09	0
537	5e+24	4.19992e+12	2.4e+12	0	-1.9077	8.70477e-17	0	-2.38466e-08	1.02364e-23	0
538	5e+24	4.19992e+12	2.6e+12	0	-1.90442	-0.121442	0	-2.38056e-08	-1.51804e-09	0
539	5e+24	4.19992e+12	2.79999e+12	0	-1.89446	-0.245392	0	-2.36812e-08	-3.06741e-09	0
540	5e+24	4.19992e+12	2.99999e+12	0	-1.87748	-0.374588	0	-2.34689e-08	-4.68237e-09	0
541	5e+24	4.19993e+12	3.19998e+12	0	-1.85283	-0.512288	0	-2.31608e-08	-6.40364e-09	0
542	5e+24	4.19993e+12	3.39997e+12	0	-1.81957	-0.662682	0	-2.27451e-08	-8.28358e-09	0
543	5e+24	4.19993e+12	3.59997e+12	0	-1.77638	-0.831566	0	-2.22052e-08	-1.03947e-08	0
544	5e+24	4.19993e+12	3.79996e+12	0	-1.72147	-1.02756	0	-2.15187e-08	-1.28446e-08	0
545	5e+24	4.19993e+12	3.99995e+12	0	-1.65249	-1.26448	0	-2.06565e-08	-1.58062e-08	0
546	5e+24	4.19994e+12	4.19994e+12	0	-1.56664	-1.56664	0	-1.95832e-08	-1.95832e-08	0
547	5e+24	4.19994e+12	4.39992e+12	0	-1.46107	-1.98228	0	-1.82636e-08	-2.47791e-08	0
548	5e+24	4.19995e+12	4.59989e+12	0	-1.33443	-2.62906	0	-1.66806e-08	-3.28646e-08	0
549	5e+24	4.19995e+12	4.79984e+12	0	-1.1899	-3.97736	0	-1.4874e-08	-4.97251e-08	0
550	5e+24	4.39994e+12	1.51757e+08	0	-1.47107	3.79409	0	-1.83888e-08	4.74342e-08	0
551	5e+24	4.39993e+12	2.00099e+11	0	-1.67973	2.4675	0	-2.0997e-08	3.0845e-08	0
552	5e+24	4.39993e+12	4.00074e+11	0	-1.84983	1.84983	0	-2.31233e-08	2.31233e-08	0
553	5e+24	4.39992e+12	6.00058e+11	0	-1.98228	1.46107	0	-2.47791e-08	1.82636e-08	0
554	5e+24	4.39992e+12	8.00047e+11	0	-2.08474	1.181	0	-2.60598e-08	1.47627e-08	0
555	5e+24	4.39991e+12	1.00004e+12	0	-2.16429	0.961725	0	-2.70543e-08	1.20217e-08	0
556	5e+24	4.39991e+12	1.20003e+12	0	-2.2262	0.779929	0	-2.78282e-08	9.74918e-09	0
557	5e+24	4.39991e+12	1.40002e+12	0	-2.27415	0.622696	0	-2.84275e-08	7.78376e-09	0
558	5e+24	4.39991e+12	1.60002e+12	0	-2.31069	0.482124	0	-2.88842e-08	6.02659e-09	0
559	5e+24	4.39991e+12	1.80001e+12	0	-2.33758	0.352957	0	-2.92204e-08	4.41198e-09	0
560	5e+24	4.39991e+12	2.00001e+12	0	-2.35603	0.231419	0	-2.9451e-08	2.89275e-09	0
561	5e+24	4.39991e+12	2.2e+12	0	-2.36681	0.114586	0	-2.95858e-08	1.43233e-09	0
562	5e+24	4.39991e+12	2.4e+12	0	-2.37035	7.80161e-16	0	-2.96301e-08	9.62244e-24	0
563	5e+24	4.39991e+12	2.6e+12	0	-2.36681	-0.114586	0	-2.95858e-08	-1.43233e-09	0
564	5e+24	4.39991e+12	2.79999e+12	0	-2.35603	-0.231419	0	-2.9451e-08	-2.89275e-09	0
565	5e+24	4.39991e+12	2.99999e+12	0	-2.33758	-0.352957	0	-2.92204e-08	-4.41198e-09	0
566	5e+24	4.39991e+12	3.19998e+12	0	-2.31069	-0.482124	0	-2.88842e-08	-6.02659e-09	0
567	5e+24	4.39991e+12	3.39998e+12	0	-2.27415	-0.622696	0	-2.84275e-08	-7.78376e-09	0
568	5e+24	4.39991e+12	3.59997e+12	0	-2.2262	-0.779929	0	-2.78282e-08	-9.74918e-09	0
569	5e+24	4.39991e+12	3.79996e+12	0	-2.16429	-0.961725	0	-2.70543e-08	-1.20217e-08	0
570	5e+24	4.39992e+12	3.99995e+12	0	-2.08474	-1.181	0	-2.60598e-08	-1.47627e-08	0
571	5e+24	4.39992e+12	4.19994e+12	0	-1.98228	-1.46107	0	-2.47791e-08	-1.82636e-08	0
572	5e+24	4.39993e+12	4.39993e+12	0	-1.84983	-1.84983	0	-2.31233e-08	-2.31233e-08	0
573	5e+24	4.39993e+12	4.5999e+12	0	-1.67973	-2.4675	0	-2.0997e-08	-3.0845e-08	0
574	5e+24	4.39994e+12	4.79985e+12	0	-1.47107	-3.79409	0	-1.83888e-08	-4.74342e-08	0
575	5e+24	4.59992e+12	1.40151e+08	0	-1.9089	3.50394	0	-2.38622e-08	4.3807e-08	0
576	5e+24	4.59991e+12	2.0009e+11	0	-2.23771	2.23771	0	-2.79724e-08	2.79724e-08	0
577	5e+24	4.5999e+12	4.00067e+11	0	-2.4675	1.67973	0	-3.0845e-08	2.0997e-08	0
578	5e+24	4.59989e+12	6.00053e+11	0	-2.62906	1.33443	0	-3.28646e-08	1.66806e-08	0
579	5e+24	4.59989e+12	8.00043e+11	0	-2.747	1.08503	0	-3.43388e-08	1.35631e-08	0
580	5e+24	4.59989e+12	1.00004e+12	0	-2.83557	0.888042	0	-3.5446e-08	1.11006e-08	0
581	5e+24	4.59988e+12	1.20003e+12	0	-2.90313	0.723118	0	-3.62905e-08	9.03905e-09	0
582	5e+24	4.59988e+12	1.40002e+12	0	-2.9548	0.579197	0	-3.69364e-08	7.24002e-09	0
583	5e+24	4.59988e+12	1.60002e+12	0	-2.99386	0.449555	0	-3.74246e-08	5.61947e-09	0
584	5e+24	4.59988e+12	1.80001e+12	0	-3.02245	0.329715	0	-3.77821e-08	4.12146e-09	0
585	5e+24	4.59988e+12	2.00001e+12	0	-3.04201	0.216452	0	-3.80265e-08	2.70567e-09	0
586	5e+24	4.59988e+12	2.2e+12	0	-3.05341	0.107254	0	-3.81691e-08	1.34068e-09	0
587	5e+24	4.59988e+12	2.4e+12	0	-3.05716	-1.19419e-15	0	-3.82159e-08	-4.77891e-23	0
588	5e+24	4.59988e+12	2.6e+12	0	-3.05341	-0.107254	0	-3.81691e-08	-1.34068e-09	0
589	5e+24	4.59988e+12	2.79999e+12	0	-3.04201	-0.216452	0	-3.80265e-08	-2.70567e-09	0
590	5e+24	4.59988e+12	2.99999e+12	0	-3.02245	-0.329715	0	-3.77821e-08	-4.12146e-09	0
591	5e+24	4.59988e+12	3.19998e+12	0	-2.99386	-0.449555	0	-3.74246e-08	-5.61947e-09	0
592	5e+24	4.59988e+12	3.39998e+12	0	-2.9548	-0.579197	0	-3.69364e-08	-7.24002e-09	0
593	5e+24	4.59988e+12	3.59997e+12	0	-2.90313	-0.723118	0	-3.62905e-08	-9.03905e-09	0
594	5e+24	4.59989e+12	3.79996e+12	0	-2.83557	-0.888042	0	-3.5446e-08	-1.11006e-08	0
595	5e+24	4.59989e+12	3.99996e+12	0	-2.747	-1.08503	0	-3.43388e-08	-1.35631e-08	0
596	5e+24	4.59989e+12	4.19995e+12	0	-2.62906	-1.33443	0	-3.28646e-08	-1.66806e-08	0
597	5e+24	4.5999e+12	4.39993e+12	0	-2.4675	-1.67973	0	-3.0845e-08	-2.0997e-08	0
598	5e+24	4.59991e+12	4.59991e+12	0	-2.23771	-2.23771	0	-2.79724e-08	-2.79724e-08	0
599	5e+24	4.59992e+12	4.79986e+12	0	-1.9089	-3.50394	0	-2.38622e-08	-4.3807e-08	0
600	5e+24	4.79988e+12	1.17532e+08	0	-2.93843	2.93843	0	-3.67368e-08	3.67368e-08	0
601	5e+24	4.79986e+12	2.00076e+11	0	-3.50394	1.9089	0	-4.3807e-08	2.38622e-08	0
602	5e+24	4.79985e+12	4.00059e+11	0	-3.79409	1.47107	0	-4.74342e-08	1.83888e-08	0
603	5e+24	4.79984e+12	6.00048e+11	0	-3.97736	1.1899	0	-4.97251e-08	1.4874e-08	0
604	5e+24	4.79984e+12	8.00039e+11	0	-4.10536	0.979477	0	-5.13251e-08	1.22437e-08	0
605	5e+24	4.79983e+12	1.00003e+12	0	-4.19944	0.808654	0	-5.25012e-08	1.01083e-08	0
606	5e+24	4.79983e+12	1.20003e+12	0	-4.27037	0.662656	0	-5.33877e-08	8.28331e-09	0
607	5e+24	4.79983e+12	1.40002e+12	0	-4.32424	0.533256	0	-5.40611e-08	6.66578e-09	0
608	5e+24	4.79983e+12	1.60002e+12	0	-4.3648	0.415323	0	-5.4568e-08	5.1916e-09	0
609	5e+24	4.79982e+12	1.80001e+12	0	-4.39442	0.305362	0	-5.49383e-08	3.81707e-09	0
610	5e+24	4.79982e+12	2.00001e+12	0	-4.41464	0.2008	0	-5.5191e-08	2.51003e-09	0
611	5e+24	4.79982e+12	2.2e+12	0	-4.42642	0.099594	0	-5.53383e-08	1.24494e-09	0
612	5e+24	4.79982e+12	2.4e+12	0	-4.43029	-3.26711e-15	0	-5.53867e-08	-8.61819e-23	0
613	5e+24	4.79982e+12	2.6e+12	0	-4.42642	-0.099594	0	-5.53383e-08	-1.24494e-09	0
614	5e+24	4.79982e+12	2.79999e+12	0	-4.41464	-0.2008	0	-5.5191e-08	-2.51003e-09	0
615	5e+24	4.79982e+12	2.99999e+12	0	-4.39442	-0.305362	0	-5.49383e-08	-3.81707e-09	0
616	5e+24	4.79983e+12	3.19998e+12	0	-4.3648	-0.415323	0	-5.4568e-08	-5.1916e-09	0
617	5e+24	4.79983e+12	3.39998e+12	0	-4.32424	-0.533256	0	-5.40611e-08	-6.66578e-09	0
618	5e+24	4.79983e+12	3.59997e+12	0	-4.27037	-0.662656	0	-5.33877e-08	-8.28331e-09	0
619	5e+24	4.79983e+12	3.79997e+12	0	-4.19944	-0.808654	0	-5.25012e-08	-1.01083e-08	0
620	5e+24	4.79984e+12	3.99996e+12	0	-4.10536	-0.979477	0	-5.13251e-08	-1.22437e-08	0
621	5e+24	4.79984e+12	4.19995e+12	0	-3.97736	-1.1899	0	-4.97251e-08	-1.4874e-08	0
622	5e+24	4.79985e+12	4.39994e+12	0	-3.79409	-1.47107	0	-4.74342e-08	-1.83888e-08	0
623	5e+24	4.79986e+12	4.59992e+12	0	-3.50394	-1.9089	0	-4.3807e-08	-2.38622e-08	0
624	5e+24	4.79988e+12	4.79988e+12	0	-2.93843	-2.93843	0	-3.67368e-08	-3.67368e-08	0
