25
0	5e+24	0	0	0	0	0	0	8.75253e-10	8.75253e-10	0
1	5e+24	0	1e+12	0	0	0	0	1.07603e-09	3.0553e-10	0
2	5e+24	0	2e+12	0	0	0	0	1.12307e-09	1.13091e-26	0
3	5e+24	0	3e+12	0	0	0	0	1.07603e-09	-3.0553e-10	0
4	5e+24	0	4e+12	0	0	0	0	8.75253e-10	-8.75253e-10	0
5	5e+24	1e+12	0	0	0	0	0	3.0553e-10	1.07603e-09	0
6	5e+24	1e+12	1e+12	0	0	0	0	3.81412e-10	3.81412e-10	0
7	5e+24	1e+12	2e+12	0	0	0	0	4.04917e-10	1.13091e-26	0
8	5e+24	1e+12	3e+12	0	0	0	0	3.81412e-10	-3.81412e-10	0
9	5e+24	1e+12	4e+12	0	0	0	0	3.0553e-10	-1.07603e-09	0
10	5e+24	2e+12	0	0	0	0	0	9.04729e-26	1.12307e-09	0
11	5e+24	2e+12	1e+12	0	0	0	0	1.05013e-25	4.04917e-10	0
12	5e+24	2e+12	2e+12	0	0	0	0	-6.46235e-27	1.29247e-26	0
13	5e+24	2e+12	3e+12	0	0	0	0	-1.55096e-25	-4.04917e-10	0
14	5e+24	2e+12	4e+12	0	0	0	0	-1.80946e-25	-1.12307e-09	0
15	5e+24	3e+12	0	0	0	0	0	-3.0553e-10	1.07603e-09	0
16	5e+24	3e+12	1e+12	0	0	0	0	-3.81412e-10	3.81412e-10	0
17	5e+24	3e+12	2e+12	0	0	0	0	-4.04917e-10	1.29247e-26	0
18	5e+24	3e+12	3e+12	0	0	0	0	-3.81412e-10	-3.81412e-10	0
19	5e+24	3e+12	4e+12	0	0	0	0	-3.0553e-10	-1.07603e-09	0
20	5e+24	4e+12	0	0	0	0	0	-8.75253e-10	8.75253e-10	0
21	5e+24	4e+12	1e+12	0	0	0	0	-1.07603e-09	3.0553e-10	0
22	5e+24	4e+12	2e+12	0	0	0	0	-1.12307e-09	1.29247e-26	0
23	5e+24	4e+12	3e+12	0	0	0	0	-1.07603e-09	-3.0553e-10	0
24	5e+24	4e+12	4e+12	0	0	0	0	-8.75253e-10	-8.75253e-10	0
