25
0	5e+24	1750.51	1750.51	0	0.00175051	0.00175051	0	8.75253e-10	8.75253e-10	0
1	5e+24	2152.05	1e+12	0	0.00215205	0.000611059	0	1.07603e-09	3.0553e-10	0
2	5e+24	2246.14	2e+12	0	0.00224614	1.1915e-18	0	1.12307e-09	1.05175e-24	0
3	5e+24	2152.05	3e+12	0	0.00215205	-0.000611059	0	1.07603e-09	-3.0553e-10	0
4	5e+24	1750.51	4e+12	0	0.00175051	-0.00175051	0	8.75253e-10	-8.75253e-10	0
5	5e+24	1e+12	2152.05	0	0.000611059	0.00215205	0	3.0553e-10	1.07603e-09	0
6	5e+24	1e+12	1e+12	0	0.000762823	0.000762823	0	3.81412e-10	3.81412e-10	0
7	5e+24	1e+12	2e+12	0	0.000809835	7.11774e-19	0	4.04917e-10	6.05845e-25	0
8	5e+24	1e+12	3e+12	0	0.000762823	-0.000762823	0	3.81412e-10	-3.81412e-10	0
9	5e+24	1e+12	4e+12	0	0.000611059	-0.00215205	0	3.0553e-10	-1.07603e-09	0
10	5e+24	2e+12	2246.14	0	1.17876e-18	0.00224614	0	8.70801e-25	1.12307e-09	0
11	5e+24	2e+12	1e+12	0	7.48717e-19	0.000809835	0	6.70469e-25	4.04917e-10	0
12	5e+24	2e+12	2e+12	0	1.37863e-20	1.05552e-20	0	1.9387e-26	1.55096e-25	0
13	5e+24	2e+12	3e+12	0	7.2723e-19	-0.000809835	0	8.27181e-25	-4.04917e-10	0
14	5e+24	2e+12	4e+12	0	1.20695e-18	-0.00224614	0	9.43503e-25	-1.12307e-09	0
15	5e+24	3e+12	2152.05	0	-0.000611059	0.00215205	0	-3.0553e-10	1.07603e-09	0
16	5e+24	3e+12	1e+12	0	-0.000762823	0.000762823	0	-3.81412e-10	3.81412e-10	0
17	5e+24	3e+12	2e+12	0	-0.000809835	7.15382e-19	0	-4.04917e-10	6.97934e-25	0
18	5e+24	3e+12	3e+12	0	-0.000762823	-0.000762823	0	-3.81412e-10	-3.81412e-10	0
19	5e+24	3e+12	4e+12	0	-0.000611059	-0.00215205	0	-3.0553e-10	-1.07603e-09	0
20	5e+24	4e+12	1750.51	0	-0.00175051	0.00175051	0	-8.75253e-10	8.75253e-10	0
21	5e+24	4e+12	1e+12	0	-0.00215205	0.000611059	0	-1.07603e-09	3.0553e-10	0
22	5e+24	4e+12	2e+12	0	-0.00224614	1.19683e-18	0	-1.12307e-09	9.95202e-25	0
23	5e+24	4e+12	3e+12	0	-0.00215205	-0.000611059	0	-1.07603e-09	-3.0553e-10	0
24	5e+24	4e+12	4e+12	0	-0.00175051	-0.00175051	0	-8.75253e-10	-8.75253e-10	0
