25
0	5e+24	21443.7	21443.7	0	0.00612677	0.00612677	0	8.75253e-10	8.75253e-10	0
1	5e+24	26362.6	1e+12	0	0.00753218	0.00213871	0	1.07603e-09	3.0553e-10	0
2	5e+24	27515.3	2e+12	0	0.0078615	7.08206e-18	0	1.12307e-09	4.3944e-25	0
3	5e+24	26362.6	3e+12	0	0.00753218	-0.00213871	0	1.07603e-09	-3.0553e-10	0
4	5e+24	21443.7	4e+12	0	0.00612677	-0.00612677	0	8.75253e-10	-8.75253e-10	0
5	5e+24	1e+12	26362.6	0	0.00213871	0.00753218	0	3.0553e-10	1.07603e-09	0
6	5e+24	1e+12	1e+12	0	0.00266988	0.00266988	0	3.81412e-10	3.81412e-10	0
7	5e+24	1e+12	2e+12	0	0.00283442	4.35533e-18	0	4.04917e-10	7.69019e-25	0
8	5e+24	1e+12	3e+12	0	0.00266988	-0.00266988	0	3.81412e-10	-3.81412e-10	0
9	5e+24	1e+12	4e+12	0	0.00213871	-0.00753218	0	3.0553e-10	-1.07603e-09	0
10	5e+24	2e+12	27515.3	0	7.00877e-18	0.0078615	0	4.08744e-25	1.12307e-09	0
11	5e+24	2e+12	1e+12	0	4.37504e-18	0.00283442	0	7.20552e-25	4.04917e-10	0
12	5e+24	2e+12	2e+12	0	1.34955e-18	1.32629e-18	0	2.77881e-25	3.74816e-25	0
13	5e+24	2e+12	3e+12	0	4.35002e-18	-0.00283442	0	6.97934e-25	-4.04917e-10	0
14	5e+24	2e+12	4e+12	0	7.0907e-18	-0.0078615	0	4.78214e-25	-1.12307e-09	0
15	5e+24	3e+12	26362.6	0	-0.00213871	0.00753218	0	-3.0553e-10	1.07603e-09	0
16	5e+24	3e+12	1e+12	0	-0.00266988	0.00266988	0	-3.81412e-10	3.81412e-10	0
17	5e+24	3e+12	2e+12	0	-0.00283442	4.39677e-18	0	-4.04917e-10	6.20385e-25	0
18	5e+24	3e+12	3e+12	0	-0.00266988	-0.00266988	0	-3.81412e-10	-3.81412e-10	0
19	5e+24	3e+12	4e+12	0	-0.00213871	-0.00753218	0	-3.0553e-10	-1.07603e-09	0
20	5e+24	4e+12	21443.7	0	-0.00612677	0.00612677	0	-8.75253e-10	8.75253e-10	0
21	5e+24	4e+12	1e+12	0	-0.00753218	0.00213871	0	-1.07603e-09	3.0553e-10	0
22	5e+24	4e+12	2e+12	0	-0.0078615	7.11461e-18	0	-1.12307e-09	4.00666e-25	0
23	5e+24	4e+12	3e+12	0	-0.00753218	-0.00213871	0	-1.07603e-09	-3.0553e-10	0
24	5e+24	4e+12	4e+12	0	-0.00612677	-0.00612677	0	-8.75253e-10	-8.75253e-10	0
