25
0	5e+24	28008.1	28008.1	0	0.00700202	0.00700202	0	8.75253e-10	8.75253e-10	0
1	5e+24	34432.8	1e+12	0	0.00860821	0.00244424	0	1.07603e-09	3.0553e-10	0
2	5e+24	35938.3	2e+12	0	0.00898457	7.47858e-18	0	1.12307e-09	7.01165e-25	0
3	5e+24	34432.8	3e+12	0	0.00860821	-0.00244424	0	1.07603e-09	-3.0553e-10	0
4	5e+24	28008.1	4e+12	0	0.00700202	-0.00700202	0	8.75253e-10	-8.75253e-10	0
5	5e+24	1e+12	34432.8	0	0.00244424	0.00860821	0	3.0553e-10	1.07603e-09	0
6	5e+24	1e+12	1e+12	0	0.00305129	0.00305129	0	3.81412e-10	3.81412e-10	0
7	5e+24	1e+12	2e+12	0	0.00323934	5.0654e-18	0	4.04917e-10	6.96318e-25	0
8	5e+24	1e+12	3e+12	0	0.00305129	-0.00305129	0	3.81412e-10	-3.81412e-10	0
9	5e+24	1e+12	4e+12	0	0.00244424	-0.00860821	0	3.0553e-10	-1.07603e-09	0
10	5e+24	2e+12	35938.3	0	7.40782e-18	0.00898457	0	8.28796e-25	1.12307e-09	0
11	5e+24	2e+12	1e+12	0	5.09303e-18	0.00323934	0	7.51248e-25	4.04917e-10	0
12	5e+24	2e+12	2e+12	0	1.66879e-18	1.64133e-18	0	1.61559e-25	1.61559e-25	0
13	5e+24	2e+12	3e+12	0	5.07337e-18	-0.00323934	0	6.46235e-25	-4.04917e-10	0
14	5e+24	2e+12	4e+12	0	7.4974e-18	-0.00898457	0	7.10858e-25	-1.12307e-09	0
15	5e+24	3e+12	34432.8	0	-0.00244424	0.00860821	0	-3.0553e-10	1.07603e-09	0
16	5e+24	3e+12	1e+12	0	-0.00305129	0.00305129	0	-3.81412e-10	3.81412e-10	0
17	5e+24	3e+12	2e+12	0	-0.00323934	5.10052e-18	0	-4.04917e-10	6.3331e-25	0
18	5e+24	3e+12	3e+12	0	-0.00305129	-0.00305129	0	-3.81412e-10	-3.81412e-10	0
19	5e+24	3e+12	4e+12	0	-0.00244424	-0.00860821	0	-3.0553e-10	-1.07603e-09	0
20	5e+24	4e+12	28008.1	0	-0.00700202	0.00700202	0	-8.75253e-10	8.75253e-10	0
21	5e+24	4e+12	1e+12	0	-0.00860821	0.00244424	0	-1.07603e-09	3.0553e-10	0
22	5e+24	4e+12	2e+12	0	-0.00898457	7.51377e-18	0	-1.12307e-09	6.72084e-25	0
23	5e+24	4e+12	3e+12	0	-0.00860821	-0.00244424	0	-1.07603e-09	-3.0553e-10	0
24	5e+24	4e+12	4e+12	0	-0.00700202	-0.00700202	0	-8.75253e-10	-8.75253e-10	0
