64
0	5e+24	4.88106e+06	4.88106e+06	0	0.162702	0.162702	0	2.71172e-09	2.71172e-09	0
1	5e+24	5.99342e+06	6.25002e+11	0	0.199781	0.0797477	0	3.32969e-09	1.32913e-09	0
2	5e+24	6.45201e+06	1.25e+12	0	0.215067	0.041187	0	3.58447e-09	6.86451e-10	0
3	5e+24	6.63356e+06	1.875e+12	0	0.221119	0.0129128	0	3.68533e-09	2.15213e-10	0
4	5e+24	6.63356e+06	2.5e+12	0	0.221119	-0.0129128	0	3.68533e-09	-2.15213e-10	0
5	5e+24	6.45201e+06	3.125e+12	0	0.215067	-0.041187	0	3.58447e-09	-6.86451e-10	0
6	5e+24	5.99342e+06	3.75e+12	0	0.199781	-0.0797477	0	3.32969e-09	-1.32913e-09	0
7	5e+24	4.88106e+06	4.375e+12	0	0.162702	-0.162702	0	2.71172e-09	-2.71172e-09	0
8	5e+24	6.25002e+11	5.99342e+06	0	0.0797477	0.199781	0	1.32913e-09	3.32969e-09	0
9	5e+24	6.25003e+11	6.25003e+11	0	0.0982041	0.0982041	0	1.63674e-09	1.63674e-09	0
10	5e+24	6.25003e+11	1.25e+12	0	0.108662	0.0497659	0	1.81103e-09	8.29433e-10	0
11	5e+24	6.25003e+11	1.875e+12	0	0.113231	0.0154466	0	1.88718e-09	2.57444e-10	0
12	5e+24	6.25003e+11	2.5e+12	0	0.113231	-0.0154466	0	1.88718e-09	-2.57444e-10	0
13	5e+24	6.25003e+11	3.125e+12	0	0.108662	-0.0497659	0	1.81103e-09	-8.29433e-10	0
14	5e+24	6.25003e+11	3.75e+12	0	0.0982041	-0.0982041	0	1.63674e-09	-1.63674e-09	0
15	5e+24	6.25002e+11	4.37499e+12	0	0.0797477	-0.199781	0	1.32913e-09	-3.32969e-09	0
16	5e+24	1.25e+12	6.45201e+06	0	0.041187	0.215067	0	6.86451e-10	3.58447e-09	0
17	5e+24	1.25e+12	6.25003e+11	0	0.0497659	0.108662	0	8.29433e-10	1.81103e-09	0
18	5e+24	1.25e+12	1.25e+12	0	0.0553858	0.0553858	0	9.23098e-10	9.23098e-10	0
19	5e+24	1.25e+12	1.875e+12	0	0.0580508	0.0171921	0	9.67515e-10	2.86536e-10	0
20	5e+24	1.25e+12	2.5e+12	0	0.0580508	-0.0171921	0	9.67515e-10	-2.86536e-10	0
21	5e+24	1.25e+12	3.125e+12	0	0.0553858	-0.0553858	0	9.23098e-10	-9.23098e-10	0
22	5e+24	1.25e+12	3.75e+12	0	0.0497659	-0.108662	0	8.29433e-10	-1.81103e-09	0
23	5e+24	1.25e+12	4.37499e+12	0	0.041187	-0.215067	0	6.86451e-10	-3.58447e-09	0
24	5e+24	1.875e+12	6.63356e+06	0	0.0129128	0.221119	0	2.15213e-10	3.68533e-09	0
25	5e+24	1.875e+12	6.25003e+11	0	0.0154466	0.113231	0	2.57444e-10	1.88718e-09	0
26	5e+24	1.875e+12	1.25e+12	0	0.0171921	0.0580508	0	2.86536e-10	9.67515e-10	0
27	5e+24	1.875e+12	1.875e+12	0	0.0180514	0.0180514	0	3.00856e-10	3.00856e-10	0
28	5e+24	1.875e+12	2.5e+12	0	0.0180514	-0.0180514	0	3.00856e-10	-3.00856e-10	0
29	5e+24	1.875e+12	3.125e+12	0	0.0171921	-0.0580508	0	2.86536e-10	-9.67515e-10	0
30	5e+24	1.875e+12	3.75e+12	0	0.0154466	-0.113231	0	2.57444e-10	-1.88718e-09	0
31	5e+24	1.875e+12	4.37499e+12	0	0.0129128	-0.221119	0	2.15213e-10	-3.68533e-09	0
32	5e+24	2.5e+12	6.63356e+06	0	-0.0129128	0.221119	0	-2.15213e-10	3.68533e-09	0
33	5e+24	2.5e+12	6.25003e+11	0	-0.0154466	0.113231	0	-2.57444e-10	1.88718e-09	0
34	5e+24	2.5e+12	1.25e+12	0	-0.0171921	0.0580508	0	-2.86536e-10	9.67515e-10	0
35	5e+24	2.5e+12	1.875e+12	0	-0.0180514	0.0180514	0	-3.00856e-10	3.00856e-10	0
36	5e+24	2.5e+12	2.5e+12	0	-0.0180514	-0.0180514	0	-3.00856e-10	-3.00856e-10	0
37	5e+24	2.5e+12	3.125e+12	0	-0.0171921	-0.0580508	0	-2.86536e-10	-9.67515e-10	0
38	5e+24	2.5e+12	3.75e+12	0	-0.0154466	-0.113231	0	-2.57444e-10	-1.88718e-09	0
39	5e+24	2.5e+12	4.37499e+12	0	-0.0129128	-0.221119	0	-2.15213e-10	-3.68533e-09	0
40	5e+24	3.125e+12	6.45201e+06	0	-0.041187	0.215067	0	-6.86451e-10	3.58447e-09	0
41	5e+24	3.125e+12	6.25003e+11	0	-0.0497659	0.108662	0	-8.29433e-10	1.81103e-09	0
42	5e+24	3.125e+12	1.25e+12	0	-0.0553858	0.0553858	0	-9.23098e-10	9.23098e-10	0
43	5e+24	3.125e+12	1.875e+12	0	-0.0580508	0.0171921	0	-9.67515e-10	2.86536e-10	0
44	5e+24	3.125e+12	2.5e+12	0	-0.0580508	-0.0171921	0	-9.67515e-10	-2.86536e-10	0
45	5e+24	3.125e+12	3.125e+12	0	-0.0553858	-0.0553858	0	-9.23098e-10	-9.23098e-10	0
46	5e+24	3.125e+12	3.75e+12	0	-0.0497659	-0.108662	0	-8.29433e-10	-1.81103e-09	0
47	5e+24	3.125e+12	4.37499e+12	0	-0.041187	-0.215067	0	-6.86451e-10	-3.58447e-09	0
48	5e+24	3.75e+12	5.99342e+06	0	-0.0797477	0.199781	0	-1.32913e-09	3.32969e-09	0
49	5e+24	3.75e+12	6.25003e+11	0	-0.0982041	0.0982041	0	-1.63674e-09	1.63674e-09	0
50	5e+24	3.75e+12	1.25e+12	0	-0.108662	0.0497659	0	-1.81103e-09	8.29433e-10	0
51	5e+24	3.75e+12	1.875e+12	0	-0.113231	0.0154466	0	-1.88718e-09	2.57444e-10	0
52	5e+24	3.75e+12	2.5e+12	0	-0.113231	-0.0154466	0	-1.88718e-09	-2.57444e-10	0
53	5e+24	3.75e+12	3.125e+12	0	-0.108662	-0.0497659	0	-1.81103e-09	-8.29433e-10	0
54	5e+24	3.75e+12	3.75e+12	0	-0.0982041	-0.0982041	0	-1.63674e-09	-1.63674e-09	0
55	5e+24	3.75e+12	4.37499e+12	0	-0.0797477	-0.199781	0	-1.32913e-09	-3.32969e-09	0
56	5e+24	4.375e+12	4.88106e+06	0	-0.162702	0.162702	0	-2.71172e-09	2.71172e-09	0
57	5e+24	4.37499e+12	6.25002e+11	0	-0.199781	0.0797477	0	-3.32969e-09	1.32913e-09	0
58	5e+24	4.37499e+12	1.25e+12	0	-0.215067	0.041187	0	-3.58447e-09	6.86451e-10	0
59	5e+24	4.37499e+12	1.875e+12	0	-0.221119	0.0129128	0	-3.68533e-09	2.15213e-10	0
60	5e+24	4.37499e+12	2.5e+12	0	-0.221119	-0.0129128	0	-3.68533e-09	-2.15213e-10	0
61	5e+24	4.37499e+12	3.125e+12	0	-0.215067	-0.041187	0	-3.58447e-09	-6.86451e-10	0
62	5e+24	4.37499e+12	3.75e+12	0	-0.199781	-0.0797477	0	-3.32969e-09	-1.32913e-09	0
63	5e+24	4.375e+12	4.375e+12	0	-0.162702	-0.162702	0	-2.71172e-09	-2.71172e-09	0
