64
0	5e+24	86774.3	86774.3	0	0.0216936	0.0216936	0	2.7117e-09	2.7117e-09	0
1	5e+24	106549	6.25e+11	0	0.0266374	0.010633	0	3.32967e-09	1.32913e-09	0
2	5e+24	114702	1.25e+12	0	0.0286755	0.0054916	0	3.58444e-09	6.8645e-10	0
3	5e+24	117930	1.875e+12	0	0.0294825	0.0017217	0	3.68531e-09	2.15213e-10	0
4	5e+24	117930	2.5e+12	0	0.0294825	-0.0017217	0	3.68531e-09	-2.15213e-10	0
5	5e+24	114702	3.125e+12	0	0.0286755	-0.0054916	0	3.58444e-09	-6.8645e-10	0
6	5e+24	106549	3.75e+12	0	0.0266374	-0.010633	0	3.32967e-09	-1.32913e-09	0
7	5e+24	86774.3	4.375e+12	0	0.0216936	-0.0216936	0	2.7117e-09	-2.7117e-09	0
8	5e+24	6.25e+11	106549	0	0.010633	0.0266374	0	1.32913e-09	3.32967e-09	0
9	5e+24	6.25e+11	6.25e+11	0	0.0130939	0.0130939	0	1.63673e-09	1.63673e-09	0
10	5e+24	6.25e+11	1.25e+12	0	0.0144882	0.00663546	0	1.81103e-09	8.29432e-10	0
11	5e+24	6.25e+11	1.875e+12	0	0.0150974	0.00205955	0	1.88717e-09	2.57444e-10	0
12	5e+24	6.25e+11	2.5e+12	0	0.0150974	-0.00205955	0	1.88717e-09	-2.57444e-10	0
13	5e+24	6.25e+11	3.125e+12	0	0.0144882	-0.00663546	0	1.81103e-09	-8.29432e-10	0
14	5e+24	6.25e+11	3.75e+12	0	0.0130939	-0.0130939	0	1.63673e-09	-1.63673e-09	0
15	5e+24	6.25e+11	4.375e+12	0	0.010633	-0.0266374	0	1.32913e-09	-3.32967e-09	0
16	5e+24	1.25e+12	114702	0	0.0054916	0.0286755	0	6.8645e-10	3.58444e-09	0
17	5e+24	1.25e+12	6.25e+11	0	0.00663546	0.0144882	0	8.29432e-10	1.81103e-09	0
18	5e+24	1.25e+12	1.25e+12	0	0.00738477	0.00738477	0	9.23097e-10	9.23097e-10	0
19	5e+24	1.25e+12	1.875e+12	0	0.00774011	0.00229228	0	9.67514e-10	2.86535e-10	0
20	5e+24	1.25e+12	2.5e+12	0	0.00774011	-0.00229228	0	9.67514e-10	-2.86535e-10	0
21	5e+24	1.25e+12	3.125e+12	0	0.00738477	-0.00738477	0	9.23097e-10	-9.23097e-10	0
22	5e+24	1.25e+12	3.75e+12	0	0.00663546	-0.0144882	0	8.29432e-10	-1.81103e-09	0
23	5e+24	1.25e+12	4.375e+12	0	0.0054916	-0.0286755	0	6.8645e-10	-3.58444e-09	0
24	5e+24	1.875e+12	117930	0	0.0017217	0.0294825	0	2.15213e-10	3.68531e-09	0
25	5e+24	1.875e+12	6.25e+11	0	0.00205955	0.0150974	0	2.57444e-10	1.88717e-09	0
26	5e+24	1.875e+12	1.25e+12	0	0.00229228	0.00774011	0	2.86535e-10	9.67514e-10	0
27	5e+24	1.875e+12	1.875e+12	0	0.00240685	0.00240685	0	3.00856e-10	3.00856e-10	0
28	5e+24	1.875e+12	2.5e+12	0	0.00240685	-0.00240685	0	3.00856e-10	-3.00856e-10	0
29	5e+24	1.875e+12	3.125e+12	0	0.00229228	-0.00774011	0	2.86535e-10	-9.67514e-10	0
30	5e+24	1.875e+12	3.75e+12	0	0.00205955	-0.0150974	0	2.57444e-10	-1.88717e-09	0
31	5e+24	1.875e+12	4.375e+12	0	0.0017217	-0.0294825	0	2.15213e-10	-3.68531e-09	0
32	5e+24	2.5e+12	117930	0	-0.0017217	0.0294825	0	-2.15213e-10	3.68531e-09	0
33	5e+24	2.5e+12	6.25e+11	0	-0.00205955	0.0150974	0	-2.57444e-10	1.88717e-09	0
34	5e+24	2.5e+12	1.25e+12	0	-0.00229228	0.00774011	0	-2.86535e-10	9.67514e-10	0
35	5e+24	2.5e+12	1.875e+12	0	-0.00240685	0.00240685	0	-3.00856e-10	3.00856e-10	0
36	5e+24	2.5e+12	2.5e+12	0	-0.00240685	-0.00240685	0	-3.00856e-10	-3.00856e-10	0
37	5e+24	2.5e+12	3.125e+12	0	-0.00229228	-0.00774011	0	-2.86535e-10	-9.67514e-10	0
38	5e+24	2.5e+12	3.75e+12	0	-0.00205955	-0.0150974	0	-2.57444e-10	-1.88717e-09	0
39	5e+24	2.5e+12	4.375e+12	0	-0.0017217	-0.0294825	0	-2.15213e-10	-3.68531e-09	0
40	5e+24	3.125e+12	114702	0	-0.0054916	0.0286755	0	-6.8645e-10	3.58444e-09	0
41	5e+24	3.125e+12	6.25e+11	0	-0.00663546	0.0144882	0	-8.29432e-10	1.81103e-09	0
42	5e+24	3.125e+12	1.25e+12	0	-0.00738477	0.00738477	0	-9.23097e-10	9.23097e-10	0
43	5e+24	3.125e+12	1.875e+12	0	-0.00774011	0.00229228	0	-9.67514e-10	2.86535e-10	0
44	5e+24	3.125e+12	2.5e+12	0	-0.00774011	-0.00229228	0	-9.67514e-10	-2.86535e-10	0
45	5e+24	3.125e+12	3.125e+12	0	-0.00738477	-0.00738477	0	-9.23097e-10	-9.23097e-10	0
46	5e+24	3.125e+12	3.75e+12	0	-0.00663546	-0.0144882	0	-8.29432e-10	-1.81103e-09	0
47	5e+24	3.125e+12	4.375e+12	0	-0.0054916	-0.0286755	0	-6.8645e-10	-3.58444e-09	0
48	5e+24	3.75e+12	106549	0	-0.010633	0.0266374	0	-1.32913e-09	3.32967e-09	0
49	5e+24	3.75e+12	6.25e+11	0	-0.0130939	0.0130939	0	-1.63673e-09	1.63673e-09	0
50	5e+24	3.75e+12	1.25e+12	0	-0.0144882	0.00663546	0	-1.81103e-09	8.29432e-10	0
51	5e+24	3.75e+12	1.875e+12	0	-0.0150974	0.00205955	0	-1.88717e-09	2.57444e-10	0
52	5e+24	3.75e+12	2.5e+12	0	-0.0150974	-0.00205955	0	-1.88717e-09	-2.57444e-10	0
53	5e+24	3.75e+12	3.125e+12	0	-0.0144882	-0.00663546	0	-1.81103e-09	-8.29432e-10	0
54	5e+24	3.75e+12	3.75e+12	0	-0.0130939	-0.0130939	0	-1.63673e-09	-1.63673e-09	0
55	5e+24	3.75e+12	4.375e+12	0	-0.010633	-0.0266374	0	-1.32913e-09	-3.32967e-09	0
56	5e+24	4.375e+12	86774.3	0	-0.0216936	0.0216936	0	-2.7117e-09	2.7117e-09	0
57	5e+24	4.375e+12	6.25e+11	0	-0.0266374	0.010633	0	-3.32967e-09	1.32913e-09	0
58	5e+24	4.375e+12	1.25e+12	0	-0.0286755	0.0054916	0	-3.58444e-09	6.8645e-10	0
59	5e+24	4.375e+12	1.875e+12	0	-0.0294825	0.0017217	0	-3.68531e-09	2.15213e-10	0
60	5e+24	4.375e+12	2.5e+12	0	-0.0294825	-0.0017217	0	-3.68531e-09	-2.15213e-10	0
61	5e+24	4.375e+12	3.125e+12	0	-0.0286755	-0.0054916	0	-3.58444e-09	-6.8645e-10	0
62	5e+24	4.375e+12	3.75e+12	0	-0.0266374	-0.010633	0	-3.32967e-09	-1.32913e-09	0
63	5e+24	4.375e+12	4.375e+12	0	-0.0216936	-0.0216936	0	-2.7117e-09	-2.7117e-09	0
