100
0	5e+24	9140.45	9140.45	0	0.00914045	0.00914045	0	4.57023e-09	4.57023e-09	0
1	5e+24	11173	5e+11	0	0.011173	0.00488555	0	5.58648e-09	2.44277e-09	0
2	5e+24	12085.6	1e+12	0	0.0120856	0.00296935	0	6.04278e-09	1.48467e-09	0
3	5e+24	12544.7	1.5e+12	0	0.0125447	0.001638	0	6.27236e-09	8.19e-10	0
4	5e+24	12743.4	2e+12	0	0.0127434	0.000525985	0	6.37169e-09	2.62992e-10	0
5	5e+24	12743.4	2.5e+12	0	0.0127434	-0.000525985	0	6.37169e-09	-2.62992e-10	0
6	5e+24	12544.7	3e+12	0	0.0125447	-0.001638	0	6.27236e-09	-8.19e-10	0
7	5e+24	12085.6	3.5e+12	0	0.0120856	-0.00296935	0	6.04278e-09	-1.48467e-09	0
8	5e+24	11173	4e+12	0	0.011173	-0.00488555	0	5.58648e-09	-2.44277e-09	0
9	5e+24	9140.45	4.5e+12	0	0.00914045	-0.00914045	0	4.57023e-09	-4.57023e-09	0
10	5e+24	5e+11	11173	0	0.00488555	0.011173	0	2.44277e-09	5.58648e-09	0
11	5e+24	5e+11	5e+11	0	0.00595709	0.00595709	0	2.97854e-09	2.97854e-09	0
12	5e+24	5e+11	1e+12	0	0.00661911	0.00354162	0	3.30955e-09	1.77081e-09	0
13	5e+24	5e+11	1.5e+12	0	0.00698946	0.00192614	0	3.49473e-09	9.63069e-10	0
14	5e+24	5e+11	2e+12	0	0.00715573	0.000614438	0	3.57787e-09	3.07219e-10	0
15	5e+24	5e+11	2.5e+12	0	0.00715573	-0.000614438	0	3.57787e-09	-3.07219e-10	0
16	5e+24	5e+11	3e+12	0	0.00698946	-0.00192614	0	3.49473e-09	-9.63069e-10	0
17	5e+24	5e+11	3.5e+12	0	0.00661911	-0.00354162	0	3.30955e-09	-1.77081e-09	0
18	5e+24	5e+11	4e+12	0	0.00595709	-0.00595709	0	2.97854e-09	-2.97854e-09	0
19	5e+24	5e+11	4.5e+12	0	0.00488555	-0.011173	0	2.44277e-09	-5.58648e-09	0
20	5e+24	1e+12	12085.6	0	0.00296935	0.0120856	0	1.48467e-09	6.04278e-09	0
21	5e+24	1e+12	5e+11	0	0.00354162	0.00661911	0	1.77081e-09	3.30955e-09	0
22	5e+24	1e+12	1e+12	0	0.00395386	0.00395386	0	1.97693e-09	1.97693e-09	0
23	5e+24	1e+12	1.5e+12	0	0.00420768	0.00214748	0	2.10384e-09	1.07374e-09	0
24	5e+24	1e+12	2e+12	0	0.00432687	0.000684012	0	2.16344e-09	3.42006e-10	0
25	5e+24	1e+12	2.5e+12	0	0.00432687	-0.000684012	0	2.16344e-09	-3.42006e-10	0
26	5e+24	1e+12	3e+12	0	0.00420768	-0.00214748	0	2.10384e-09	-1.07374e-09	0
27	5e+24	1e+12	3.5e+12	0	0.00395386	-0.00395386	0	1.97693e-09	-1.97693e-09	0
28	5e+24	1e+12	4e+12	0	0.00354162	-0.00661911	0	1.77081e-09	-3.30955e-09	0
29	5e+24	1e+12	4.5e+12	0	0.00296935	-0.0120856	0	1.48467e-09	-6.04278e-09	0
30	5e+24	1.5e+12	12544.7	0	0.001638	0.0125447	0	8.19e-10	6.27236e-09	0
31	5e+24	1.5e+12	5e+11	0	0.00192614	0.00698946	0	9.63069e-10	3.49473e-09	0
32	5e+24	1.5e+12	1e+12	0	0.00214748	0.00420768	0	1.07374e-09	2.10384e-09	0
33	5e+24	1.5e+12	1.5e+12	0	0.00229151	0.00229151	0	1.14576e-09	1.14576e-09	0
34	5e+24	1.5e+12	2e+12	0	0.00236135	0.000730373	0	1.18067e-09	3.65186e-10	0
35	5e+24	1.5e+12	2.5e+12	0	0.00236135	-0.000730373	0	1.18067e-09	-3.65186e-10	0
36	5e+24	1.5e+12	3e+12	0	0.00229151	-0.00229151	0	1.14576e-09	-1.14576e-09	0
37	5e+24	1.5e+12	3.5e+12	0	0.00214748	-0.00420768	0	1.07374e-09	-2.10384e-09	0
38	5e+24	1.5e+12	4e+12	0	0.00192614	-0.00698946	0	9.63069e-10	-3.49473e-09	0
39	5e+24	1.5e+12	4.5e+12	0	0.001638	-0.0125447	0	8.19e-10	-6.27236e-09	0
40	5e+24	2e+12	12743.4	0	0.000525985	0.0127434	0	2.62992e-10	6.37169e-09	0
41	5e+24	2e+12	5e+11	0	0.000614438	0.00715573	0	3.07219e-10	3.57787e-09	0
42	5e+24	2e+12	1e+12	0	0.000684012	0.00432687	0	3.42006e-10	2.16344e-09	0
43	5e+24	2e+12	1.5e+12	0	0.000730373	0.00236135	0	3.65186e-10	1.18067e-09	0
44	5e+24	2e+12	2e+12	0	0.0007532	0.0007532	0	3.766e-10	3.766e-10	0
45	5e+24	2e+12	2.5e+12	0	0.0007532	-0.0007532	0	3.766e-10	-3.766e-10	0
46	5e+24	2e+12	3e+12	0	0.000730373	-0.00236135	0	3.65186e-10	-1.18067e-09	0
47	5e+24	2e+12	3.5e+12	0	0.000684012	-0.00432687	0	3.42006e-10	-2.16344e-09	0
48	5e+24	2e+12	4e+12	0	0.000614438	-0.00715573	0	3.07219e-10	-3.57787e-09	0
49	5e+24	2e+12	4.5e+12	0	0.000525985	-0.0127434	0	2.62992e-10	-6.37169e-09	0
50	5e+24	2.5e+12	12743.4	0	-0.000525985	0.0127434	0	-2.62992e-10	6.37169e-09	0
51	5e+24	2.5e+12	5e+11	0	-0.000614438	0.00715573	0	-3.07219e-10	3.57787e-09	0
52	5e+24	2.5e+12	1e+12	0	-0.000684012	0.00432687	0	-3.42006e-10	2.16344e-09	0
53	5e+24	2.5e+12	1.5e+12	0	-0.000730373	0.00236135	0	-3.65186e-10	1.18067e-09	0
54	5e+24	2.5e+12	2e+12	0	-0.0007532	0.0007532	0	-3.766e-10	3.766e-10	0
55	5e+24	2.5e+12	2.5e+12	0	-0.0007532	-0.0007532	0	-3.766e-10	-3.766e-10	0
56	5e+24	2.5e+12	3e+12	0	-0.000730373	-0.00236135	0	-3.65186e-10	-1.18067e-09	0
57	5e+24	2.5e+12	3.5e+12	0	-0.000684012	-0.00432687	0	-3.42006e-10	-2.16344e-09	0
58	5e+24	2.5e+12	4e+12	0	-0.000614438	-0.00715573	0	-3.07219e-10	-3.57787e-09	0
59	5e+24	2.5e+12	4.5e+12	0	-0.000525985	-0.0127434	0	-2.62992e-10	-6.37169e-09	0
60	5e+24	3e+12	12544.7	0	-0.001638	0.0125447	0	-8.19e-10	6.27236e-09	0
61	5e+24	3e+12	5e+11	0	-0.00192614	0.00698946	0	-9.63069e-10	3.49473e-09	0
62	5e+24	3e+12	1e+12	0	-0.00214748	0.00420768	0	-1.07374e-09	2.10384e-09	0
63	5e+24	3e+12	1.5e+12	0	-0.00229151	0.00229151	0	-1.14576e-09	1.14576e-09	0
64	5e+24	3e+12	2e+12	0	-0.00236135	0.000730373	0	-1.18067e-09	3.65186e-10	0
65	5e+24	3e+12	2.5e+12	0	-0.00236135	-0.000730373	0	-1.18067e-09	-3.65186e-10	0
66	5e+24	3e+12	3e+12	0	-0.00229151	-0.00229151	0	-1.14576e-09	-1.14576e-09	0
67	5e+24	3e+12	3.5e+12	0	-0.00214748	-0.00420768	0	-1.07374e-09	-2.10384e-09	0
68	5e+24	3e+12	4e+12	0	-0.00192614	-0.00698946	0	-9.63069e-10	-3.49473e-09	0
69	5e+24	3e+12	4.5e+12	0	-0.001638	-0.0125447	0	-8.19e-10	-6.27236e-09	0
70	5e+24	3.5e+12	12085.6	0	-0.00296935	0.0120856	0	-1.48467e-09	6.04278e-09	0
71	5e+24	3.5e+12	5e+11	0	-0.00354162	0.00661911	0	-1.77081e-09	3.30955e-09	0
72	5e+24	3.5e+12	1e+12	0	-0.00395386	0.00395386	0	-1.97693e-09	1.97693e-09	0
73	5e+24	3.5e+12	1.5e+12	0	-0.00420768	0.00214748	0	-2.10384e-09	1.07374e-09	0
74	5e+24	3.5e+12	2e+12	0	-0.00432687	0.000684012	0	-2.16344e-09	3.42006e-10	0
75	5e+24	3.5e+12	2.5e+12	0	-0.00432687	-0.000684012	0	-2.16344e-09	-3.42006e-10	0
76	5e+24	3.5e+12	3e+12	0	-0.00420768	-0.00214748	0	-2.10384e-09	-1.07374e-09	0
77	5e+24	3.5e+12	3.5e+12	0	-0.00395386	-0.00395386	0	-1.97693e-09	-1.97693e-09	0
78	5e+24	3.5e+12	4e+12	0	-0.00354162	-0.00661911	0	-1.77081e-09	-3.30955e-09	0
79	5e+24	3.5e+12	4.5e+12	0	-0.00296935	-0.0120856	0	-1.48467e-09	-6.04278e-09	0
80	5e+24	4e+12	11173	0	-0.00488555	0.011173	0	-2.44277e-09	5.58648e-09	0
81	5e+24	4e+12	5e+11	0	-0.00595709	0.00595709	0	-2.97854e-09	2.97854e-09	0
82	5e+24	4e+12	1e+12	0	-0.00661911	0.00354162	0	-3.30955e-09	1.77081e-09	0
83	5e+24	4e+12	1.5e+12	0	-0.00698946	0.00192614	0	-3.49473e-09	9.63069e-10	0
84	5e+24	4e+12	2e+12	0	-0.00715573	0.000614438	0	-3.57787e-09	3.07219e-10	0
85	5e+24	4e+12	2.5e+12	0	-0.00715573	-0.000614438	0	-3.57787e-09	-3.07219e-10	0
86	5e+24	4e+12	3e+12	0	-0.00698946	-0.00192614	0	-3.49473e-09	-9.63069e-10	0
87	5e+24	4e+12	3.5e+12	0	-0.00661911	-0.00354162	0	-3.30955e-09	-1.77081e-09	0
88	5e+24	4e+12	4e+12	0	-0.00595709	-0.00595709	0	-2.97854e-09	-2.97854e-09	0
89	5e+24	4e+12	4.5e+12	0	-0.00488555	-0.011173	0	-2.44277e-09	-5.58648e-09	0
90	5e+24	4.5e+12	9140.45	0	-0.00914045	0.00914045	0	-4.57023e-09	4.57023e-09	0
91	5e+24	4.5e+12	5e+11	0	-0.011173	0.00488555	0	-5.58648e-09	2.44277e-09	0
92	5e+24	4.5e+12	1e+12	0	-0.0120856	0.00296935	0	-6.04278e-09	1.48467e-09	0
93	5e+24	4.5e+12	1.5e+12	0	-0.0125447	0.001638	0	-6.27236e-09	8.19e-10	0
94	5e+24	4.5e+12	2e+12	0	-0.0127434	0.000525985	0	-6.37169e-09	2.62992e-10	0
95	5e+24	4.5e+12	2.5e+12	0	-0.0127434	-0.000525985	0	-6.37169e-09	-2.62992e-10	0
96	5e+24	4.5e+12	3e+12	0	-0.0125447	-0.001638	0	-6.27236e-09	-8.19e-10	0
97	5e+24	4.5e+12	3.5e+12	0	-0.0120856	-0.00296935	0	-6.04278e-09	-1.48467e-09	0
98	5e+24	4.5e+12	4e+12	0	-0.011173	-0.00488555	0	-5.58648e-09	-2.44277e-09	0
99	5e+24	4.5e+12	4.5e+12	0	-0.00914045	-0.00914045	0	-4.57023e-09	-4.57023e-09	0
