100
0	5e+24	146247	146247	0	0.0365618	0.0365618	0	4.57023e-09	4.57023e-09	0
1	5e+24	178767	5e+11	0	0.0446918	0.0195422	0	5.58648e-09	2.44277e-09	0
2	5e+24	193369	1e+12	0	0.0483423	0.0118774	0	6.04278e-09	1.48467e-09	0
3	5e+24	200716	1.5e+12	0	0.0501789	0.006552	0	6.27236e-09	8.19e-10	0
4	5e+24	203894	2e+12	0	0.0509735	0.00210394	0	6.37169e-09	2.62992e-10	0
5	5e+24	203894	2.5e+12	0	0.0509735	-0.00210394	0	6.37169e-09	-2.62992e-10	0
6	5e+24	200716	3e+12	0	0.0501789	-0.006552	0	6.27236e-09	-8.19e-10	0
7	5e+24	193369	3.5e+12	0	0.0483423	-0.0118774	0	6.04278e-09	-1.48467e-09	0
8	5e+24	178767	4e+12	0	0.0446918	-0.0195422	0	5.58648e-09	-2.44277e-09	0
9	5e+24	146247	4.5e+12	0	0.0365618	-0.0365618	0	4.57023e-09	-4.57023e-09	0
10	5e+24	5e+11	178767	0	0.0195422	0.0446918	0	2.44277e-09	5.58648e-09	0
11	5e+24	5e+11	5e+11	0	0.0238283	0.0238283	0	2.97854e-09	2.97854e-09	0
12	5e+24	5e+11	1e+12	0	0.0264764	0.0141665	0	3.30955e-09	1.77081e-09	0
13	5e+24	5e+11	1.5e+12	0	0.0279578	0.00770455	0	3.49473e-09	9.63069e-10	0
14	5e+24	5e+11	2e+12	0	0.0286229	0.00245775	0	3.57787e-09	3.07219e-10	0
15	5e+24	5e+11	2.5e+12	0	0.0286229	-0.00245775	0	3.57787e-09	-3.07219e-10	0
16	5e+24	5e+11	3e+12	0	0.0279578	-0.00770455	0	3.49473e-09	-9.63069e-10	0
17	5e+24	5e+11	3.5e+12	0	0.0264764	-0.0141665	0	3.30955e-09	-1.77081e-09	0
18	5e+24	5e+11	4e+12	0	0.0238283	-0.0238283	0	2.97854e-09	-2.97854e-09	0
19	5e+24	5e+11	4.5e+12	0	0.0195422	-0.0446918	0	2.44277e-09	-5.58648e-09	0
20	5e+24	1e+12	193369	0	0.0118774	0.0483423	0	1.48467e-09	6.04278e-09	0
21	5e+24	1e+12	5e+11	0	0.0141665	0.0264764	0	1.77081e-09	3.30955e-09	0
22	5e+24	1e+12	1e+12	0	0.0158154	0.0158154	0	1.97693e-09	1.97693e-09	0
23	5e+24	1e+12	1.5e+12	0	0.0168307	0.00858991	0	2.10384e-09	1.07374e-09	0
24	5e+24	1e+12	2e+12	0	0.0173075	0.00273605	0	2.16344e-09	3.42006e-10	0
25	5e+24	1e+12	2.5e+12	0	0.0173075	-0.00273605	0	2.16344e-09	-3.42006e-10	0
26	5e+24	1e+12	3e+12	0	0.0168307	-0.00858991	0	2.10384e-09	-1.07374e-09	0
27	5e+24	1e+12	3.5e+12	0	0.0158154	-0.0158154	0	1.97693e-09	-1.97693e-09	0
28	5e+24	1e+12	4e+12	0	0.0141665	-0.0264764	0	1.77081e-09	-3.30955e-09	0
29	5e+24	1e+12	4.5e+12	0	0.0118774	-0.0483423	0	1.48467e-09	-6.04278e-09	0
30	5e+24	1.5e+12	200716	0	0.006552	0.0501789	0	8.19e-10	6.27236e-09	0
31	5e+24	1.5e+12	5e+11	0	0.00770455	0.0279578	0	9.63069e-10	3.49473e-09	0
32	5e+24	1.5e+12	1e+12	0	0.00858991	0.0168307	0	1.07374e-09	2.10384e-09	0
33	5e+24	1.5e+12	1.5e+12	0	0.00916604	0.00916604	0	1.14576e-09	1.14576e-09	0
34	5e+24	1.5e+12	2e+12	0	0.0094454	0.00292149	0	1.18067e-09	3.65186e-10	0
35	5e+24	1.5e+12	2.5e+12	0	0.0094454	-0.00292149	0	1.18067e-09	-3.65186e-10	0
36	5e+24	1.5e+12	3e+12	0	0.00916604	-0.00916604	0	1.14576e-09	-1.14576e-09	0
37	5e+24	1.5e+12	3.5e+12	0	0.00858991	-0.0168307	0	1.07374e-09	-2.10384e-09	0
38	5e+24	1.5e+12	4e+12	0	0.00770455	-0.0279578	0	9.63069e-10	-3.49473e-09	0
39	5e+24	1.5e+12	4.5e+12	0	0.006552	-0.0501789	0	8.19e-10	-6.27236e-09	0
40	5e+24	2e+12	203894	0	0.00210394	0.0509735	0	2.62992e-10	6.37169e-09	0
41	5e+24	2e+12	5e+11	0	0.00245775	0.0286229	0	3.07219e-10	3.57787e-09	0
42	5e+24	2e+12	1e+12	0	0.00273605	0.0173075	0	3.42006e-10	2.16344e-09	0
43	5e+24	2e+12	1.5e+12	0	0.00292149	0.0094454	0	3.65186e-10	1.18067e-09	0
44	5e+24	2e+12	2e+12	0	0.0030128	0.0030128	0	3.766e-10	3.766e-10	0
45	5e+24	2e+12	2.5e+12	0	0.0030128	-0.0030128	0	3.766e-10	-3.766e-10	0
46	5e+24	2e+12	3e+12	0	0.00292149	-0.0094454	0	3.65186e-10	-1.18067e-09	0
47	5e+24	2e+12	3.5e+12	0	0.00273605	-0.0173075	0	3.42006e-10	-2.16344e-09	0
48	5e+24	2e+12	4e+12	0	0.00245775	-0.0286229	0	3.07219e-10	-3.57787e-09	0
49	5e+24	2e+12	4.5e+12	0	0.00210394	-0.0509735	0	2.62992e-10	-6.37169e-09	0
50	5e+24	2.5e+12	203894	0	-0.00210394	0.0509735	0	-2.62992e-10	6.37169e-09	0
51	5e+24	2.5e+12	5e+11	0	-0.00245775	0.0286229	0	-3.07219e-10	3.57787e-09	0
52	5e+24	2.5e+12	1e+12	0	-0.00273605	0.0173075	0	-3.42006e-10	2.16344e-09	0
53	5e+24	2.5e+12	1.5e+12	0	-0.00292149	0.0094454	0	-3.65186e-10	1.18067e-09	0
54	5e+24	2.5e+12	2e+12	0	-0.0030128	0.0030128	0	-3.766e-10	3.766e-10	0
55	5e+24	2.5e+12	2.5e+12	0	-0.0030128	-0.0030128	0	-3.766e-10	-3.766e-10	0
56	5e+24	2.5e+12	3e+12	0	-0.00292149	-0.0094454	0	-3.65186e-10	-1.18067e-09	0
57	5e+24	2.5e+12	3.5e+12	0	-0.00273605	-0.0173075	0	-3.42006e-10	-2.16344e-09	0
58	5e+24	2.5e+12	4e+12	0	-0.00245775	-0.0286229	0	-3.07219e-10	-3.57787e-09	0
59	5e+24	2.5e+12	4.5e+12	0	-0.00210394	-0.0509735	0	-2.62992e-10	-6.37169e-09	0
60	5e+24	3e+12	200716	0	-0.006552	0.0501789	0	-8.19e-10	6.27236e-09	0
61	5e+24	3e+12	5e+11	0	-0.00770455	0.0279578	0	-9.63069e-10	3.49473e-09	0
62	5e+24	3e+12	1e+12	0	-0.00858991	0.0168307	0	-1.07374e-09	2.10384e-09	0
63	5e+24	3e+12	1.5e+12	0	-0.00916604	0.00916604	0	-1.14576e-09	1.14576e-09	0
64	5e+24	3e+12	2e+12	0	-0.0094454	0.00292149	0	-1.18067e-09	3.65186e-10	0
65	5e+24	3e+12	2.5e+12	0	-0.0094454	-0.00292149	0	-1.18067e-09	-3.65186e-10	0
66	5e+24	3e+12	3e+12	0	-0.00916604	-0.00916604	0	-1.14576e-09	-1.14576e-09	0
67	5e+24	3e+12	3.5e+12	0	-0.00858991	-0.0168307	0	-1.07374e-09	-2.10384e-09	0
68	5e+24	3e+12	4e+12	0	-0.00770455	-0.0279578	0	-9.63069e-10	-3.49473e-09	0
69	5e+24	3e+12	4.5e+12	0	-0.006552	-0.0501789	0	-8.19e-10	-6.27236e-09	0
70	5e+24	3.5e+12	193369	0	-0.0118774	0.0483423	0	-1.48467e-09	6.04278e-09	0
71	5e+24	3.5e+12	5e+11	0	-0.0141665	0.0264764	0	-1.77081e-09	3.30955e-09	0
72	5e+24	3.5e+12	1e+12	0	-0.0158154	0.0158154	0	-1.97693e-09	1.97693e-09	0
73	5e+24	3.5e+12	1.5e+12	0	-0.0168307	0.00858991	0	-2.10384e-09	1.07374e-09	0
74	5e+24	3.5e+12	2e+12	0	-0.0173075	0.00273605	0	-2.16344e-09	3.42006e-10	0
75	5e+24	3.5e+12	2.5e+12	0	-0.0173075	-0.00273605	0	-2.16344e-09	-3.42006e-10	0
76	5e+24	3.5e+12	3e+12	0	-0.0168307	-0.00858991	0	-2.10384e-09	-1.07374e-09	0
77	5e+24	3.5e+12	3.5e+12	0	-0.0158154	-0.0158154	0	-1.97693e-09	-1.97693e-09	0
78	5e+24	3.5e+12	4e+12	0	-0.0141665	-0.0264764	0	-1.77081e-09	-3.30955e-09	0
79	5e+24	3.5e+12	4.5e+12	0	-0.0118774	-0.0483423	0	-1.48467e-09	-6.04278e-09	0
80	5e+24	4e+12	178767	0	-0.0195422	0.0446918	0	-2.44277e-09	5.58648e-09	0
81	5e+24	4e+12	5e+11	0	-0.0238283	0.0238283	0	-2.97854e-09	2.97854e-09	0
82	5e+24	4e+12	1e+12	0	-0.0264764	0.0141665	0	-3.30955e-09	1.77081e-09	0
83	5e+24	4e+12	1.5e+12	0	-0.0279578	0.00770455	0	-3.49473e-09	9.63069e-10	0
84	5e+24	4e+12	2e+12	0	-0.0286229	0.00245775	0	-3.57787e-09	3.07219e-10	0
85	5e+24	4e+12	2.5e+12	0	-0.0286229	-0.00245775	0	-3.57787e-09	-3.07219e-10	0
86	5e+24	4e+12	3e+12	0	-0.0279578	-0.00770455	0	-3.49473e-09	-9.63069e-10	0
87	5e+24	4e+12	3.5e+12	0	-0.0264764	-0.0141665	0	-3.30955e-09	-1.77081e-09	0
88	5e+24	4e+12	4e+12	0	-0.0238283	-0.0238283	0	-2.97854e-09	-2.97854e-09	0
89	5e+24	4e+12	4.5e+12	0	-0.0195422	-0.0446918	0	-2.44277e-09	-5.58648e-09	0
90	5e+24	4.5e+12	146247	0	-0.0365618	0.0365618	0	-4.57023e-09	4.57023e-09	0
91	5e+24	4.5e+12	5e+11	0	-0.0446918	0.0195422	0	-5.58648e-09	2.44277e-09	0
92	5e+24	4.5e+12	1e+12	0	-0.0483423	0.0118774	0	-6.04278e-09	1.48467e-09	0
93	5e+24	4.5e+12	1.5e+12	0	-0.0501789	0.006552	0	-6.27236e-09	8.19e-10	0
94	5e+24	4.5e+12	2e+12	0	-0.0509735	0.00210394	0	-6.37169e-09	2.62992e-10	0
95	5e+24	4.5e+12	2.5e+12	0	-0.0509735	-0.00210394	0	-6.37169e-09	-2.62992e-10	0
96	5e+24	4.5e+12	3e+12	0	-0.0501789	-0.006552	0	-6.27236e-09	-8.19e-10	0
97	5e+24	4.5e+12	3.5e+12	0	-0.0483423	-0.0118774	0	-6.04278e-09	-1.48467e-09	0
98	5e+24	4.5e+12	4e+12	0	-0.0446918	-0.0195422	0	-5.58648e-09	-2.44277e-09	0
99	5e+24	4.5e+12	4.5e+12	0	-0.0365618	-0.0365618	0	-4.57023e-09	-4.57023e-09	0
