400
0	5e+24	2.78244e+07	2.78244e+07	0	1.11299	1.11299	0	2.22605e-08	2.22605e-08	0
1	5e+24	3.33868e+07	2.50017e+11	0	1.33549	0.699119	0	2.67107e-08	1.39825e-08	0
2	5e+24	3.61915e+07	5.00013e+11	0	1.44767	0.521647	0	2.89545e-08	1.0433e-08	0
3	5e+24	3.79226e+07	7.5001e+11	0	1.51692	0.406562	0	3.03393e-08	8.13127e-09	0
4	5e+24	3.90947e+07	1.00001e+12	0	1.5638	0.319417	0	3.1277e-08	6.38837e-09	0
5	5e+24	3.992e+07	1.25001e+12	0	1.59681	0.247656	0	3.19373e-08	4.95314e-09	0
6	5e+24	4.05042e+07	1.5e+12	0	1.62018	0.185248	0	3.24047e-08	3.70498e-09	0
7	5e+24	4.09056e+07	1.75e+12	0	1.63624	0.12875	0	3.27257e-08	2.57502e-09	0
8	5e+24	4.11577e+07	2e+12	0	1.64632	0.0759152	0	3.29275e-08	1.51831e-09	0
9	5e+24	4.12796e+07	2.25e+12	0	1.6512	0.025091	0	3.3025e-08	5.01821e-10	0
10	5e+24	4.12796e+07	2.5e+12	0	1.6512	-0.025091	0	3.3025e-08	-5.01821e-10	0
11	5e+24	4.11577e+07	2.75e+12	0	1.64632	-0.0759152	0	3.29275e-08	-1.51831e-09	0
12	5e+24	4.09056e+07	3e+12	0	1.63624	-0.12875	0	3.27257e-08	-2.57502e-09	0
13	5e+24	4.05042e+07	3.25e+12	0	1.62018	-0.185248	0	3.24047e-08	-3.70498e-09	0
14	5e+24	3.992e+07	3.49999e+12	0	1.59681	-0.247656	0	3.19373e-08	-4.95314e-09	0
15	5e+24	3.90947e+07	3.74999e+12	0	1.5638	-0.319417	0	3.1277e-08	-6.38837e-09	0
16	5e+24	3.79226e+07	3.99999e+12	0	1.51692	-0.406562	0	3.03393e-08	-8.13127e-09	0
17	5e+24	3.61915e+07	4.24999e+12	0	1.44767	-0.521647	0	2.89545e-08	-1.0433e-08	0
18	5e+24	3.33868e+07	4.49998e+12	0	1.33549	-0.699119	0	2.67107e-08	-1.39825e-08	0
19	5e+24	2.78244e+07	4.74997e+12	0	1.11299	-1.11299	0	2.22605e-08	-2.22605e-08	0
20	5e+24	2.50017e+11	3.33868e+07	0	0.699119	1.33549	0	1.39825e-08	2.67107e-08	0
21	5e+24	2.50021e+11	2.50021e+11	0	0.826793	0.826793	0	1.6536e-08	1.6536e-08	0
22	5e+24	2.50023e+11	5.00015e+11	0	0.914705	0.601089	0	1.82943e-08	1.20218e-08	0
23	5e+24	2.50024e+11	7.50012e+11	0	0.975151	0.460144	0	1.95032e-08	9.20291e-09	0
24	5e+24	2.50025e+11	1.00001e+12	0	1.01793	0.357153	0	2.03588e-08	7.14307e-09	0
25	5e+24	2.50026e+11	1.25001e+12	0	1.0487	0.274603	0	2.09741e-08	5.49207e-09	0
26	5e+24	2.50027e+11	1.50001e+12	0	1.07072	0.204214	0	2.14146e-08	4.08428e-09	0
27	5e+24	2.50027e+11	1.75e+12	0	1.08594	0.141374	0	2.17191e-08	2.82748e-09	0
28	5e+24	2.50027e+11	2e+12	0	1.09554	0.0831545	0	2.19111e-08	1.66309e-09	0
29	5e+24	2.50028e+11	2.25e+12	0	1.10019	0.0274513	0	2.2004e-08	5.49028e-10	0
30	5e+24	2.50028e+11	2.5e+12	0	1.10019	-0.0274513	0	2.2004e-08	-5.49028e-10	0
31	5e+24	2.50027e+11	2.75e+12	0	1.09554	-0.0831545	0	2.19111e-08	-1.66309e-09	0
32	5e+24	2.50027e+11	3e+12	0	1.08594	-0.141374	0	2.17191e-08	-2.82748e-09	0
33	5e+24	2.50027e+11	3.24999e+12	0	1.07072	-0.204214	0	2.14146e-08	-4.08428e-09	0
34	5e+24	2.50026e+11	3.49999e+12	0	1.0487	-0.274603	0	2.09741e-08	-5.49207e-09	0
35	5e+24	2.50025e+11	3.74999e+12	0	1.01793	-0.357153	0	2.03588e-08	-7.14307e-09	0
36	5e+24	2.50024e+11	3.99999e+12	0	0.975151	-0.460144	0	1.95032e-08	-9.20291e-09	0
37	5e+24	2.50023e+11	4.24998e+12	0	0.914705	-0.601089	0	1.82943e-08	-1.20218e-08	0
38	5e+24	2.50021e+11	4.49998e+12	0	0.826793	-0.826793	0	1.6536e-08	-1.6536e-08	0
39	5e+24	2.50017e+11	4.74997e+12	0	0.699119	-1.33549	0	1.39825e-08	-2.67107e-08	0
40	5e+24	5.00013e+11	3.61915e+07	0	0.521647	1.44767	0	1.0433e-08	2.89545e-08	0
41	5e+24	5.00015e+11	2.50023e+11	0	0.601089	0.914705	0	1.20218e-08	1.82943e-08	0
42	5e+24	5.00017e+11	5.00017e+11	0	0.664976	0.664976	0	1.32996e-08	1.32996e-08	0
43	5e+24	5.00018e+11	7.50013e+11	0	0.713663	0.506471	0	1.42733e-08	1.01295e-08	0
44	5e+24	5.00019e+11	1.00001e+12	0	0.750178	0.390998	0	1.50036e-08	7.81998e-09	0
45	5e+24	5.00019e+11	1.25001e+12	0	0.777318	0.299261	0	1.55464e-08	5.98524e-09	0
46	5e+24	5.0002e+11	1.50001e+12	0	0.79712	0.221769	0	1.59425e-08	4.43538e-09	0
47	5e+24	5.0002e+11	1.75e+12	0	0.810967	0.153137	0	1.62194e-08	3.06274e-09	0
48	5e+24	5.0002e+11	2e+12	0	0.819756	0.0899254	0	1.63952e-08	1.79851e-09	0
49	5e+24	5.00021e+11	2.25e+12	0	0.824024	0.0296627	0	1.64806e-08	5.93254e-10	0
50	5e+24	5.00021e+11	2.5e+12	0	0.824024	-0.0296627	0	1.64806e-08	-5.93254e-10	0
51	5e+24	5.0002e+11	2.75e+12	0	0.819756	-0.0899254	0	1.63952e-08	-1.79851e-09	0
52	5e+24	5.0002e+11	3e+12	0	0.810967	-0.153137	0	1.62194e-08	-3.06274e-09	0
53	5e+24	5.0002e+11	3.24999e+12	0	0.79712	-0.221769	0	1.59425e-08	-4.43538e-09	0
54	5e+24	5.00019e+11	3.49999e+12	0	0.777318	-0.299261	0	1.55464e-08	-5.98524e-09	0
55	5e+24	5.00019e+11	3.74999e+12	0	0.750178	-0.390998	0	1.50036e-08	-7.81998e-09	0
56	5e+24	5.00018e+11	3.99999e+12	0	0.713663	-0.506471	0	1.42733e-08	-1.01295e-08	0
57	5e+24	5.00017e+11	4.24998e+12	0	0.664976	-0.664976	0	1.32996e-08	-1.32996e-08	0
58	5e+24	5.00015e+11	4.49998e+12	0	0.601089	-0.914705	0	1.20218e-08	-1.82943e-08	0
59	5e+24	5.00013e+11	4.74996e+12	0	0.521647	-1.44767	0	1.0433e-08	-2.89545e-08	0
60	5e+24	7.5001e+11	3.79226e+07	0	0.406562	1.51692	0	8.13127e-09	3.03393e-08	0
61	5e+24	7.50012e+11	2.50024e+11	0	0.460144	0.975151	0	9.20291e-09	1.95032e-08	0
62	5e+24	7.50013e+11	5.00018e+11	0	0.506471	0.713663	0	1.01295e-08	1.42733e-08	0
63	5e+24	7.50014e+11	7.50014e+11	0	0.544271	0.544271	0	1.08855e-08	1.08855e-08	0
64	5e+24	7.50014e+11	1.00001e+12	0	0.574068	0.419801	0	1.14814e-08	8.39604e-09	0
65	5e+24	7.50015e+11	1.25001e+12	0	0.596966	0.320796	0	1.19394e-08	6.41594e-09	0
66	5e+24	7.50015e+11	1.50001e+12	0	0.614038	0.237347	0	1.22808e-08	4.74695e-09	0
67	5e+24	7.50016e+11	1.75e+12	0	0.626142	0.163678	0	1.25229e-08	3.27357e-09	0
68	5e+24	7.50016e+11	2e+12	0	0.633889	0.0960273	0	1.26778e-08	1.92055e-09	0
69	5e+24	7.50016e+11	2.25e+12	0	0.637669	0.0316606	0	1.27534e-08	6.33214e-10	0
70	5e+24	7.50016e+11	2.5e+12	0	0.637669	-0.0316606	0	1.27534e-08	-6.33214e-10	0
71	5e+24	7.50016e+11	2.75e+12	0	0.633889	-0.0960273	0	1.26778e-08	-1.92055e-09	0
72	5e+24	7.50016e+11	3e+12	0	0.626142	-0.163678	0	1.25229e-08	-3.27357e-09	0
73	5e+24	7.50015e+11	3.24999e+12	0	0.614038	-0.237347	0	1.22808e-08	-4.74695e-09	0
74	5e+24	7.50015e+11	3.49999e+12	0	0.596966	-0.320796	0	1.19394e-08	-6.41594e-09	0
75	5e+24	7.50014e+11	3.74999e+12	0	0.574068	-0.419801	0	1.14814e-08	-8.39604e-09	0
76	5e+24	7.50014e+11	3.99999e+12	0	0.544271	-0.544271	0	1.08855e-08	-1.08855e-08	0
77	5e+24	7.50013e+11	4.24998e+12	0	0.506471	-0.713663	0	1.01295e-08	-1.42733e-08	0
78	5e+24	7.50012e+11	4.49998e+12	0	0.460144	-0.975151	0	9.20291e-09	-1.95032e-08	0
79	5e+24	7.5001e+11	4.74996e+12	0	0.406562	-1.51692	0	8.13127e-09	-3.03393e-08	0
80	5e+24	1.00001e+12	3.90947e+07	0	0.319417	1.5638	0	6.38837e-09	3.1277e-08	0
81	5e+24	1.00001e+12	2.50025e+11	0	0.357153	1.01793	0	7.14307e-09	2.03588e-08	0
82	5e+24	1.00001e+12	5.00019e+11	0	0.390998	0.750178	0	7.81998e-09	1.50036e-08	0
83	5e+24	1.00001e+12	7.50014e+11	0	0.419801	0.574068	0	8.39604e-09	1.14814e-08	0
84	5e+24	1.00001e+12	1.00001e+12	0	0.443354	0.443354	0	8.8671e-09	8.8671e-09	0
85	5e+24	1.00001e+12	1.25001e+12	0	0.461967	0.338857	0	9.23937e-09	6.77716e-09	0
86	5e+24	1.00001e+12	1.50001e+12	0	0.476126	0.250636	0	9.52255e-09	5.01272e-09	0
87	5e+24	1.00001e+12	1.75e+12	0	0.486302	0.172768	0	9.72608e-09	3.45537e-09	0
88	5e+24	1.00001e+12	2e+12	0	0.492873	0.101323	0	9.85749e-09	2.02647e-09	0
89	5e+24	1.00001e+12	2.25e+12	0	0.496094	0.0334	0	9.92191e-09	6.68001e-10	0
90	5e+24	1.00001e+12	2.5e+12	0	0.496094	-0.0334	0	9.92191e-09	-6.68001e-10	0
91	5e+24	1.00001e+12	2.75e+12	0	0.492873	-0.101323	0	9.85749e-09	-2.02647e-09	0
92	5e+24	1.00001e+12	3e+12	0	0.486302	-0.172768	0	9.72608e-09	-3.45537e-09	0
93	5e+24	1.00001e+12	3.24999e+12	0	0.476126	-0.250636	0	9.52255e-09	-5.01272e-09	0
94	5e+24	1.00001e+12	3.49999e+12	0	0.461967	-0.338857	0	9.23937e-09	-6.77716e-09	0
95	5e+24	1.00001e+12	3.74999e+12	0	0.443354	-0.443354	0	8.8671e-09	-8.8671e-09	0
96	5e+24	1.00001e+12	3.99999e+12	0	0.419801	-0.574068	0	8.39604e-09	-1.14814e-08	0
97	5e+24	1.00001e+12	4.24998e+12	0	0.390998	-0.750178	0	7.81998e-09	-1.50036e-08	0
98	5e+24	1.00001e+12	4.49997e+12	0	0.357153	-1.01793	0	7.14307e-09	-2.03588e-08	0
99	5e+24	1.00001e+12	4.74996e+12	0	0.319417	-1.5638	0	6.38837e-09	-3.1277e-08	0
100	5e+24	1.25001e+12	3.992e+07	0	0.247656	1.59681	0	4.95314e-09	3.19373e-08	0
101	5e+24	1.25001e+12	2.50026e+11	0	0.274603	1.0487	0	5.49207e-09	2.09741e-08	0
102	5e+24	1.25001e+12	5.00019e+11	0	0.299261	0.777318	0	5.98524e-09	1.55464e-08	0
103	5e+24	1.25001e+12	7.50015e+11	0	0.320796	0.596966	0	6.41594e-09	1.19394e-08	0
104	5e+24	1.25001e+12	1.00001e+12	0	0.338857	0.461967	0	6.77716e-09	9.23937e-09	0
105	5e+24	1.25001e+12	1.25001e+12	0	0.353439	0.353439	0	7.06881e-09	7.06881e-09	0
106	5e+24	1.25001e+12	1.50001e+12	0	0.364717	0.261531	0	7.29436e-09	5.23062e-09	0
107	5e+24	1.25001e+12	1.75e+12	0	0.372919	0.180299	0	7.4584e-09	3.60599e-09	0
108	5e+24	1.25001e+12	2e+12	0	0.378257	0.105739	0	7.56516e-09	2.11478e-09	0
109	5e+24	1.25001e+12	2.25e+12	0	0.380886	0.0348546	0	7.61774e-09	6.97093e-10	0
110	5e+24	1.25001e+12	2.5e+12	0	0.380886	-0.0348546	0	7.61774e-09	-6.97093e-10	0
111	5e+24	1.25001e+12	2.75e+12	0	0.378257	-0.105739	0	7.56516e-09	-2.11478e-09	0
112	5e+24	1.25001e+12	3e+12	0	0.372919	-0.180299	0	7.4584e-09	-3.60599e-09	0
113	5e+24	1.25001e+12	3.24999e+12	0	0.364717	-0.261531	0	7.29436e-09	-5.23062e-09	0
114	5e+24	1.25001e+12	3.49999e+12	0	0.353439	-0.353439	0	7.06881e-09	-7.06881e-09	0
115	5e+24	1.25001e+12	3.74999e+12	0	0.338857	-0.461967	0	6.77716e-09	-9.23937e-09	0
116	5e+24	1.25001e+12	3.99999e+12	0	0.320796	-0.596966	0	6.41594e-09	-1.19394e-08	0
117	5e+24	1.25001e+12	4.24998e+12	0	0.299261	-0.777318	0	5.98524e-09	-1.55464e-08	0
118	5e+24	1.25001e+12	4.49997e+12	0	0.274603	-1.0487	0	5.49207e-09	-2.09741e-08	0
119	5e+24	1.25001e+12	4.74996e+12	0	0.247656	-1.59681	0	4.95314e-09	-3.19373e-08	0
120	5e+24	1.5e+12	4.05042e+07	0	0.185248	1.62018	0	3.70498e-09	3.24047e-08	0
121	5e+24	1.50001e+12	2.50027e+11	0	0.204214	1.07072	0	4.08428e-09	2.14146e-08	0
122	5e+24	1.50001e+12	5.0002e+11	0	0.221769	0.79712	0	4.43538e-09	1.59425e-08	0
123	5e+24	1.50001e+12	7.50015e+11	0	0.237347	0.614038	0	4.74695e-09	1.22808e-08	0
124	5e+24	1.50001e+12	1.00001e+12	0	0.250636	0.476126	0	5.01272e-09	9.52255e-09	0
125	5e+24	1.50001e+12	1.25001e+12	0	0.261531	0.364717	0	5.23062e-09	7.29436e-09	0
126	5e+24	1.50001e+12	1.50001e+12	0	0.270063	0.270063	0	5.40128e-09	5.40128e-09	0
127	5e+24	1.50001e+12	1.75e+12	0	0.276329	0.18625	0	5.52659e-09	3.725e-09	0
128	5e+24	1.50001e+12	2e+12	0	0.280433	0.109248	0	5.60867e-09	2.18496e-09	0
129	5e+24	1.50001e+12	2.25e+12	0	0.282462	0.0360136	0	5.64925e-09	7.20273e-10	0
130	5e+24	1.50001e+12	2.5e+12	0	0.282462	-0.0360136	0	5.64925e-09	-7.20273e-10	0
131	5e+24	1.50001e+12	2.75e+12	0	0.280433	-0.109248	0	5.60867e-09	-2.18496e-09	0
132	5e+24	1.50001e+12	3e+12	0	0.276329	-0.18625	0	5.52659e-09	-3.725e-09	0
133	5e+24	1.50001e+12	3.24999e+12	0	0.270063	-0.270063	0	5.40128e-09	-5.40128e-09	0
134	5e+24	1.50001e+12	3.49999e+12	0	0.261531	-0.364717	0	5.23062e-09	-7.29436e-09	0
135	5e+24	1.50001e+12	3.74999e+12	0	0.250636	-0.476126	0	5.01272e-09	-9.52255e-09	0
136	5e+24	1.50001e+12	3.99998e+12	0	0.237347	-0.614038	0	4.74695e-09	-1.22808e-08	0
137	5e+24	1.50001e+12	4.24998e+12	0	0.221769	-0.79712	0	4.43538e-09	-1.59425e-08	0
138	5e+24	1.50001e+12	4.49997e+12	0	0.204214	-1.07072	0	4.08428e-09	-2.14146e-08	0
139	5e+24	1.5e+12	4.74996e+12	0	0.185248	-1.62018	0	3.70498e-09	-3.24047e-08	0
140	5e+24	1.75e+12	4.09056e+07	0	0.12875	1.63624	0	2.57502e-09	3.27257e-08	0
141	5e+24	1.75e+12	2.50027e+11	0	0.141374	1.08594	0	2.82748e-09	2.17191e-08	0
142	5e+24	1.75e+12	5.0002e+11	0	0.153137	0.810967	0	3.06274e-09	1.62194e-08	0
143	5e+24	1.75e+12	7.50016e+11	0	0.163678	0.626142	0	3.27357e-09	1.25229e-08	0
144	5e+24	1.75e+12	1.00001e+12	0	0.172768	0.486302	0	3.45537e-09	9.72608e-09	0
145	5e+24	1.75e+12	1.25001e+12	0	0.180299	0.372919	0	3.60599e-09	7.4584e-09	0
146	5e+24	1.75e+12	1.50001e+12	0	0.18625	0.276329	0	3.725e-09	5.52659e-09	0
147	5e+24	1.75e+12	1.75e+12	0	0.19065	0.19065	0	3.813e-09	3.813e-09	0
148	5e+24	1.75e+12	2e+12	0	0.193546	0.111854	0	3.87093e-09	2.23709e-09	0
149	5e+24	1.75e+12	2.25e+12	0	0.194982	0.0368763	0	3.89965e-09	7.37528e-10	0
150	5e+24	1.75e+12	2.5e+12	0	0.194982	-0.0368763	0	3.89965e-09	-7.37528e-10	0
151	5e+24	1.75e+12	2.75e+12	0	0.193546	-0.111854	0	3.87093e-09	-2.23709e-09	0
152	5e+24	1.75e+12	3e+12	0	0.19065	-0.19065	0	3.813e-09	-3.813e-09	0
153	5e+24	1.75e+12	3.24999e+12	0	0.18625	-0.276329	0	3.725e-09	-5.52659e-09	0
154	5e+24	1.75e+12	3.49999e+12	0	0.180299	-0.372919	0	3.60599e-09	-7.4584e-09	0
155	5e+24	1.75e+12	3.74999e+12	0	0.172768	-0.486302	0	3.45537e-09	-9.72608e-09	0
156	5e+24	1.75e+12	3.99998e+12	0	0.163678	-0.626142	0	3.27357e-09	-1.25229e-08	0
157	5e+24	1.75e+12	4.24998e+12	0	0.153137	-0.810967	0	3.06274e-09	-1.62194e-08	0
158	5e+24	1.75e+12	4.49997e+12	0	0.141374	-1.08594	0	2.82748e-09	-2.17191e-08	0
159	5e+24	1.75e+12	4.74996e+12	0	0.12875	-1.63624	0	2.57502e-09	-3.27257e-08	0
160	5e+24	2e+12	4.11577e+07	0	0.0759152	1.64632	0	1.51831e-09	3.29275e-08	0
161	5e+24	2e+12	2.50027e+11	0	0.0831545	1.09554	0	1.66309e-09	2.19111e-08	0
162	5e+24	2e+12	5.0002e+11	0	0.0899254	0.819756	0	1.79851e-09	1.63952e-08	0
163	5e+24	2e+12	7.50016e+11	0	0.0960273	0.633889	0	1.92055e-09	1.26778e-08	0
164	5e+24	2e+12	1.00001e+12	0	0.101323	0.492873	0	2.02647e-09	9.85749e-09	0
165	5e+24	2e+12	1.25001e+12	0	0.105739	0.378257	0	2.11478e-09	7.56516e-09	0
166	5e+24	2e+12	1.50001e+12	0	0.109248	0.280433	0	2.18496e-09	5.60867e-09	0
167	5e+24	2e+12	1.75e+12	0	0.111854	0.193546	0	2.23709e-09	3.87093e-09	0
168	5e+24	2e+12	2e+12	0	0.113575	0.113575	0	2.27151e-09	2.27151e-09	0
169	5e+24	2e+12	2.25e+12	0	0.11443	0.037447	0	2.28861e-09	7.48942e-10	0
170	5e+24	2e+12	2.5e+12	0	0.11443	-0.037447	0	2.28861e-09	-7.48942e-10	0
171	5e+24	2e+12	2.75e+12	0	0.113575	-0.113575	0	2.27151e-09	-2.27151e-09	0
172	5e+24	2e+12	3e+12	0	0.111854	-0.193546	0	2.23709e-09	-3.87093e-09	0
173	5e+24	2e+12	3.24999e+12	0	0.109248	-0.280433	0	2.18496e-09	-5.60867e-09	0
174	5e+24	2e+12	3.49999e+12	0	0.105739	-0.378257	0	2.11478e-09	-7.56516e-09	0
175	5e+24	2e+12	3.74999e+12	0	0.101323	-0.492873	0	2.02647e-09	-9.85749e-09	0
176	5e+24	2e+12	3.99998e+12	0	0.0960273	-0.633889	0	1.92055e-09	-1.26778e-08	0
177	5e+24	2e+12	4.24998e+12	0	0.0899254	-0.819756	0	1.79851e-09	-1.63952e-08	0
178	5e+24	2e+12	4.49997e+12	0	0.0831545	-1.09554	0	1.66309e-09	-2.19111e-08	0
179	5e+24	2e+12	4.74996e+12	0	0.0759152	-1.64632	0	1.51831e-09	-3.29275e-08	0
180	5e+24	2.25e+12	4.12796e+07	0	0.025091	1.6512	0	5.01821e-10	3.3025e-08	0
181	5e+24	2.25e+12	2.50028e+11	0	0.0274513	1.10019	0	5.49028e-10	2.2004e-08	0
182	5e+24	2.25e+12	5.00021e+11	0	0.0296627	0.824024	0	5.93254e-10	1.64806e-08	0
183	5e+24	2.25e+12	7.50016e+11	0	0.0316606	0.637669	0	6.33214e-10	1.27534e-08	0
184	5e+24	2.25e+12	1.00001e+12	0	0.0334	0.496094	0	6.68001e-10	9.92191e-09	0
185	5e+24	2.25e+12	1.25001e+12	0	0.0348546	0.380886	0	6.97093e-10	7.61774e-09	0
186	5e+24	2.25e+12	1.50001e+12	0	0.0360136	0.282462	0	7.20273e-10	5.64925e-09	0
187	5e+24	2.25e+12	1.75e+12	0	0.0368763	0.194982	0	7.37528e-10	3.89965e-09	0
188	5e+24	2.25e+12	2e+12	0	0.037447	0.11443	0	7.48942e-10	2.28861e-09	0
189	5e+24	2.25e+12	2.25e+12	0	0.0377307	0.0377307	0	7.54617e-10	7.54617e-10	0
190	5e+24	2.25e+12	2.5e+12	0	0.0377307	-0.0377307	0	7.54617e-10	-7.54617e-10	0
191	5e+24	2.25e+12	2.75e+12	0	0.037447	-0.11443	0	7.48942e-10	-2.28861e-09	0
192	5e+24	2.25e+12	3e+12	0	0.0368763	-0.194982	0	7.37528e-10	-3.89965e-09	0
193	5e+24	2.25e+12	3.24999e+12	0	0.0360136	-0.282462	0	7.20273e-10	-5.64925e-09	0
194	5e+24	2.25e+12	3.49999e+12	0	0.0348546	-0.380886	0	6.97093e-10	-7.61774e-09	0
195	5e+24	2.25e+12	3.74999e+12	0	0.0334	-0.496094	0	6.68001e-10	-9.92191e-09	0
196	5e+24	2.25e+12	3.99998e+12	0	0.0316606	-0.637669	0	6.33214e-10	-1.27534e-08	0
197	5e+24	2.25e+12	4.24998e+12	0	0.0296627	-0.824024	0	5.93254e-10	-1.64806e-08	0
198	5e+24	2.25e+12	4.49997e+12	0	0.0274513	-1.10019	0	5.49028e-10	-2.2004e-08	0
199	5e+24	2.25e+12	4.74996e+12	0	0.025091	-1.6512	0	5.01821e-10	-3.3025e-08	0
200	5e+24	2.5e+12	4.12796e+07	0	-0.025091	1.6512	0	-5.01821e-10	3.3025e-08	0
201	5e+24	2.5e+12	2.50028e+11	0	-0.0274513	1.10019	0	-5.49028e-10	2.2004e-08	0
202	5e+24	2.5e+12	5.00021e+11	0	-0.0296627	0.824024	0	-5.93254e-10	1.64806e-08	0
203	5e+24	2.5e+12	7.50016e+11	0	-0.0316606	0.637669	0	-6.33214e-10	1.27534e-08	0
204	5e+24	2.5e+12	1.00001e+12	0	-0.0334	0.496094	0	-6.68001e-10	9.92191e-09	0
205	5e+24	2.5e+12	1.25001e+12	0	-0.0348546	0.380886	0	-6.97093e-10	7.61774e-09	0
206	5e+24	2.5e+12	1.50001e+12	0	-0.0360136	0.282462	0	-7.20273e-10	5.64925e-09	0
207	5e+24	2.5e+12	1.75e+12	0	-0.0368763	0.194982	0	-7.37528e-10	3.89965e-09	0
208	5e+24	2.5e+12	2e+12	0	-0.037447	0.11443	0	-7.48942e-10	2.28861e-09	0
209	5e+24	2.5e+12	2.25e+12	0	-0.0377307	0.0377307	0	-7.54617e-10	7.54617e-10	0
210	5e+24	2.5e+12	2.5e+12	0	-0.0377307	-0.0377307	0	-7.54617e-10	-7.54617e-10	0
211	5e+24	2.5e+12	2.75e+12	0	-0.037447	-0.11443	0	-7.48942e-10	-2.28861e-09	0
212	5e+24	2.5e+12	3e+12	0	-0.0368763	-0.194982	0	-7.37528e-10	-3.89965e-09	0
213	5e+24	2.5e+12	3.24999e+12	0	-0.0360136	-0.282462	0	-7.20273e-10	-5.64925e-09	0
214	5e+24	2.5e+12	3.49999e+12	0	-0.0348546	-0.380886	0	-6.97093e-10	-7.61774e-09	0
215	5e+24	2.5e+12	3.74999e+12	0	-0.0334	-0.496094	0	-6.68001e-10	-9.92191e-09	0
216	5e+24	2.5e+12	3.99998e+12	0	-0.0316606	-0.637669	0	-6.33214e-10	-1.27534e-08	0
217	5e+24	2.5e+12	4.24998e+12	0	-0.0296627	-0.824024	0	-5.93254e-10	-1.64806e-08	0
218	5e+24	2.5e+12	4.49997e+12	0	-0.0274513	-1.10019	0	-5.49028e-10	-2.2004e-08	0
219	5e+24	2.5e+12	4.74996e+12	0	-0.025091	-1.6512	0	-5.01821e-10	-3.3025e-08	0
220	5e+24	2.75e+12	4.11577e+07	0	-0.0759152	1.64632	0	-1.51831e-09	3.29275e-08	0
221	5e+24	2.75e+12	2.50027e+11	0	-0.0831545	1.09554	0	-1.66309e-09	2.19111e-08	0
222	5e+24	2.75e+12	5.0002e+11	0	-0.0899254	0.819756	0	-1.79851e-09	1.63952e-08	0
223	5e+24	2.75e+12	7.50016e+11	0	-0.0960273	0.633889	0	-1.92055e-09	1.26778e-08	0
224	5e+24	2.75e+12	1.00001e+12	0	-0.101323	0.492873	0	-2.02647e-09	9.85749e-09	0
225	5e+24	2.75e+12	1.25001e+12	0	-0.105739	0.378257	0	-2.11478e-09	7.56516e-09	0
226	5e+24	2.75e+12	1.50001e+12	0	-0.109248	0.280433	0	-2.18496e-09	5.60867e-09	0
227	5e+24	2.75e+12	1.75e+12	0	-0.111854	0.193546	0	-2.23709e-09	3.87093e-09	0
228	5e+24	2.75e+12	2e+12	0	-0.113575	0.113575	0	-2.27151e-09	2.27151e-09	0
229	5e+24	2.75e+12	2.25e+12	0	-0.11443	0.037447	0	-2.28861e-09	7.48942e-10	0
230	5e+24	2.75e+12	2.5e+12	0	-0.11443	-0.037447	0	-2.28861e-09	-7.48942e-10	0
231	5e+24	2.75e+12	2.75e+12	0	-0.113575	-0.113575	0	-2.27151e-09	-2.27151e-09	0
232	5e+24	2.75e+12	3e+12	0	-0.111854	-0.193546	0	-2.23709e-09	-3.87093e-09	0
233	5e+24	2.75e+12	3.24999e+12	0	-0.109248	-0.280433	0	-2.18496e-09	-5.60867e-09	0
234	5e+24	2.75e+12	3.49999e+12	0	-0.105739	-0.378257	0	-2.11478e-09	-7.56516e-09	0
235	5e+24	2.75e+12	3.74999e+12	0	-0.101323	-0.492873	0	-2.02647e-09	-9.85749e-09	0
236	5e+24	2.75e+12	3.99998e+12	0	-0.0960273	-0.633889	0	-1.92055e-09	-1.26778e-08	0
237	5e+24	2.75e+12	4.24998e+12	0	-0.0899254	-0.819756	0	-1.79851e-09	-1.63952e-08	0
238	5e+24	2.75e+12	4.49997e+12	0	-0.0831545	-1.09554	0	-1.66309e-09	-2.19111e-08	0
239	5e+24	2.75e+12	4.74996e+12	0	-0.0759152	-1.64632	0	-1.51831e-09	-3.29275e-08	0
240	5e+24	3e+12	4.09056e+07	0	-0.12875	1.63624	0	-2.57502e-09	3.27257e-08	0
241	5e+24	3e+12	2.50027e+11	0	-0.141374	1.08594	0	-2.82748e-09	2.17191e-08	0
242	5e+24	3e+12	5.0002e+11	0	-0.153137	0.810967	0	-3.06274e-09	1.62194e-08	0
243	5e+24	3e+12	7.50016e+11	0	-0.163678	0.626142	0	-3.27357e-09	1.25229e-08	0
244	5e+24	3e+12	1.00001e+12	0	-0.172768	0.486302	0	-3.45537e-09	9.72608e-09	0
245	5e+24	3e+12	1.25001e+12	0	-0.180299	0.372919	0	-3.60599e-09	7.4584e-09	0
246	5e+24	3e+12	1.50001e+12	0	-0.18625	0.276329	0	-3.725e-09	5.52659e-09	0
247	5e+24	3e+12	1.75e+12	0	-0.19065	0.19065	0	-3.813e-09	3.813e-09	0
248	5e+24	3e+12	2e+12	0	-0.193546	0.111854	0	-3.87093e-09	2.23709e-09	0
249	5e+24	3e+12	2.25e+12	0	-0.194982	0.0368763	0	-3.89965e-09	7.37528e-10	0
250	5e+24	3e+12	2.5e+12	0	-0.194982	-0.0368763	0	-3.89965e-09	-7.37528e-10	0
251	5e+24	3e+12	2.75e+12	0	-0.193546	-0.111854	0	-3.87093e-09	-2.23709e-09	0
252	5e+24	3e+12	3e+12	0	-0.19065	-0.19065	0	-3.813e-09	-3.813e-09	0
253	5e+24	3e+12	3.24999e+12	0	-0.18625	-0.276329	0	-3.725e-09	-5.52659e-09	0
254	5e+24	3e+12	3.49999e+12	0	-0.180299	-0.372919	0	-3.60599e-09	-7.4584e-09	0
255	5e+24	3e+12	3.74999e+12	0	-0.172768	-0.486302	0	-3.45537e-09	-9.72608e-09	0
256	5e+24	3e+12	3.99998e+12	0	-0.163678	-0.626142	0	-3.27357e-09	-1.25229e-08	0
257	5e+24	3e+12	4.24998e+12	0	-0.153137	-0.810967	0	-3.06274e-09	-1.62194e-08	0
258	5e+24	3e+12	4.49997e+12	0	-0.141374	-1.08594	0	-2.82748e-09	-2.17191e-08	0
259	5e+24	3e+12	4.74996e+12	0	-0.12875	-1.63624	0	-2.57502e-09	-3.27257e-08	0
260	5e+24	3.25e+12	4.05042e+07	0	-0.185248	1.62018	0	-3.70498e-09	3.24047e-08	0
261	5e+24	3.24999e+12	2.50027e+11	0	-0.204214	1.07072	0	-4.08428e-09	2.14146e-08	0
262	5e+24	3.24999e+12	5.0002e+11	0	-0.221769	0.79712	0	-4.43538e-09	1.59425e-08	0
263	5e+24	3.24999e+12	7.50015e+11	0	-0.237347	0.614038	0	-4.74695e-09	1.22808e-08	0
264	5e+24	3.24999e+12	1.00001e+12	0	-0.250636	0.476126	0	-5.01272e-09	9.52255e-09	0
265	5e+24	3.24999e+12	1.25001e+12	0	-0.261531	0.364717	0	-5.23062e-09	7.29436e-09	0
266	5e+24	3.24999e+12	1.50001e+12	0	-0.270063	0.270063	0	-5.40128e-09	5.40128e-09	0
267	5e+24	3.24999e+12	1.75e+12	0	-0.276329	0.18625	0	-5.52659e-09	3.725e-09	0
268	5e+24	3.24999e+12	2e+12	0	-0.280433	0.109248	0	-5.60867e-09	2.18496e-09	0
269	5e+24	3.24999e+12	2.25e+12	0	-0.282462	0.0360136	0	-5.64925e-09	7.20273e-10	0
270	5e+24	3.24999e+12	2.5e+12	0	-0.282462	-0.0360136	0	-5.64925e-09	-7.20273e-10	0
271	5e+24	3.24999e+12	2.75e+12	0	-0.280433	-0.109248	0	-5.60867e-09	-2.18496e-09	0
272	5e+24	3.24999e+12	3e+12	0	-0.276329	-0.18625	0	-5.52659e-09	-3.725e-09	0
273	5e+24	3.24999e+12	3.24999e+12	0	-0.270063	-0.270063	0	-5.40128e-09	-5.40128e-09	0
274	5e+24	3.24999e+12	3.49999e+12	0	-0.261531	-0.364717	0	-5.23062e-09	-7.29436e-09	0
275	5e+24	3.24999e+12	3.74999e+12	0	-0.250636	-0.476126	0	-5.01272e-09	-9.52255e-09	0
276	5e+24	3.24999e+12	3.99998e+12	0	-0.237347	-0.614038	0	-4.74695e-09	-1.22808e-08	0
277	5e+24	3.24999e+12	4.24998e+12	0	-0.221769	-0.79712	0	-4.43538e-09	-1.59425e-08	0
278	5e+24	3.24999e+12	4.49997e+12	0	-0.204214	-1.07072	0	-4.08428e-09	-2.14146e-08	0
279	5e+24	3.25e+12	4.74996e+12	0	-0.185248	-1.62018	0	-3.70498e-09	-3.24047e-08	0
280	5e+24	3.49999e+12	3.992e+07	0	-0.247656	1.59681	0	-4.95314e-09	3.19373e-08	0
281	5e+24	3.49999e+12	2.50026e+11	0	-0.274603	1.0487	0	-5.49207e-09	2.09741e-08	0
282	5e+24	3.49999e+12	5.00019e+11	0	-0.299261	0.777318	0	-5.98524e-09	1.55464e-08	0
283	5e+24	3.49999e+12	7.50015e+11	0	-0.320796	0.596966	0	-6.41594e-09	1.19394e-08	0
284	5e+24	3.49999e+12	1.00001e+12	0	-0.338857	0.461967	0	-6.77716e-09	9.23937e-09	0
285	5e+24	3.49999e+12	1.25001e+12	0	-0.353439	0.353439	0	-7.06881e-09	7.06881e-09	0
286	5e+24	3.49999e+12	1.50001e+12	0	-0.364717	0.261531	0	-7.29436e-09	5.23062e-09	0
287	5e+24	3.49999e+12	1.75e+12	0	-0.372919	0.180299	0	-7.4584e-09	3.60599e-09	0
288	5e+24	3.49999e+12	2e+12	0	-0.378257	0.105739	0	-7.56516e-09	2.11478e-09	0
289	5e+24	3.49999e+12	2.25e+12	0	-0.380886	0.0348546	0	-7.61774e-09	6.97093e-10	0
290	5e+24	3.49999e+12	2.5e+12	0	-0.380886	-0.0348546	0	-7.61774e-09	-6.97093e-10	0
291	5e+24	3.49999e+12	2.75e+12	0	-0.378257	-0.105739	0	-7.56516e-09	-2.11478e-09	0
292	5e+24	3.49999e+12	3e+12	0	-0.372919	-0.180299	0	-7.4584e-09	-3.60599e-09	0
293	5e+24	3.49999e+12	3.24999e+12	0	-0.364717	-0.261531	0	-7.29436e-09	-5.23062e-09	0
294	5e+24	3.49999e+12	3.49999e+12	0	-0.353439	-0.353439	0	-7.06881e-09	-7.06881e-09	0
295	5e+24	3.49999e+12	3.74999e+12	0	-0.338857	-0.461967	0	-6.77716e-09	-9.23937e-09	0
296	5e+24	3.49999e+12	3.99999e+12	0	-0.320796	-0.596966	0	-6.41594e-09	-1.19394e-08	0
297	5e+24	3.49999e+12	4.24998e+12	0	-0.299261	-0.777318	0	-5.98524e-09	-1.55464e-08	0
298	5e+24	3.49999e+12	4.49997e+12	0	-0.274603	-1.0487	0	-5.49207e-09	-2.09741e-08	0
299	5e+24	3.49999e+12	4.74996e+12	0	-0.247656	-1.59681	0	-4.95314e-09	-3.19373e-08	0
300	5e+24	3.74999e+12	3.90947e+07	0	-0.319417	1.5638	0	-6.38837e-09	3.1277e-08	0
301	5e+24	3.74999e+12	2.50025e+11	0	-0.357153	1.01793	0	-7.14307e-09	2.03588e-08	0
302	5e+24	3.74999e+12	5.00019e+11	0	-0.390998	0.750178	0	-7.81998e-09	1.50036e-08	0
303	5e+24	3.74999e+12	7.50014e+11	0	-0.419801	0.574068	0	-8.39604e-09	1.14814e-08	0
304	5e+24	3.74999e+12	1.00001e+12	0	-0.443354	0.443354	0	-8.8671e-09	8.8671e-09	0
305	5e+24	3.74999e+12	1.25001e+12	0	-0.461967	0.338857	0	-9.23937e-09	6.77716e-09	0
306	5e+24	3.74999e+12	1.50001e+12	0	-0.476126	0.250636	0	-9.52255e-09	5.01272e-09	0
307	5e+24	3.74999e+12	1.75e+12	0	-0.486302	0.172768	0	-9.72608e-09	3.45537e-09	0
308	5e+24	3.74999e+12	2e+12	0	-0.492873	0.101323	0	-9.85749e-09	2.02647e-09	0
309	5e+24	3.74999e+12	2.25e+12	0	-0.496094	0.0334	0	-9.92191e-09	6.68001e-10	0
310	5e+24	3.74999e+12	2.5e+12	0	-0.496094	-0.0334	0	-9.92191e-09	-6.68001e-10	0
311	5e+24	3.74999e+12	2.75e+12	0	-0.492873	-0.101323	0	-9.85749e-09	-2.02647e-09	0
312	5e+24	3.74999e+12	3e+12	0	-0.486302	-0.172768	0	-9.72608e-09	-3.45537e-09	0
313	5e+24	3.74999e+12	3.24999e+12	0	-0.476126	-0.250636	0	-9.52255e-09	-5.01272e-09	0
314	5e+24	3.74999e+12	3.49999e+12	0	-0.461967	-0.338857	0	-9.23937e-09	-6.77716e-09	0
315	5e+24	3.74999e+12	3.74999e+12	0	-0.443354	-0.443354	0	-8.8671e-09	-8.8671e-09	0
316	5e+24	3.74999e+12	3.99999e+12	0	-0.419801	-0.574068	0	-8.39604e-09	-1.14814e-08	0
317	5e+24	3.74999e+12	4.24998e+12	0	-0.390998	-0.750178	0	-7.81998e-09	-1.50036e-08	0
318	5e+24	3.74999e+12	4.49997e+12	0	-0.357153	-1.01793	0	-7.14307e-09	-2.03588e-08	0
319	5e+24	3.74999e+12	4.74996e+12	0	-0.319417	-1.5638	0	-6.38837e-09	-3.1277e-08	0
320	5e+24	3.99999e+12	3.79226e+07	0	-0.406562	1.51692	0	-8.13127e-09	3.03393e-08	0
321	5e+24	3.99999e+12	2.50024e+11	0	-0.460144	0.975151	0	-9.20291e-09	1.95032e-08	0
322	5e+24	3.99999e+12	5.00018e+11	0	-0.506471	0.713663	0	-1.01295e-08	1.42733e-08	0
323	5e+24	3.99999e+12	7.50014e+11	0	-0.544271	0.544271	0	-1.08855e-08	1.08855e-08	0
324	5e+24	3.99999e+12	1.00001e+12	0	-0.574068	0.419801	0	-1.14814e-08	8.39604e-09	0
325	5e+24	3.99999e+12	1.25001e+12	0	-0.596966	0.320796	0	-1.19394e-08	6.41594e-09	0
326	5e+24	3.99998e+12	1.50001e+12	0	-0.614038	0.237347	0	-1.22808e-08	4.74695e-09	0
327	5e+24	3.99998e+12	1.75e+12	0	-0.626142	0.163678	0	-1.25229e-08	3.27357e-09	0
328	5e+24	3.99998e+12	2e+12	0	-0.633889	0.0960273	0	-1.26778e-08	1.92055e-09	0
329	5e+24	3.99998e+12	2.25e+12	0	-0.637669	0.0316606	0	-1.27534e-08	6.33214e-10	0
330	5e+24	3.99998e+12	2.5e+12	0	-0.637669	-0.0316606	0	-1.27534e-08	-6.33214e-10	0
331	5e+24	3.99998e+12	2.75e+12	0	-0.633889	-0.0960273	0	-1.26778e-08	-1.92055e-09	0
332	5e+24	3.99998e+12	3e+12	0	-0.626142	-0.163678	0	-1.25229e-08	-3.27357e-09	0
333	5e+24	3.99998e+12	3.24999e+12	0	-0.614038	-0.237347	0	-1.22808e-08	-4.74695e-09	0
334	5e+24	3.99999e+12	3.49999e+12	0	-0.596966	-0.320796	0	-1.19394e-08	-6.41594e-09	0
335	5e+24	3.99999e+12	3.74999e+12	0	-0.574068	-0.419801	0	-1.14814e-08	-8.39604e-09	0
336	5e+24	3.99999e+12	3.99999e+12	0	-0.544271	-0.544271	0	-1.08855e-08	-1.08855e-08	0
337	5e+24	3.99999e+12	4.24998e+12	0	-0.506471	-0.713663	0	-1.01295e-08	-1.42733e-08	0
338	5e+24	3.99999e+12	4.49998e+12	0	-0.460144	-0.975151	0	-9.20291e-09	-1.95032e-08	0
339	5e+24	3.99999e+12	4.74996e+12	0	-0.406562	-1.51692	0	-8.13127e-09	-3.03393e-08	0
340	5e+24	4.24999e+12	3.61915e+07	0	-0.521647	1.44767	0	-1.0433e-08	2.89545e-08	0
341	5e+24	4.24998e+12	2.50023e+11	0	-0.601089	0.914705	0	-1.20218e-08	1.82943e-08	0
342	5e+24	4.24998e+12	5.00017e+11	0	-0.664976	0.664976	0	-1.32996e-08	1.32996e-08	0
343	5e+24	4.24998e+12	7.50013e+11	0	-0.713663	0.506471	0	-1.42733e-08	1.01295e-08	0
344	5e+24	4.24998e+12	1.00001e+12	0	-0.750178	0.390998	0	-1.50036e-08	7.81998e-09	0
345	5e+24	4.24998e+12	1.25001e+12	0	-0.777318	0.299261	0	-1.55464e-08	5.98524e-09	0
346	5e+24	4.24998e+12	1.50001e+12	0	-0.79712	0.221769	0	-1.59425e-08	4.43538e-09	0
347	5e+24	4.24998e+12	1.75e+12	0	-0.810967	0.153137	0	-1.62194e-08	3.06274e-09	0
348	5e+24	4.24998e+12	2e+12	0	-0.819756	0.0899254	0	-1.63952e-08	1.79851e-09	0
349	5e+24	4.24998e+12	2.25e+12	0	-0.824024	0.0296627	0	-1.64806e-08	5.93254e-10	0
350	5e+24	4.24998e+12	2.5e+12	0	-0.824024	-0.0296627	0	-1.64806e-08	-5.93254e-10	0
351	5e+24	4.24998e+12	2.75e+12	0	-0.819756	-0.0899254	0	-1.63952e-08	-1.79851e-09	0
352	5e+24	4.24998e+12	3e+12	0	-0.810967	-0.153137	0	-1.62194e-08	-3.06274e-09	0
353	5e+24	4.24998e+12	3.24999e+12	0	-0.79712	-0.221769	0	-1.59425e-08	-4.43538e-09	0
354	5e+24	4.24998e+12	3.49999e+12	0	-0.777318	-0.299261	0	-1.55464e-08	-5.98524e-09	0
355	5e+24	4.24998e+12	3.74999e+12	0	-0.750178	-0.390998	0	-1.50036e-08	-7.81998e-09	0
356	5e+24	4.24998e+12	3.99999e+12	0	-0.713663	-0.506471	0	-1.42733e-08	-1.01295e-08	0
357	5e+24	4.24998e+12	4.24998e+12	0	-0.664976	-0.664976	0	-1.32996e-08	-1.32996e-08	0
358	5e+24	4.24998e+12	4.49998e+12	0	-0.601089	-0.914705	0	-1.20218e-08	-1.82943e-08	0
359	5e+24	4.24999e+12	4.74996e+12	0	-0.521647	-1.44767	0	-1.0433e-08	-2.89545e-08	0
360	5e+24	4.49998e+12	3.33868e+07	0	-0.699119	1.33549	0	-1.39825e-08	2.67107e-08	0
361	5e+24	4.49998e+12	2.50021e+11	0	-0.826793	0.826793	0	-1.6536e-08	1.6536e-08	0
362	5e+24	4.49998e+12	5.00015e+11	0	-0.914705	0.601089	0	-1.82943e-08	1.20218e-08	0
363	5e+24	4.49998e+12	7.50012e+11	0	-0.975151	0.460144	0	-1.95032e-08	9.20291e-09	0
364	5e+24	4.49997e+12	1.00001e+12	0	-1.01793	0.357153	0	-2.03588e-08	7.14307e-09	0
365	5e+24	4.49997e+12	1.25001e+12	0	-1.0487	0.274603	0	-2.09741e-08	5.49207e-09	0
366	5e+24	4.49997e+12	1.50001e+12	0	-1.07072	0.204214	0	-2.14146e-08	4.08428e-09	0
367	5e+24	4.49997e+12	1.75e+12	0	-1.08594	0.141374	0	-2.17191e-08	2.82748e-09	0
368	5e+24	4.49997e+12	2e+12	0	-1.09554	0.0831545	0	-2.19111e-08	1.66309e-09	0
369	5e+24	4.49997e+12	2.25e+12	0	-1.10019	0.0274513	0	-2.2004e-08	5.49028e-10	0
370	5e+24	4.49997e+12	2.5e+12	0	-1.10019	-0.0274513	0	-2.2004e-08	-5.49028e-10	0
371	5e+24	4.49997e+12	2.75e+12	0	-1.09554	-0.0831545	0	-2.19111e-08	-1.66309e-09	0
372	5e+24	4.49997e+12	3e+12	0	-1.08594	-0.141374	0	-2.17191e-08	-2.82748e-09	0
373	5e+24	4.49997e+12	3.24999e+12	0	-1.07072	-0.204214	0	-2.14146e-08	-4.08428e-09	0
374	5e+24	4.49997e+12	3.49999e+12	0	-1.0487	-0.274603	0	-2.09741e-08	-5.49207e-09	0
375	5e+24	4.49997e+12	3.74999e+12	0	-1.01793	-0.357153	0	-2.03588e-08	-7.14307e-09	0
376	5e+24	4.49998e+12	3.99999e+12	0	-0.975151	-0.460144	0	-1.95032e-08	-9.20291e-09	0
377	5e+24	4.49998e+12	4.24998e+12	0	-0.914705	-0.601089	0	-1.82943e-08	-1.20218e-08	0
378	5e+24	4.49998e+12	4.49998e+12	0	-0.826793	-0.826793	0	-1.6536e-08	-1.6536e-08	0
379	5e+24	4.49998e+12	4.74997e+12	0	-0.699119	-1.33549	0	-1.39825e-08	-2.67107e-08	0
380	5e+24	4.74997e+12	2.78244e+07	0	-1.11299	1.11299	0	-2.22605e-08	2.22605e-08	0
381	5e+24	4.74997e+12	2.50017e+11	0	-1.33549	0.699119	0	-2.67107e-08	1.39825e-08	0
382	5e+24	4.74996e+12	5.00013e+11	0	-1.44767	0.521647	0	-2.89545e-08	1.0433e-08	0
383	5e+24	4.74996e+12	7.5001e+11	0	-1.51692	0.406562	0	-3.03393e-08	8.13127e-09	0
384	5e+24	4.74996e+12	1.00001e+12	0	-1.5638	0.319417	0	-3.1277e-08	6.38837e-09	0
385	5e+24	4.74996e+12	1.25001e+12	0	-1.59681	0.247656	0	-3.19373e-08	4.95314e-09	0
386	5e+24	4.74996e+12	1.5e+12	0	-1.62018	0.185248	0	-3.24047e-08	3.70498e-09	0
387	5e+24	4.74996e+12	1.75e+12	0	-1.63624	0.12875	0	-3.27257e-08	2.57502e-09	0
388	5e+24	4.74996e+12	2e+12	0	-1.64632	0.0759152	0	-3.29275e-08	1.51831e-09	0
389	5e+24	4.74996e+12	2.25e+12	0	-1.6512	0.025091	0	-3.3025e-08	5.01821e-10	0
390	5e+24	4.74996e+12	2.5e+12	0	-1.6512	-0.025091	0	-3.3025e-08	-5.01821e-10	0
391	5e+24	4.74996e+12	2.75e+12	0	-1.64632	-0.0759152	0	-3.29275e-08	-1.51831e-09	0
392	5e+24	4.74996e+12	3e+12	0	-1.63624	-0.12875	0	-3.27257e-08	-2.57502e-09	0
393	5e+24	4.74996e+12	3.25e+12	0	-1.62018	-0.185248	0	-3.24047e-08	-3.70498e-09	0
394	5e+24	4.74996e+12	3.49999e+12	0	-1.59681	-0.247656	0	-3.19373e-08	-4.95314e-09	0
395	5e+24	4.74996e+12	3.74999e+12	0	-1.5638	-0.319417	0	-3.1277e-08	-6.38837e-09	0
396	5e+24	4.74996e+12	3.99999e+12	0	-1.51692	-0.406562	0	-3.03393e-08	-8.13127e-09	0
397	5e+24	4.74996e+12	4.24999e+12	0	-1.44767	-0.521647	0	-2.89545e-08	-1.0433e-08	0
398	5e+24	4.74997e+12	4.49998e+12	0	-1.33549	-0.699119	0	-2.67107e-08	-1.39825e-08	0
399	5e+24	4.74997e+12	4.74997e+12	0	-1.11299	-1.11299	0	-2.22605e-08	-2.22605e-08	0
