400
0	5e+24	7.12314e+07	7.12314e+07	0	1.78083	1.78083	0	2.22625e-08	2.22625e-08	0
1	5e+24	8.54715e+07	2.50045e+11	0	2.13684	1.1186	0	2.6713e-08	1.39827e-08	0
2	5e+24	9.26516e+07	5.00033e+11	0	2.31634	0.834638	0	2.8957e-08	1.04331e-08	0
3	5e+24	9.7083e+07	7.50026e+11	0	2.42713	0.650501	0	3.03418e-08	8.13135e-09	0
4	5e+24	1.00084e+08	1.00002e+12	0	2.50214	0.511069	0	3.12795e-08	6.38842e-09	0
5	5e+24	1.02197e+08	1.25002e+12	0	2.55497	0.396251	0	3.19398e-08	4.95318e-09	0
6	5e+24	1.03692e+08	1.50001e+12	0	2.59235	0.296398	0	3.24071e-08	3.70501e-09	0
7	5e+24	1.0472e+08	1.75001e+12	0	2.61804	0.206001	0	3.27282e-08	2.57503e-09	0
8	5e+24	1.05365e+08	2e+12	0	2.63418	0.121465	0	3.29299e-08	1.51832e-09	0
9	5e+24	1.05677e+08	2.25e+12	0	2.64198	0.0401457	0	3.30274e-08	5.01825e-10	0
10	5e+24	1.05677e+08	2.5e+12	0	2.64198	-0.0401457	0	3.30274e-08	-5.01825e-10	0
11	5e+24	1.05365e+08	2.75e+12	0	2.63418	-0.121465	0	3.29299e-08	-1.51832e-09	0
12	5e+24	1.0472e+08	2.99999e+12	0	2.61804	-0.206001	0	3.27282e-08	-2.57503e-09	0
13	5e+24	1.03692e+08	3.24999e+12	0	2.59235	-0.296398	0	3.24071e-08	-3.70501e-09	0
14	5e+24	1.02197e+08	3.49998e+12	0	2.55497	-0.396251	0	3.19398e-08	-4.95318e-09	0
15	5e+24	1.00084e+08	3.74998e+12	0	2.50214	-0.511069	0	3.12795e-08	-6.38842e-09	0
16	5e+24	9.7083e+07	3.99997e+12	0	2.42713	-0.650501	0	3.03418e-08	-8.13135e-09	0
17	5e+24	9.26516e+07	4.24997e+12	0	2.31634	-0.834638	0	2.8957e-08	-1.04331e-08	0
18	5e+24	8.54715e+07	4.49996e+12	0	2.13684	-1.1186	0	2.6713e-08	-1.39827e-08	0
19	5e+24	7.12314e+07	4.74993e+12	0	1.78083	-1.78083	0	2.22625e-08	-2.22625e-08	0
20	5e+24	2.50045e+11	8.54715e+07	0	1.1186	2.13684	0	1.39827e-08	2.6713e-08	0
21	5e+24	2.50053e+11	2.50053e+11	0	1.32288	1.32288	0	1.65363e-08	1.65363e-08	0
22	5e+24	2.50059e+11	5.00038e+11	0	1.46354	0.961745	0	1.82946e-08	1.20219e-08	0
23	5e+24	2.50062e+11	7.50029e+11	0	1.56025	0.736233	0	1.95036e-08	9.20298e-09	0
24	5e+24	2.50065e+11	1.00002e+12	0	1.6287	0.571446	0	2.03592e-08	7.14311e-09	0
25	5e+24	2.50067e+11	1.25002e+12	0	1.67793	0.439366	0	2.09746e-08	5.4921e-09	0
26	5e+24	2.50069e+11	1.50001e+12	0	1.71316	0.326742	0	2.1415e-08	4.0843e-09	0
27	5e+24	2.5007e+11	1.75001e+12	0	1.73752	0.226198	0	2.17195e-08	2.82749e-09	0
28	5e+24	2.5007e+11	2.00001e+12	0	1.75288	0.133047	0	2.19115e-08	1.6631e-09	0
29	5e+24	2.5007e+11	2.25e+12	0	1.76031	0.0439222	0	2.20044e-08	5.4903e-10	0
30	5e+24	2.5007e+11	2.5e+12	0	1.76031	-0.0439222	0	2.20044e-08	-5.4903e-10	0
31	5e+24	2.5007e+11	2.74999e+12	0	1.75288	-0.133047	0	2.19115e-08	-1.6631e-09	0
32	5e+24	2.5007e+11	2.99999e+12	0	1.73752	-0.226198	0	2.17195e-08	-2.82749e-09	0
33	5e+24	2.50069e+11	3.24999e+12	0	1.71316	-0.326742	0	2.1415e-08	-4.0843e-09	0
34	5e+24	2.50067e+11	3.49998e+12	0	1.67793	-0.439366	0	2.09746e-08	-5.4921e-09	0
35	5e+24	2.50065e+11	3.74998e+12	0	1.6287	-0.571446	0	2.03592e-08	-7.14311e-09	0
36	5e+24	2.50062e+11	3.99997e+12	0	1.56025	-0.736233	0	1.95036e-08	-9.20298e-09	0
37	5e+24	2.50059e+11	4.24996e+12	0	1.46354	-0.961745	0	1.82946e-08	-1.20219e-08	0
38	5e+24	2.50053e+11	4.49995e+12	0	1.32288	-1.32288	0	1.65363e-08	-1.65363e-08	0
39	5e+24	2.50045e+11	4.74991e+12	0	1.1186	-2.13684	0	1.39827e-08	-2.6713e-08	0
40	5e+24	5.00033e+11	9.26516e+07	0	0.834638	2.31634	0	1.04331e-08	2.8957e-08	0
41	5e+24	5.00038e+11	2.50059e+11	0	0.961745	1.46354	0	1.20219e-08	1.82946e-08	0
42	5e+24	5.00043e+11	5.00043e+11	0	1.06397	1.06397	0	1.32997e-08	1.32997e-08	0
43	5e+24	5.00046e+11	7.50032e+11	0	1.14187	0.810356	0	1.42735e-08	1.01295e-08	0
44	5e+24	5.00048e+11	1.00003e+12	0	1.20029	0.625598	0	1.50038e-08	7.82002e-09	0
45	5e+24	5.0005e+11	1.25002e+12	0	1.24371	0.478819	0	1.55466e-08	5.98527e-09	0
46	5e+24	5.00051e+11	1.50001e+12	0	1.2754	0.35483	0	1.59427e-08	4.4354e-09	0
47	5e+24	5.00052e+11	1.75001e+12	0	1.29755	0.245019	0	1.62196e-08	3.06275e-09	0
48	5e+24	5.00052e+11	2.00001e+12	0	1.31161	0.143881	0	1.63954e-08	1.79852e-09	0
49	5e+24	5.00053e+11	2.25e+12	0	1.31844	0.0474603	0	1.64808e-08	5.93256e-10	0
50	5e+24	5.00053e+11	2.5e+12	0	1.31844	-0.0474603	0	1.64808e-08	-5.93256e-10	0
51	5e+24	5.00052e+11	2.74999e+12	0	1.31161	-0.143881	0	1.63954e-08	-1.79852e-09	0
52	5e+24	5.00052e+11	2.99999e+12	0	1.29755	-0.245019	0	1.62196e-08	-3.06275e-09	0
53	5e+24	5.00051e+11	3.24999e+12	0	1.2754	-0.35483	0	1.59427e-08	-4.4354e-09	0
54	5e+24	5.0005e+11	3.49998e+12	0	1.24371	-0.478819	0	1.55466e-08	-5.98527e-09	0
55	5e+24	5.00048e+11	3.74997e+12	0	1.20029	-0.625598	0	1.50038e-08	-7.82002e-09	0
56	5e+24	5.00046e+11	3.99997e+12	0	1.14187	-0.810356	0	1.42735e-08	-1.01295e-08	0
57	5e+24	5.00043e+11	4.24996e+12	0	1.06397	-1.06397	0	1.32997e-08	-1.32997e-08	0
58	5e+24	5.00038e+11	4.49994e+12	0	0.961745	-1.46354	0	1.20219e-08	-1.82946e-08	0
59	5e+24	5.00033e+11	4.74991e+12	0	0.834638	-2.31634	0	1.04331e-08	-2.8957e-08	0
60	5e+24	7.50026e+11	9.7083e+07	0	0.650501	2.42713	0	8.13135e-09	3.03418e-08	0
61	5e+24	7.50029e+11	2.50062e+11	0	0.736233	1.56025	0	9.20298e-09	1.95036e-08	0
62	5e+24	7.50032e+11	5.00046e+11	0	0.810356	1.14187	0	1.01295e-08	1.42735e-08	0
63	5e+24	7.50035e+11	7.50035e+11	0	0.870836	0.870836	0	1.08855e-08	1.08855e-08	0
64	5e+24	7.50037e+11	1.00003e+12	0	0.918512	0.671683	0	1.14815e-08	8.39609e-09	0
65	5e+24	7.50038e+11	1.25002e+12	0	0.955148	0.513275	0	1.19395e-08	6.41597e-09	0
66	5e+24	7.50039e+11	1.50002e+12	0	0.982464	0.379756	0	1.22809e-08	4.74697e-09	0
67	5e+24	7.5004e+11	1.75001e+12	0	1.00183	0.261885	0	1.2523e-08	3.27358e-09	0
68	5e+24	7.50041e+11	2.00001e+12	0	1.01423	0.153644	0	1.2678e-08	1.92056e-09	0
69	5e+24	7.50041e+11	2.25e+12	0	1.02027	0.0506571	0	1.27536e-08	6.33216e-10	0
70	5e+24	7.50041e+11	2.5e+12	0	1.02027	-0.0506571	0	1.27536e-08	-6.33216e-10	0
71	5e+24	7.50041e+11	2.74999e+12	0	1.01423	-0.153644	0	1.2678e-08	-1.92056e-09	0
72	5e+24	7.5004e+11	2.99999e+12	0	1.00183	-0.261885	0	1.2523e-08	-3.27358e-09	0
73	5e+24	7.50039e+11	3.24998e+12	0	0.982464	-0.379756	0	1.22809e-08	-4.74697e-09	0
74	5e+24	7.50038e+11	3.49998e+12	0	0.955148	-0.513275	0	1.19395e-08	-6.41597e-09	0
75	5e+24	7.50037e+11	3.74997e+12	0	0.918512	-0.671683	0	1.14815e-08	-8.39609e-09	0
76	5e+24	7.50035e+11	3.99997e+12	0	0.870836	-0.870836	0	1.08855e-08	-1.08855e-08	0
77	5e+24	7.50032e+11	4.24995e+12	0	0.810356	-1.14187	0	1.01295e-08	-1.42735e-08	0
78	5e+24	7.50029e+11	4.49994e+12	0	0.736233	-1.56025	0	9.20298e-09	-1.95036e-08	0
79	5e+24	7.50026e+11	4.7499e+12	0	0.650501	-2.42713	0	8.13135e-09	-3.03418e-08	0
80	5e+24	1.00002e+12	1.00084e+08	0	0.511069	2.50214	0	6.38842e-09	3.12795e-08	0
81	5e+24	1.00002e+12	2.50065e+11	0	0.571446	1.6287	0	7.14311e-09	2.03592e-08	0
82	5e+24	1.00003e+12	5.00048e+11	0	0.625598	1.20029	0	7.82002e-09	1.50038e-08	0
83	5e+24	1.00003e+12	7.50037e+11	0	0.671683	0.918512	0	8.39609e-09	1.14815e-08	0
84	5e+24	1.00003e+12	1.00003e+12	0	0.709368	0.709368	0	8.86716e-09	8.86716e-09	0
85	5e+24	1.00003e+12	1.25002e+12	0	0.739149	0.542173	0	9.23944e-09	6.7772e-09	0
86	5e+24	1.00003e+12	1.50002e+12	0	0.761804	0.401018	0	9.52263e-09	5.01275e-09	0
87	5e+24	1.00003e+12	1.75001e+12	0	0.778085	0.27643	0	9.72615e-09	3.45539e-09	0
88	5e+24	1.00003e+12	2.00001e+12	0	0.788598	0.162118	0	9.85756e-09	2.02648e-09	0
89	5e+24	1.00003e+12	2.25e+12	0	0.793752	0.0534401	0	9.92199e-09	6.68003e-10	0
90	5e+24	1.00003e+12	2.5e+12	0	0.793752	-0.0534401	0	9.92199e-09	-6.68003e-10	0
91	5e+24	1.00003e+12	2.74999e+12	0	0.788598	-0.162118	0	9.85756e-09	-2.02648e-09	0
92	5e+24	1.00003e+12	2.99999e+12	0	0.778085	-0.27643	0	9.72615e-09	-3.45539e-09	0
93	5e+24	1.00003e+12	3.24998e+12	0	0.761804	-0.401018	0	9.52263e-09	-5.01275e-09	0
94	5e+24	1.00003e+12	3.49998e+12	0	0.739149	-0.542173	0	9.23944e-09	-6.7772e-09	0
95	5e+24	1.00003e+12	3.74997e+12	0	0.709368	-0.709368	0	8.86716e-09	-8.86716e-09	0
96	5e+24	1.00003e+12	3.99996e+12	0	0.671683	-0.918512	0	8.39609e-09	-1.14815e-08	0
97	5e+24	1.00003e+12	4.24995e+12	0	0.625598	-1.20029	0	7.82002e-09	-1.50038e-08	0
98	5e+24	1.00002e+12	4.49993e+12	0	0.571446	-1.6287	0	7.14311e-09	-2.03592e-08	0
99	5e+24	1.00002e+12	4.7499e+12	0	0.511069	-2.50214	0	6.38842e-09	-3.12795e-08	0
100	5e+24	1.25002e+12	1.02197e+08	0	0.396251	2.55497	0	4.95318e-09	3.19398e-08	0
101	5e+24	1.25002e+12	2.50067e+11	0	0.439366	1.67793	0	5.4921e-09	2.09746e-08	0
102	5e+24	1.25002e+12	5.0005e+11	0	0.478819	1.24371	0	5.98527e-09	1.55466e-08	0
103	5e+24	1.25002e+12	7.50038e+11	0	0.513275	0.955148	0	6.41597e-09	1.19395e-08	0
104	5e+24	1.25002e+12	1.00003e+12	0	0.542173	0.739149	0	6.7772e-09	9.23944e-09	0
105	5e+24	1.25002e+12	1.25002e+12	0	0.565504	0.565504	0	7.06885e-09	7.06885e-09	0
106	5e+24	1.25002e+12	1.50002e+12	0	0.583548	0.41845	0	7.2944e-09	5.23065e-09	0
107	5e+24	1.25002e+12	1.75001e+12	0	0.596672	0.288479	0	7.45845e-09	3.60601e-09	0
108	5e+24	1.25002e+12	2.00001e+12	0	0.605213	0.169183	0	7.56521e-09	2.11479e-09	0
109	5e+24	1.25002e+12	2.25e+12	0	0.609419	0.0557674	0	7.61779e-09	6.97096e-10	0
110	5e+24	1.25002e+12	2.5e+12	0	0.609419	-0.0557674	0	7.61779e-09	-6.97096e-10	0
111	5e+24	1.25002e+12	2.74999e+12	0	0.605213	-0.169183	0	7.56521e-09	-2.11479e-09	0
112	5e+24	1.25002e+12	2.99999e+12	0	0.596672	-0.288479	0	7.45845e-09	-3.60601e-09	0
113	5e+24	1.25002e+12	3.24998e+12	0	0.583548	-0.41845	0	7.2944e-09	-5.23065e-09	0
114	5e+24	1.25002e+12	3.49998e+12	0	0.565504	-0.565504	0	7.06885e-09	-7.06885e-09	0
115	5e+24	1.25002e+12	3.74997e+12	0	0.542173	-0.739149	0	6.7772e-09	-9.23944e-09	0
116	5e+24	1.25002e+12	3.99996e+12	0	0.513275	-0.955148	0	6.41597e-09	-1.19395e-08	0
117	5e+24	1.25002e+12	4.24995e+12	0	0.478819	-1.24371	0	5.98527e-09	-1.55466e-08	0
118	5e+24	1.25002e+12	4.49993e+12	0	0.439366	-1.67793	0	5.4921e-09	-2.09746e-08	0
119	5e+24	1.25002e+12	4.7499e+12	0	0.396251	-2.55497	0	4.95318e-09	-3.19398e-08	0
120	5e+24	1.50001e+12	1.03692e+08	0	0.296398	2.59235	0	3.70501e-09	3.24071e-08	0
121	5e+24	1.50001e+12	2.50069e+11	0	0.326742	1.71316	0	4.0843e-09	2.1415e-08	0
122	5e+24	1.50001e+12	5.00051e+11	0	0.35483	1.2754	0	4.4354e-09	1.59427e-08	0
123	5e+24	1.50002e+12	7.50039e+11	0	0.379756	0.982464	0	4.74697e-09	1.22809e-08	0
124	5e+24	1.50002e+12	1.00003e+12	0	0.401018	0.761804	0	5.01275e-09	9.52263e-09	0
125	5e+24	1.50002e+12	1.25002e+12	0	0.41845	0.583548	0	5.23065e-09	7.2944e-09	0
126	5e+24	1.50002e+12	1.50002e+12	0	0.432102	0.432102	0	5.40131e-09	5.40131e-09	0
127	5e+24	1.50002e+12	1.75001e+12	0	0.442127	0.298	0	5.52662e-09	3.72502e-09	0
128	5e+24	1.50002e+12	2.00001e+12	0	0.448694	0.174797	0	5.60871e-09	2.18497e-09	0
129	5e+24	1.50002e+12	2.25e+12	0	0.45194	0.0576218	0	5.64929e-09	7.20277e-10	0
130	5e+24	1.50002e+12	2.5e+12	0	0.45194	-0.0576218	0	5.64929e-09	-7.20277e-10	0
131	5e+24	1.50002e+12	2.74999e+12	0	0.448694	-0.174797	0	5.60871e-09	-2.18497e-09	0
132	5e+24	1.50002e+12	2.99999e+12	0	0.442127	-0.298	0	5.52662e-09	-3.72502e-09	0
133	5e+24	1.50002e+12	3.24998e+12	0	0.432102	-0.432102	0	5.40131e-09	-5.40131e-09	0
134	5e+24	1.50002e+12	3.49998e+12	0	0.41845	-0.583548	0	5.23065e-09	-7.2944e-09	0
135	5e+24	1.50002e+12	3.74997e+12	0	0.401018	-0.761804	0	5.01275e-09	-9.52263e-09	0
136	5e+24	1.50002e+12	3.99996e+12	0	0.379756	-0.982464	0	4.74697e-09	-1.22809e-08	0
137	5e+24	1.50001e+12	4.24995e+12	0	0.35483	-1.2754	0	4.4354e-09	-1.59427e-08	0
138	5e+24	1.50001e+12	4.49993e+12	0	0.326742	-1.71316	0	4.0843e-09	-2.1415e-08	0
139	5e+24	1.50001e+12	4.7499e+12	0	0.296398	-2.59235	0	3.70501e-09	-3.24071e-08	0
140	5e+24	1.75001e+12	1.0472e+08	0	0.206001	2.61804	0	2.57503e-09	3.27282e-08	0
141	5e+24	1.75001e+12	2.5007e+11	0	0.226198	1.73752	0	2.82749e-09	2.17195e-08	0
142	5e+24	1.75001e+12	5.00052e+11	0	0.245019	1.29755	0	3.06275e-09	1.62196e-08	0
143	5e+24	1.75001e+12	7.5004e+11	0	0.261885	1.00183	0	3.27358e-09	1.2523e-08	0
144	5e+24	1.75001e+12	1.00003e+12	0	0.27643	0.778085	0	3.45539e-09	9.72615e-09	0
145	5e+24	1.75001e+12	1.25002e+12	0	0.288479	0.596672	0	3.60601e-09	7.45845e-09	0
146	5e+24	1.75001e+12	1.50002e+12	0	0.298	0.442127	0	3.72502e-09	5.52662e-09	0
147	5e+24	1.75001e+12	1.75001e+12	0	0.30504	0.30504	0	3.81302e-09	3.81302e-09	0
148	5e+24	1.75001e+12	2.00001e+12	0	0.309674	0.178967	0	3.87095e-09	2.2371e-09	0
149	5e+24	1.75001e+12	2.25e+12	0	0.311972	0.0590022	0	3.89967e-09	7.37532e-10	0
150	5e+24	1.75001e+12	2.5e+12	0	0.311972	-0.0590022	0	3.89967e-09	-7.37532e-10	0
151	5e+24	1.75001e+12	2.74999e+12	0	0.309674	-0.178967	0	3.87095e-09	-2.2371e-09	0
152	5e+24	1.75001e+12	2.99999e+12	0	0.30504	-0.30504	0	3.81302e-09	-3.81302e-09	0
153	5e+24	1.75001e+12	3.24998e+12	0	0.298	-0.442127	0	3.72502e-09	-5.52662e-09	0
154	5e+24	1.75001e+12	3.49998e+12	0	0.288479	-0.596672	0	3.60601e-09	-7.45845e-09	0
155	5e+24	1.75001e+12	3.74997e+12	0	0.27643	-0.778085	0	3.45539e-09	-9.72615e-09	0
156	5e+24	1.75001e+12	3.99996e+12	0	0.261885	-1.00183	0	3.27358e-09	-1.2523e-08	0
157	5e+24	1.75001e+12	4.24995e+12	0	0.245019	-1.29755	0	3.06275e-09	-1.62196e-08	0
158	5e+24	1.75001e+12	4.49993e+12	0	0.226198	-1.73752	0	2.82749e-09	-2.17195e-08	0
159	5e+24	1.75001e+12	4.7499e+12	0	0.206001	-2.61804	0	2.57503e-09	-3.27282e-08	0
160	5e+24	2e+12	1.05365e+08	0	0.121465	2.63418	0	1.51832e-09	3.29299e-08	0
161	5e+24	2.00001e+12	2.5007e+11	0	0.133047	1.75288	0	1.6631e-09	2.19115e-08	0
162	5e+24	2.00001e+12	5.00052e+11	0	0.143881	1.31161	0	1.79852e-09	1.63954e-08	0
163	5e+24	2.00001e+12	7.50041e+11	0	0.153644	1.01423	0	1.92056e-09	1.2678e-08	0
164	5e+24	2.00001e+12	1.00003e+12	0	0.162118	0.788598	0	2.02648e-09	9.85756e-09	0
165	5e+24	2.00001e+12	1.25002e+12	0	0.169183	0.605213	0	2.11479e-09	7.56521e-09	0
166	5e+24	2.00001e+12	1.50002e+12	0	0.174797	0.448694	0	2.18497e-09	5.60871e-09	0
167	5e+24	2.00001e+12	1.75001e+12	0	0.178967	0.309674	0	2.2371e-09	3.87095e-09	0
168	5e+24	2.00001e+12	2.00001e+12	0	0.181721	0.181721	0	2.27152e-09	2.27152e-09	0
169	5e+24	2.00001e+12	2.25e+12	0	0.183089	0.0599153	0	2.28862e-09	7.48946e-10	0
170	5e+24	2.00001e+12	2.5e+12	0	0.183089	-0.0599153	0	2.28862e-09	-7.48946e-10	0
171	5e+24	2.00001e+12	2.74999e+12	0	0.181721	-0.181721	0	2.27152e-09	-2.27152e-09	0
172	5e+24	2.00001e+12	2.99999e+12	0	0.178967	-0.309674	0	2.2371e-09	-3.87095e-09	0
173	5e+24	2.00001e+12	3.24998e+12	0	0.174797	-0.448694	0	2.18497e-09	-5.60871e-09	0
174	5e+24	2.00001e+12	3.49998e+12	0	0.169183	-0.605213	0	2.11479e-09	-7.56521e-09	0
175	5e+24	2.00001e+12	3.74997e+12	0	0.162118	-0.788598	0	2.02648e-09	-9.85756e-09	0
176	5e+24	2.00001e+12	3.99996e+12	0	0.153644	-1.01423	0	1.92056e-09	-1.2678e-08	0
177	5e+24	2.00001e+12	4.24995e+12	0	0.143881	-1.31161	0	1.79852e-09	-1.63954e-08	0
178	5e+24	2.00001e+12	4.49993e+12	0	0.133047	-1.75288	0	1.6631e-09	-2.19115e-08	0
179	5e+24	2e+12	4.74989e+12	0	0.121465	-2.63418	0	1.51832e-09	-3.29299e-08	0
180	5e+24	2.25e+12	1.05677e+08	0	0.0401457	2.64198	0	5.01825e-10	3.30274e-08	0
181	5e+24	2.25e+12	2.5007e+11	0	0.0439222	1.76031	0	5.4903e-10	2.20044e-08	0
182	5e+24	2.25e+12	5.00053e+11	0	0.0474603	1.31844	0	5.93256e-10	1.64808e-08	0
183	5e+24	2.25e+12	7.50041e+11	0	0.0506571	1.02027	0	6.33216e-10	1.27536e-08	0
184	5e+24	2.25e+12	1.00003e+12	0	0.0534401	0.793752	0	6.68003e-10	9.92199e-09	0
185	5e+24	2.25e+12	1.25002e+12	0	0.0557674	0.609419	0	6.97096e-10	7.61779e-09	0
186	5e+24	2.25e+12	1.50002e+12	0	0.0576218	0.45194	0	7.20277e-10	5.64929e-09	0
187	5e+24	2.25e+12	1.75001e+12	0	0.0590022	0.311972	0	7.37532e-10	3.89967e-09	0
188	5e+24	2.25e+12	2.00001e+12	0	0.0599153	0.183089	0	7.48946e-10	2.28862e-09	0
189	5e+24	2.25e+12	2.25e+12	0	0.0603693	0.0603693	0	7.5462e-10	7.5462e-10	0
190	5e+24	2.25e+12	2.5e+12	0	0.0603693	-0.0603693	0	7.5462e-10	-7.5462e-10	0
191	5e+24	2.25e+12	2.74999e+12	0	0.0599153	-0.183089	0	7.48946e-10	-2.28862e-09	0
192	5e+24	2.25e+12	2.99999e+12	0	0.0590022	-0.311972	0	7.37532e-10	-3.89967e-09	0
193	5e+24	2.25e+12	3.24998e+12	0	0.0576218	-0.45194	0	7.20277e-10	-5.64929e-09	0
194	5e+24	2.25e+12	3.49998e+12	0	0.0557674	-0.609419	0	6.97096e-10	-7.61779e-09	0
195	5e+24	2.25e+12	3.74997e+12	0	0.0534401	-0.793752	0	6.68003e-10	-9.92199e-09	0
196	5e+24	2.25e+12	3.99996e+12	0	0.0506571	-1.02027	0	6.33216e-10	-1.27536e-08	0
197	5e+24	2.25e+12	4.24995e+12	0	0.0474603	-1.31844	0	5.93256e-10	-1.64808e-08	0
198	5e+24	2.25e+12	4.49993e+12	0	0.0439222	-1.76031	0	5.4903e-10	-2.20044e-08	0
199	5e+24	2.25e+12	4.74989e+12	0	0.0401457	-2.64198	0	5.01825e-10	-3.30274e-08	0
200	5e+24	2.5e+12	1.05677e+08	0	-0.0401457	2.64198	0	-5.01825e-10	3.30274e-08	0
201	5e+24	2.5e+12	2.5007e+11	0	-0.0439222	1.76031	0	-5.4903e-10	2.20044e-08	0
202	5e+24	2.5e+12	5.00053e+11	0	-0.0474603	1.31844	0	-5.93256e-10	1.64808e-08	0
203	5e+24	2.5e+12	7.50041e+11	0	-0.0506571	1.02027	0	-6.33216e-10	1.27536e-08	0
204	5e+24	2.5e+12	1.00003e+12	0	-0.0534401	0.793752	0	-6.68003e-10	9.92199e-09	0
205	5e+24	2.5e+12	1.25002e+12	0	-0.0557674	0.609419	0	-6.97096e-10	7.61779e-09	0
206	5e+24	2.5e+12	1.50002e+12	0	-0.0576218	0.45194	0	-7.20277e-10	5.64929e-09	0
207	5e+24	2.5e+12	1.75001e+12	0	-0.0590022	0.311972	0	-7.37532e-10	3.89967e-09	0
208	5e+24	2.5e+12	2.00001e+12	0	-0.0599153	0.183089	0	-7.48946e-10	2.28862e-09	0
209	5e+24	2.5e+12	2.25e+12	0	-0.0603693	0.0603693	0	-7.5462e-10	7.5462e-10	0
210	5e+24	2.5e+12	2.5e+12	0	-0.0603693	-0.0603693	0	-7.5462e-10	-7.5462e-10	0
211	5e+24	2.5e+12	2.74999e+12	0	-0.0599153	-0.183089	0	-7.48946e-10	-2.28862e-09	0
212	5e+24	2.5e+12	2.99999e+12	0	-0.0590022	-0.311972	0	-7.37532e-10	-3.89967e-09	0
213	5e+24	2.5e+12	3.24998e+12	0	-0.0576218	-0.45194	0	-7.20277e-10	-5.64929e-09	0
214	5e+24	2.5e+12	3.49998e+12	0	-0.0557674	-0.609419	0	-6.97096e-10	-7.61779e-09	0
215	5e+24	2.5e+12	3.74997e+12	0	-0.0534401	-0.793752	0	-6.68003e-10	-9.92199e-09	0
216	5e+24	2.5e+12	3.99996e+12	0	-0.0506571	-1.02027	0	-6.33216e-10	-1.27536e-08	0
217	5e+24	2.5e+12	4.24995e+12	0	-0.0474603	-1.31844	0	-5.93256e-10	-1.64808e-08	0
218	5e+24	2.5e+12	4.49993e+12	0	-0.0439222	-1.76031	0	-5.4903e-10	-2.20044e-08	0
219	5e+24	2.5e+12	4.74989e+12	0	-0.0401457	-2.64198	0	-5.01825e-10	-3.30274e-08	0
220	5e+24	2.75e+12	1.05365e+08	0	-0.121465	2.63418	0	-1.51832e-09	3.29299e-08	0
221	5e+24	2.74999e+12	2.5007e+11	0	-0.133047	1.75288	0	-1.6631e-09	2.19115e-08	0
222	5e+24	2.74999e+12	5.00052e+11	0	-0.143881	1.31161	0	-1.79852e-09	1.63954e-08	0
223	5e+24	2.74999e+12	7.50041e+11	0	-0.153644	1.01423	0	-1.92056e-09	1.2678e-08	0
224	5e+24	2.74999e+12	1.00003e+12	0	-0.162118	0.788598	0	-2.02648e-09	9.85756e-09	0
225	5e+24	2.74999e+12	1.25002e+12	0	-0.169183	0.605213	0	-2.11479e-09	7.56521e-09	0
226	5e+24	2.74999e+12	1.50002e+12	0	-0.174797	0.448694	0	-2.18497e-09	5.60871e-09	0
227	5e+24	2.74999e+12	1.75001e+12	0	-0.178967	0.309674	0	-2.2371e-09	3.87095e-09	0
228	5e+24	2.74999e+12	2.00001e+12	0	-0.181721	0.181721	0	-2.27152e-09	2.27152e-09	0
229	5e+24	2.74999e+12	2.25e+12	0	-0.183089	0.0599153	0	-2.28862e-09	7.48946e-10	0
230	5e+24	2.74999e+12	2.5e+12	0	-0.183089	-0.0599153	0	-2.28862e-09	-7.48946e-10	0
231	5e+24	2.74999e+12	2.74999e+12	0	-0.181721	-0.181721	0	-2.27152e-09	-2.27152e-09	0
232	5e+24	2.74999e+12	2.99999e+12	0	-0.178967	-0.309674	0	-2.2371e-09	-3.87095e-09	0
233	5e+24	2.74999e+12	3.24998e+12	0	-0.174797	-0.448694	0	-2.18497e-09	-5.60871e-09	0
234	5e+24	2.74999e+12	3.49998e+12	0	-0.169183	-0.605213	0	-2.11479e-09	-7.56521e-09	0
235	5e+24	2.74999e+12	3.74997e+12	0	-0.162118	-0.788598	0	-2.02648e-09	-9.85756e-09	0
236	5e+24	2.74999e+12	3.99996e+12	0	-0.153644	-1.01423	0	-1.92056e-09	-1.2678e-08	0
237	5e+24	2.74999e+12	4.24995e+12	0	-0.143881	-1.31161	0	-1.79852e-09	-1.63954e-08	0
238	5e+24	2.74999e+12	4.49993e+12	0	-0.133047	-1.75288	0	-1.6631e-09	-2.19115e-08	0
239	5e+24	2.75e+12	4.74989e+12	0	-0.121465	-2.63418	0	-1.51832e-09	-3.29299e-08	0
240	5e+24	2.99999e+12	1.0472e+08	0	-0.206001	2.61804	0	-2.57503e-09	3.27282e-08	0
241	5e+24	2.99999e+12	2.5007e+11	0	-0.226198	1.73752	0	-2.82749e-09	2.17195e-08	0
242	5e+24	2.99999e+12	5.00052e+11	0	-0.245019	1.29755	0	-3.06275e-09	1.62196e-08	0
243	5e+24	2.99999e+12	7.5004e+11	0	-0.261885	1.00183	0	-3.27358e-09	1.2523e-08	0
244	5e+24	2.99999e+12	1.00003e+12	0	-0.27643	0.778085	0	-3.45539e-09	9.72615e-09	0
245	5e+24	2.99999e+12	1.25002e+12	0	-0.288479	0.596672	0	-3.60601e-09	7.45845e-09	0
246	5e+24	2.99999e+12	1.50002e+12	0	-0.298	0.442127	0	-3.72502e-09	5.52662e-09	0
247	5e+24	2.99999e+12	1.75001e+12	0	-0.30504	0.30504	0	-3.81302e-09	3.81302e-09	0
248	5e+24	2.99999e+12	2.00001e+12	0	-0.309674	0.178967	0	-3.87095e-09	2.2371e-09	0
249	5e+24	2.99999e+12	2.25e+12	0	-0.311972	0.0590022	0	-3.89967e-09	7.37532e-10	0
250	5e+24	2.99999e+12	2.5e+12	0	-0.311972	-0.0590022	0	-3.89967e-09	-7.37532e-10	0
251	5e+24	2.99999e+12	2.74999e+12	0	-0.309674	-0.178967	0	-3.87095e-09	-2.2371e-09	0
252	5e+24	2.99999e+12	2.99999e+12	0	-0.30504	-0.30504	0	-3.81302e-09	-3.81302e-09	0
253	5e+24	2.99999e+12	3.24998e+12	0	-0.298	-0.442127	0	-3.72502e-09	-5.52662e-09	0
254	5e+24	2.99999e+12	3.49998e+12	0	-0.288479	-0.596672	0	-3.60601e-09	-7.45845e-09	0
255	5e+24	2.99999e+12	3.74997e+12	0	-0.27643	-0.778085	0	-3.45539e-09	-9.72615e-09	0
256	5e+24	2.99999e+12	3.99996e+12	0	-0.261885	-1.00183	0	-3.27358e-09	-1.2523e-08	0
257	5e+24	2.99999e+12	4.24995e+12	0	-0.245019	-1.29755	0	-3.06275e-09	-1.62196e-08	0
258	5e+24	2.99999e+12	4.49993e+12	0	-0.226198	-1.73752	0	-2.82749e-09	-2.17195e-08	0
259	5e+24	2.99999e+12	4.7499e+12	0	-0.206001	-2.61804	0	-2.57503e-09	-3.27282e-08	0
260	5e+24	3.24999e+12	1.03692e+08	0	-0.296398	2.59235	0	-3.70501e-09	3.24071e-08	0
261	5e+24	3.24999e+12	2.50069e+11	0	-0.326742	1.71316	0	-4.0843e-09	2.1415e-08	0
262	5e+24	3.24999e+12	5.00051e+11	0	-0.35483	1.2754	0	-4.4354e-09	1.59427e-08	0
263	5e+24	3.24998e+12	7.50039e+11	0	-0.379756	0.982464	0	-4.74697e-09	1.22809e-08	0
264	5e+24	3.24998e+12	1.00003e+12	0	-0.401018	0.761804	0	-5.01275e-09	9.52263e-09	0
265	5e+24	3.24998e+12	1.25002e+12	0	-0.41845	0.583548	0	-5.23065e-09	7.2944e-09	0
266	5e+24	3.24998e+12	1.50002e+12	0	-0.432102	0.432102	0	-5.40131e-09	5.40131e-09	0
267	5e+24	3.24998e+12	1.75001e+12	0	-0.442127	0.298	0	-5.52662e-09	3.72502e-09	0
268	5e+24	3.24998e+12	2.00001e+12	0	-0.448694	0.174797	0	-5.60871e-09	2.18497e-09	0
269	5e+24	3.24998e+12	2.25e+12	0	-0.45194	0.0576218	0	-5.64929e-09	7.20277e-10	0
270	5e+24	3.24998e+12	2.5e+12	0	-0.45194	-0.0576218	0	-5.64929e-09	-7.20277e-10	0
271	5e+24	3.24998e+12	2.74999e+12	0	-0.448694	-0.174797	0	-5.60871e-09	-2.18497e-09	0
272	5e+24	3.24998e+12	2.99999e+12	0	-0.442127	-0.298	0	-5.52662e-09	-3.72502e-09	0
273	5e+24	3.24998e+12	3.24998e+12	0	-0.432102	-0.432102	0	-5.40131e-09	-5.40131e-09	0
274	5e+24	3.24998e+12	3.49998e+12	0	-0.41845	-0.583548	0	-5.23065e-09	-7.2944e-09	0
275	5e+24	3.24998e+12	3.74997e+12	0	-0.401018	-0.761804	0	-5.01275e-09	-9.52263e-09	0
276	5e+24	3.24998e+12	3.99996e+12	0	-0.379756	-0.982464	0	-4.74697e-09	-1.22809e-08	0
277	5e+24	3.24999e+12	4.24995e+12	0	-0.35483	-1.2754	0	-4.4354e-09	-1.59427e-08	0
278	5e+24	3.24999e+12	4.49993e+12	0	-0.326742	-1.71316	0	-4.0843e-09	-2.1415e-08	0
279	5e+24	3.24999e+12	4.7499e+12	0	-0.296398	-2.59235	0	-3.70501e-09	-3.24071e-08	0
280	5e+24	3.49998e+12	1.02197e+08	0	-0.396251	2.55497	0	-4.95318e-09	3.19398e-08	0
281	5e+24	3.49998e+12	2.50067e+11	0	-0.439366	1.67793	0	-5.4921e-09	2.09746e-08	0
282	5e+24	3.49998e+12	5.0005e+11	0	-0.478819	1.24371	0	-5.98527e-09	1.55466e-08	0
283	5e+24	3.49998e+12	7.50038e+11	0	-0.513275	0.955148	0	-6.41597e-09	1.19395e-08	0
284	5e+24	3.49998e+12	1.00003e+12	0	-0.542173	0.739149	0	-6.7772e-09	9.23944e-09	0
285	5e+24	3.49998e+12	1.25002e+12	0	-0.565504	0.565504	0	-7.06885e-09	7.06885e-09	0
286	5e+24	3.49998e+12	1.50002e+12	0	-0.583548	0.41845	0	-7.2944e-09	5.23065e-09	0
287	5e+24	3.49998e+12	1.75001e+12	0	-0.596672	0.288479	0	-7.45845e-09	3.60601e-09	0
288	5e+24	3.49998e+12	2.00001e+12	0	-0.605213	0.169183	0	-7.56521e-09	2.11479e-09	0
289	5e+24	3.49998e+12	2.25e+12	0	-0.609419	0.0557674	0	-7.61779e-09	6.97096e-10	0
290	5e+24	3.49998e+12	2.5e+12	0	-0.609419	-0.0557674	0	-7.61779e-09	-6.97096e-10	0
291	5e+24	3.49998e+12	2.74999e+12	0	-0.605213	-0.169183	0	-7.56521e-09	-2.11479e-09	0
292	5e+24	3.49998e+12	2.99999e+12	0	-0.596672	-0.288479	0	-7.45845e-09	-3.60601e-09	0
293	5e+24	3.49998e+12	3.24998e+12	0	-0.583548	-0.41845	0	-7.2944e-09	-5.23065e-09	0
294	5e+24	3.49998e+12	3.49998e+12	0	-0.565504	-0.565504	0	-7.06885e-09	-7.06885e-09	0
295	5e+24	3.49998e+12	3.74997e+12	0	-0.542173	-0.739149	0	-6.7772e-09	-9.23944e-09	0
296	5e+24	3.49998e+12	3.99996e+12	0	-0.513275	-0.955148	0	-6.41597e-09	-1.19395e-08	0
297	5e+24	3.49998e+12	4.24995e+12	0	-0.478819	-1.24371	0	-5.98527e-09	-1.55466e-08	0
298	5e+24	3.49998e+12	4.49993e+12	0	-0.439366	-1.67793	0	-5.4921e-09	-2.09746e-08	0
299	5e+24	3.49998e+12	4.7499e+12	0	-0.396251	-2.55497	0	-4.95318e-09	-3.19398e-08	0
300	5e+24	3.74998e+12	1.00084e+08	0	-0.511069	2.50214	0	-6.38842e-09	3.12795e-08	0
301	5e+24	3.74998e+12	2.50065e+11	0	-0.571446	1.6287	0	-7.14311e-09	2.03592e-08	0
302	5e+24	3.74997e+12	5.00048e+11	0	-0.625598	1.20029	0	-7.82002e-09	1.50038e-08	0
303	5e+24	3.74997e+12	7.50037e+11	0	-0.671683	0.918512	0	-8.39609e-09	1.14815e-08	0
304	5e+24	3.74997e+12	1.00003e+12	0	-0.709368	0.709368	0	-8.86716e-09	8.86716e-09	0
305	5e+24	3.74997e+12	1.25002e+12	0	-0.739149	0.542173	0	-9.23944e-09	6.7772e-09	0
306	5e+24	3.74997e+12	1.50002e+12	0	-0.761804	0.401018	0	-9.52263e-09	5.01275e-09	0
307	5e+24	3.74997e+12	1.75001e+12	0	-0.778085	0.27643	0	-9.72615e-09	3.45539e-09	0
308	5e+24	3.74997e+12	2.00001e+12	0	-0.788598	0.162118	0	-9.85756e-09	2.02648e-09	0
309	5e+24	3.74997e+12	2.25e+12	0	-0.793752	0.0534401	0	-9.92199e-09	6.68003e-10	0
310	5e+24	3.74997e+12	2.5e+12	0	-0.793752	-0.0534401	0	-9.92199e-09	-6.68003e-10	0
311	5e+24	3.74997e+12	2.74999e+12	0	-0.788598	-0.162118	0	-9.85756e-09	-2.02648e-09	0
312	5e+24	3.74997e+12	2.99999e+12	0	-0.778085	-0.27643	0	-9.72615e-09	-3.45539e-09	0
313	5e+24	3.74997e+12	3.24998e+12	0	-0.761804	-0.401018	0	-9.52263e-09	-5.01275e-09	0
314	5e+24	3.74997e+12	3.49998e+12	0	-0.739149	-0.542173	0	-9.23944e-09	-6.7772e-09	0
315	5e+24	3.74997e+12	3.74997e+12	0	-0.709368	-0.709368	0	-8.86716e-09	-8.86716e-09	0
316	5e+24	3.74997e+12	3.99996e+12	0	-0.671683	-0.918512	0	-8.39609e-09	-1.14815e-08	0
317	5e+24	3.74997e+12	4.24995e+12	0	-0.625598	-1.20029	0	-7.82002e-09	-1.50038e-08	0
318	5e+24	3.74998e+12	4.49993e+12	0	-0.571446	-1.6287	0	-7.14311e-09	-2.03592e-08	0
319	5e+24	3.74998e+12	4.7499e+12	0	-0.511069	-2.50214	0	-6.38842e-09	-3.12795e-08	0
320	5e+24	3.99997e+12	9.7083e+07	0	-0.650501	2.42713	0	-8.13135e-09	3.03418e-08	0
321	5e+24	3.99997e+12	2.50062e+11	0	-0.736233	1.56025	0	-9.20298e-09	1.95036e-08	0
322	5e+24	3.99997e+12	5.00046e+11	0	-0.810356	1.14187	0	-1.01295e-08	1.42735e-08	0
323	5e+24	3.99997e+12	7.50035e+11	0	-0.870836	0.870836	0	-1.08855e-08	1.08855e-08	0
324	5e+24	3.99996e+12	1.00003e+12	0	-0.918512	0.671683	0	-1.14815e-08	8.39609e-09	0
325	5e+24	3.99996e+12	1.25002e+12	0	-0.955148	0.513275	0	-1.19395e-08	6.41597e-09	0
326	5e+24	3.99996e+12	1.50002e+12	0	-0.982464	0.379756	0	-1.22809e-08	4.74697e-09	0
327	5e+24	3.99996e+12	1.75001e+12	0	-1.00183	0.261885	0	-1.2523e-08	3.27358e-09	0
328	5e+24	3.99996e+12	2.00001e+12	0	-1.01423	0.153644	0	-1.2678e-08	1.92056e-09	0
329	5e+24	3.99996e+12	2.25e+12	0	-1.02027	0.0506571	0	-1.27536e-08	6.33216e-10	0
330	5e+24	3.99996e+12	2.5e+12	0	-1.02027	-0.0506571	0	-1.27536e-08	-6.33216e-10	0
331	5e+24	3.99996e+12	2.74999e+12	0	-1.01423	-0.153644	0	-1.2678e-08	-1.92056e-09	0
332	5e+24	3.99996e+12	2.99999e+12	0	-1.00183	-0.261885	0	-1.2523e-08	-3.27358e-09	0
333	5e+24	3.99996e+12	3.24998e+12	0	-0.982464	-0.379756	0	-1.22809e-08	-4.74697e-09	0
334	5e+24	3.99996e+12	3.49998e+12	0	-0.955148	-0.513275	0	-1.19395e-08	-6.41597e-09	0
335	5e+24	3.99996e+12	3.74997e+12	0	-0.918512	-0.671683	0	-1.14815e-08	-8.39609e-09	0
336	5e+24	3.99997e+12	3.99997e+12	0	-0.870836	-0.870836	0	-1.08855e-08	-1.08855e-08	0
337	5e+24	3.99997e+12	4.24995e+12	0	-0.810356	-1.14187	0	-1.01295e-08	-1.42735e-08	0
338	5e+24	3.99997e+12	4.49994e+12	0	-0.736233	-1.56025	0	-9.20298e-09	-1.95036e-08	0
339	5e+24	3.99997e+12	4.7499e+12	0	-0.650501	-2.42713	0	-8.13135e-09	-3.03418e-08	0
340	5e+24	4.24997e+12	9.26516e+07	0	-0.834638	2.31634	0	-1.04331e-08	2.8957e-08	0
341	5e+24	4.24996e+12	2.50059e+11	0	-0.961745	1.46354	0	-1.20219e-08	1.82946e-08	0
342	5e+24	4.24996e+12	5.00043e+11	0	-1.06397	1.06397	0	-1.32997e-08	1.32997e-08	0
343	5e+24	4.24995e+12	7.50032e+11	0	-1.14187	0.810356	0	-1.42735e-08	1.01295e-08	0
344	5e+24	4.24995e+12	1.00003e+12	0	-1.20029	0.625598	0	-1.50038e-08	7.82002e-09	0
345	5e+24	4.24995e+12	1.25002e+12	0	-1.24371	0.478819	0	-1.55466e-08	5.98527e-09	0
346	5e+24	4.24995e+12	1.50001e+12	0	-1.2754	0.35483	0	-1.59427e-08	4.4354e-09	0
347	5e+24	4.24995e+12	1.75001e+12	0	-1.29755	0.245019	0	-1.62196e-08	3.06275e-09	0
348	5e+24	4.24995e+12	2.00001e+12	0	-1.31161	0.143881	0	-1.63954e-08	1.79852e-09	0
349	5e+24	4.24995e+12	2.25e+12	0	-1.31844	0.0474603	0	-1.64808e-08	5.93256e-10	0
350	5e+24	4.24995e+12	2.5e+12	0	-1.31844	-0.0474603	0	-1.64808e-08	-5.93256e-10	0
351	5e+24	4.24995e+12	2.74999e+12	0	-1.31161	-0.143881	0	-1.63954e-08	-1.79852e-09	0
352	5e+24	4.24995e+12	2.99999e+12	0	-1.29755	-0.245019	0	-1.62196e-08	-3.06275e-09	0
353	5e+24	4.24995e+12	3.24999e+12	0	-1.2754	-0.35483	0	-1.59427e-08	-4.4354e-09	0
354	5e+24	4.24995e+12	3.49998e+12	0	-1.24371	-0.478819	0	-1.55466e-08	-5.98527e-09	0
355	5e+24	4.24995e+12	3.74997e+12	0	-1.20029	-0.625598	0	-1.50038e-08	-7.82002e-09	0
356	5e+24	4.24995e+12	3.99997e+12	0	-1.14187	-0.810356	0	-1.42735e-08	-1.01295e-08	0
357	5e+24	4.24996e+12	4.24996e+12	0	-1.06397	-1.06397	0	-1.32997e-08	-1.32997e-08	0
358	5e+24	4.24996e+12	4.49994e+12	0	-0.961745	-1.46354	0	-1.20219e-08	-1.82946e-08	0
359	5e+24	4.24997e+12	4.74991e+12	0	-0.834638	-2.31634	0	-1.04331e-08	-2.8957e-08	0
360	5e+24	4.49996e+12	8.54715e+07	0	-1.1186	2.13684	0	-1.39827e-08	2.6713e-08	0
361	5e+24	4.49995e+12	2.50053e+11	0	-1.32288	1.32288	0	-1.65363e-08	1.65363e-08	0
362	5e+24	4.49994e+12	5.00038e+11	0	-1.46354	0.961745	0	-1.82946e-08	1.20219e-08	0
363	5e+24	4.49994e+12	7.50029e+11	0	-1.56025	0.736233	0	-1.95036e-08	9.20298e-09	0
364	5e+24	4.49993e+12	1.00002e+12	0	-1.6287	0.571446	0	-2.03592e-08	7.14311e-09	0
365	5e+24	4.49993e+12	1.25002e+12	0	-1.67793	0.439366	0	-2.09746e-08	5.4921e-09	0
366	5e+24	4.49993e+12	1.50001e+12	0	-1.71316	0.326742	0	-2.1415e-08	4.0843e-09	0
367	5e+24	4.49993e+12	1.75001e+12	0	-1.73752	0.226198	0	-2.17195e-08	2.82749e-09	0
368	5e+24	4.49993e+12	2.00001e+12	0	-1.75288	0.133047	0	-2.19115e-08	1.6631e-09	0
369	5e+24	4.49993e+12	2.25e+12	0	-1.76031	0.0439222	0	-2.20044e-08	5.4903e-10	0
370	5e+24	4.49993e+12	2.5e+12	0	-1.76031	-0.0439222	0	-2.20044e-08	-5.4903e-10	0
371	5e+24	4.49993e+12	2.74999e+12	0	-1.75288	-0.133047	0	-2.19115e-08	-1.6631e-09	0
372	5e+24	4.49993e+12	2.99999e+12	0	-1.73752	-0.226198	0	-2.17195e-08	-2.82749e-09	0
373	5e+24	4.49993e+12	3.24999e+12	0	-1.71316	-0.326742	0	-2.1415e-08	-4.0843e-09	0
374	5e+24	4.49993e+12	3.49998e+12	0	-1.67793	-0.439366	0	-2.09746e-08	-5.4921e-09	0
375	5e+24	4.49993e+12	3.74998e+12	0	-1.6287	-0.571446	0	-2.03592e-08	-7.14311e-09	0
376	5e+24	4.49994e+12	3.99997e+12	0	-1.56025	-0.736233	0	-1.95036e-08	-9.20298e-09	0
377	5e+24	4.49994e+12	4.24996e+12	0	-1.46354	-0.961745	0	-1.82946e-08	-1.20219e-08	0
378	5e+24	4.49995e+12	4.49995e+12	0	-1.32288	-1.32288	0	-1.65363e-08	-1.65363e-08	0
379	5e+24	4.49996e+12	4.74991e+12	0	-1.1186	-2.13684	0	-1.39827e-08	-2.6713e-08	0
380	5e+24	4.74993e+12	7.12314e+07	0	-1.78083	1.78083	0	-2.22625e-08	2.22625e-08	0
381	5e+24	4.74991e+12	2.50045e+11	0	-2.13684	1.1186	0	-2.6713e-08	1.39827e-08	0
382	5e+24	4.74991e+12	5.00033e+11	0	-2.31634	0.834638	0	-2.8957e-08	1.04331e-08	0
383	5e+24	4.7499e+12	7.50026e+11	0	-2.42713	0.650501	0	-3.03418e-08	8.13135e-09	0
384	5e+24	4.7499e+12	1.00002e+12	0	-2.50214	0.511069	0	-3.12795e-08	6.38842e-09	0
385	5e+24	4.7499e+12	1.25002e+12	0	-2.55497	0.396251	0	-3.19398e-08	4.95318e-09	0
386	5e+24	4.7499e+12	1.50001e+12	0	-2.59235	0.296398	0	-3.24071e-08	3.70501e-09	0
387	5e+24	4.7499e+12	1.75001e+12	0	-2.61804	0.206001	0	-3.27282e-08	2.57503e-09	0
388	5e+24	4.74989e+12	2e+12	0	-2.63418	0.121465	0	-3.29299e-08	1.51832e-09	0
389	5e+24	4.74989e+12	2.25e+12	0	-2.64198	0.0401457	0	-3.30274e-08	5.01825e-10	0
390	5e+24	4.74989e+12	2.5e+12	0	-2.64198	-0.0401457	0	-3.30274e-08	-5.01825e-10	0
391	5e+24	4.74989e+12	2.75e+12	0	-2.63418	-0.121465	0	-3.29299e-08	-1.51832e-09	0
392	5e+24	4.7499e+12	2.99999e+12	0	-2.61804	-0.206001	0	-3.27282e-08	-2.57503e-09	0
393	5e+24	4.7499e+12	3.24999e+12	0	-2.59235	-0.296398	0	-3.24071e-08	-3.70501e-09	0
394	5e+24	4.7499e+12	3.49998e+12	0	-2.55497	-0.396251	0	-3.19398e-08	-4.95318e-09	0
395	5e+24	4.7499e+12	3.74998e+12	0	-2.50214	-0.511069	0	-3.12795e-08	-6.38842e-09	0
396	5e+24	4.7499e+12	3.99997e+12	0	-2.42713	-0.650501	0	-3.03418e-08	-8.13135e-09	0
397	5e+24	4.74991e+12	4.24997e+12	0	-2.31634	-0.834638	0	-2.8957e-08	-1.04331e-08	0
398	5e+24	4.74991e+12	4.49996e+12	0	-2.13684	-1.1186	0	-2.6713e-08	-1.39827e-08	0
399	5e+24	4.74993e+12	4.74993e+12	0	-1.78083	-1.78083	0	-2.22625e-08	-2.22625e-08	0
