400
0	5e+24	9.01529e+07	9.01529e+07	0	2.00346	2.00346	0	2.22633e-08	2.22633e-08	0
1	5e+24	1.08176e+08	2.50057e+11	0	2.40397	1.25843	0	2.6714e-08	1.39829e-08	0
2	5e+24	1.17263e+08	5.00042e+11	0	2.60592	0.93897	0	2.8958e-08	1.04332e-08	0
3	5e+24	1.22871e+08	7.50033e+11	0	2.73055	0.731814	0	3.03429e-08	8.13139e-09	0
4	5e+24	1.26669e+08	1.00003e+12	0	2.81494	0.574953	0	3.12806e-08	6.38845e-09	0
5	5e+24	1.29343e+08	1.25002e+12	0	2.87437	0.445783	0	3.19408e-08	4.95319e-09	0
6	5e+24	1.31236e+08	1.50002e+12	0	2.91643	0.333448	0	3.24082e-08	3.70502e-09	0
7	5e+24	1.32536e+08	1.75001e+12	0	2.94533	0.231752	0	3.27292e-08	2.57504e-09	0
8	5e+24	1.33353e+08	2.00001e+12	0	2.96348	0.136648	0	3.2931e-08	1.51832e-09	0
9	5e+24	1.33748e+08	2.25e+12	0	2.97226	0.0451639	0	3.30284e-08	5.01826e-10	0
10	5e+24	1.33748e+08	2.5e+12	0	2.97226	-0.0451639	0	3.30284e-08	-5.01826e-10	0
11	5e+24	1.33353e+08	2.74999e+12	0	2.96348	-0.136648	0	3.2931e-08	-1.51832e-09	0
12	5e+24	1.32536e+08	2.99999e+12	0	2.94533	-0.231752	0	3.27292e-08	-2.57504e-09	0
13	5e+24	1.31236e+08	3.24998e+12	0	2.91643	-0.333448	0	3.24082e-08	-3.70502e-09	0
14	5e+24	1.29343e+08	3.49998e+12	0	2.87437	-0.445783	0	3.19408e-08	-4.95319e-09	0
15	5e+24	1.26669e+08	3.74997e+12	0	2.81494	-0.574953	0	3.12806e-08	-6.38845e-09	0
16	5e+24	1.22871e+08	3.99997e+12	0	2.73055	-0.731814	0	3.03429e-08	-8.13139e-09	0
17	5e+24	1.17263e+08	4.24996e+12	0	2.60592	-0.93897	0	2.8958e-08	-1.04332e-08	0
18	5e+24	1.08176e+08	4.49994e+12	0	2.40397	-1.25843	0	2.6714e-08	-1.39829e-08	0
19	5e+24	9.01529e+07	4.74991e+12	0	2.00346	-2.00346	0	2.22633e-08	-2.22633e-08	0
20	5e+24	2.50057e+11	1.08176e+08	0	1.25843	2.40397	0	1.39829e-08	2.6714e-08	0
21	5e+24	2.50067e+11	2.50067e+11	0	1.48824	1.48824	0	1.65364e-08	1.65364e-08	0
22	5e+24	2.50074e+11	5.00049e+11	0	1.64649	1.08196	0	1.82948e-08	1.2022e-08	0
23	5e+24	2.50079e+11	7.50037e+11	0	1.75529	0.828262	0	1.95038e-08	9.20301e-09	0
24	5e+24	2.50082e+11	1.00003e+12	0	1.83229	0.642877	0	2.03594e-08	7.14313e-09	0
25	5e+24	2.50085e+11	1.25002e+12	0	1.88768	0.494287	0	2.09748e-08	5.49211e-09	0
26	5e+24	2.50087e+11	1.50002e+12	0	1.92732	0.367585	0	2.14152e-08	4.0843e-09	0
27	5e+24	2.50088e+11	1.75001e+12	0	1.95472	0.254473	0	2.17197e-08	2.8275e-09	0
28	5e+24	2.50089e+11	2.00001e+12	0	1.972	0.149678	0	2.19117e-08	1.6631e-09	0
29	5e+24	2.50089e+11	2.25e+12	0	1.98036	0.0494125	0	2.20046e-08	5.49031e-10	0
30	5e+24	2.50089e+11	2.5e+12	0	1.98036	-0.0494125	0	2.20046e-08	-5.49031e-10	0
31	5e+24	2.50089e+11	2.74999e+12	0	1.972	-0.149678	0	2.19117e-08	-1.6631e-09	0
32	5e+24	2.50088e+11	2.99999e+12	0	1.95472	-0.254473	0	2.17197e-08	-2.8275e-09	0
33	5e+24	2.50087e+11	3.24998e+12	0	1.92732	-0.367585	0	2.14152e-08	-4.0843e-09	0
34	5e+24	2.50085e+11	3.49998e+12	0	1.88768	-0.494287	0	2.09748e-08	-5.49211e-09	0
35	5e+24	2.50082e+11	3.74997e+12	0	1.83229	-0.642877	0	2.03594e-08	-7.14313e-09	0
36	5e+24	2.50079e+11	3.99996e+12	0	1.75529	-0.828262	0	1.95038e-08	-9.20301e-09	0
37	5e+24	2.50074e+11	4.24995e+12	0	1.64649	-1.08196	0	1.82948e-08	-1.2022e-08	0
38	5e+24	2.50067e+11	4.49993e+12	0	1.48824	-1.48824	0	1.65364e-08	-1.65364e-08	0
39	5e+24	2.50057e+11	4.74989e+12	0	1.25843	-2.40397	0	1.39829e-08	-2.6714e-08	0
40	5e+24	5.00042e+11	1.17263e+08	0	0.93897	2.60592	0	1.04332e-08	2.8958e-08	0
41	5e+24	5.00049e+11	2.50074e+11	0	1.08196	1.64649	0	1.2022e-08	1.82948e-08	0
42	5e+24	5.00054e+11	5.00054e+11	0	1.19696	1.19696	0	1.32998e-08	1.32998e-08	0
43	5e+24	5.00058e+11	7.50041e+11	0	1.2846	0.911651	0	1.42736e-08	1.01296e-08	0
44	5e+24	5.00061e+11	1.00003e+12	0	1.35033	0.703798	0	1.50039e-08	7.82004e-09	0
45	5e+24	5.00063e+11	1.25002e+12	0	1.39918	0.538672	0	1.55467e-08	5.98528e-09	0
46	5e+24	5.00065e+11	1.50002e+12	0	1.43482	0.399184	0	1.59428e-08	4.43541e-09	0
47	5e+24	5.00066e+11	1.75001e+12	0	1.45975	0.275647	0	1.62197e-08	3.06276e-09	0
48	5e+24	5.00066e+11	2.00001e+12	0	1.47557	0.161866	0	1.63955e-08	1.79852e-09	0
49	5e+24	5.00067e+11	2.25e+12	0	1.48325	0.0533929	0	1.64809e-08	5.93257e-10	0
50	5e+24	5.00067e+11	2.5e+12	0	1.48325	-0.0533929	0	1.64809e-08	-5.93257e-10	0
51	5e+24	5.00066e+11	2.74999e+12	0	1.47557	-0.161866	0	1.63955e-08	-1.79852e-09	0
52	5e+24	5.00066e+11	2.99999e+12	0	1.45975	-0.275647	0	1.62197e-08	-3.06276e-09	0
53	5e+24	5.00065e+11	3.24998e+12	0	1.43482	-0.399184	0	1.59428e-08	-4.43541e-09	0
54	5e+24	5.00063e+11	3.49998e+12	0	1.39918	-0.538672	0	1.55467e-08	-5.98528e-09	0
55	5e+24	5.00061e+11	3.74997e+12	0	1.35033	-0.703798	0	1.50039e-08	-7.82004e-09	0
56	5e+24	5.00058e+11	3.99996e+12	0	1.2846	-0.911651	0	1.42736e-08	-1.01296e-08	0
57	5e+24	5.00054e+11	4.24995e+12	0	1.19696	-1.19696	0	1.32998e-08	-1.32998e-08	0
58	5e+24	5.00049e+11	4.49993e+12	0	1.08196	-1.64649	0	1.2022e-08	-1.82948e-08	0
59	5e+24	5.00042e+11	4.74988e+12	0	0.93897	-2.60592	0	1.04332e-08	-2.8958e-08	0
60	5e+24	7.50033e+11	1.22871e+08	0	0.731814	2.73055	0	8.13139e-09	3.03429e-08	0
61	5e+24	7.50037e+11	2.50079e+11	0	0.828262	1.75529	0	9.20301e-09	1.95038e-08	0
62	5e+24	7.50041e+11	5.00058e+11	0	0.911651	1.2846	0	1.01296e-08	1.42736e-08	0
63	5e+24	7.50044e+11	7.50044e+11	0	0.979691	0.979691	0	1.08856e-08	1.08856e-08	0
64	5e+24	7.50046e+11	1.00003e+12	0	1.03333	0.755644	0	1.14816e-08	8.39611e-09	0
65	5e+24	7.50048e+11	1.25003e+12	0	1.07454	0.577434	0	1.19395e-08	6.41598e-09	0
66	5e+24	7.5005e+11	1.50002e+12	0	1.10527	0.427226	0	1.2281e-08	4.74698e-09	0
67	5e+24	7.50051e+11	1.75001e+12	0	1.12706	0.294621	0	1.25231e-08	3.27359e-09	0
68	5e+24	7.50051e+11	2.00001e+12	0	1.14101	0.172849	0	1.2678e-08	1.92056e-09	0
69	5e+24	7.50052e+11	2.25e+12	0	1.14781	0.0569892	0	1.27536e-08	6.33217e-10	0
70	5e+24	7.50052e+11	2.5e+12	0	1.14781	-0.0569892	0	1.27536e-08	-6.33217e-10	0
71	5e+24	7.50051e+11	2.74999e+12	0	1.14101	-0.172849	0	1.2678e-08	-1.92056e-09	0
72	5e+24	7.50051e+11	2.99999e+12	0	1.12706	-0.294621	0	1.25231e-08	-3.27359e-09	0
73	5e+24	7.5005e+11	3.24998e+12	0	1.10527	-0.427226	0	1.2281e-08	-4.74698e-09	0
74	5e+24	7.50048e+11	3.49997e+12	0	1.07454	-0.577434	0	1.19395e-08	-6.41598e-09	0
75	5e+24	7.50046e+11	3.74997e+12	0	1.03333	-0.755644	0	1.14816e-08	-8.39611e-09	0
76	5e+24	7.50044e+11	3.99996e+12	0	0.979691	-0.979691	0	1.08856e-08	-1.08856e-08	0
77	5e+24	7.50041e+11	4.24994e+12	0	0.911651	-1.2846	0	1.01296e-08	-1.42736e-08	0
78	5e+24	7.50037e+11	4.49992e+12	0	0.828262	-1.75529	0	9.20301e-09	-1.95038e-08	0
79	5e+24	7.50033e+11	4.74988e+12	0	0.731814	-2.73055	0	8.13139e-09	-3.03429e-08	0
80	5e+24	1.00003e+12	1.26669e+08	0	0.574953	2.81494	0	6.38845e-09	3.12806e-08	0
81	5e+24	1.00003e+12	2.50082e+11	0	0.642877	1.83229	0	7.14313e-09	2.03594e-08	0
82	5e+24	1.00003e+12	5.00061e+11	0	0.703798	1.35033	0	7.82004e-09	1.50039e-08	0
83	5e+24	1.00003e+12	7.50046e+11	0	0.755644	1.03333	0	8.39611e-09	1.14816e-08	0
84	5e+24	1.00004e+12	1.00004e+12	0	0.798039	0.798039	0	8.86719e-09	8.86719e-09	0
85	5e+24	1.00004e+12	1.25003e+12	0	0.831544	0.609945	0	9.23947e-09	6.77721e-09	0
86	5e+24	1.00004e+12	1.50002e+12	0	0.85703	0.451145	0	9.52266e-09	5.01276e-09	0
87	5e+24	1.00004e+12	1.75001e+12	0	0.875347	0.310984	0	9.72618e-09	3.45539e-09	0
88	5e+24	1.00004e+12	2.00001e+12	0	0.887174	0.182382	0	9.8576e-09	2.02648e-09	0
89	5e+24	1.00004e+12	2.25e+12	0	0.892972	0.0601201	0	9.92202e-09	6.68005e-10	0
90	5e+24	1.00004e+12	2.5e+12	0	0.892972	-0.0601201	0	9.92202e-09	-6.68005e-10	0
91	5e+24	1.00004e+12	2.74999e+12	0	0.887174	-0.182382	0	9.8576e-09	-2.02648e-09	0
92	5e+24	1.00004e+12	2.99999e+12	0	0.875347	-0.310984	0	9.72618e-09	-3.45539e-09	0
93	5e+24	1.00004e+12	3.24998e+12	0	0.85703	-0.451145	0	9.52266e-09	-5.01276e-09	0
94	5e+24	1.00004e+12	3.49997e+12	0	0.831544	-0.609945	0	9.23947e-09	-6.77721e-09	0
95	5e+24	1.00004e+12	3.74996e+12	0	0.798039	-0.798039	0	8.86719e-09	-8.86719e-09	0
96	5e+24	1.00003e+12	3.99995e+12	0	0.755644	-1.03333	0	8.39611e-09	-1.14816e-08	0
97	5e+24	1.00003e+12	4.24994e+12	0	0.703798	-1.35033	0	7.82004e-09	-1.50039e-08	0
98	5e+24	1.00003e+12	4.49992e+12	0	0.642877	-1.83229	0	7.14313e-09	-2.03594e-08	0
99	5e+24	1.00003e+12	4.74987e+12	0	0.574953	-2.81494	0	6.38845e-09	-3.12806e-08	0
100	5e+24	1.25002e+12	1.29343e+08	0	0.445783	2.87437	0	4.95319e-09	3.19408e-08	0
101	5e+24	1.25002e+12	2.50085e+11	0	0.494287	1.88768	0	5.49211e-09	2.09748e-08	0
102	5e+24	1.25002e+12	5.00063e+11	0	0.538672	1.39918	0	5.98528e-09	1.55467e-08	0
103	5e+24	1.25003e+12	7.50048e+11	0	0.577434	1.07454	0	6.41598e-09	1.19395e-08	0
104	5e+24	1.25003e+12	1.00004e+12	0	0.609945	0.831544	0	6.77721e-09	9.23947e-09	0
105	5e+24	1.25003e+12	1.25003e+12	0	0.636193	0.636193	0	7.06887e-09	7.06887e-09	0
106	5e+24	1.25003e+12	1.50002e+12	0	0.656492	0.470756	0	7.29442e-09	5.23066e-09	0
107	5e+24	1.25003e+12	1.75001e+12	0	0.671256	0.324539	0	7.45847e-09	3.60601e-09	0
108	5e+24	1.25003e+12	2.00001e+12	0	0.680865	0.190331	0	7.56524e-09	2.1148e-09	0
109	5e+24	1.25003e+12	2.25e+12	0	0.685597	0.0627384	0	7.61781e-09	6.97097e-10	0
110	5e+24	1.25003e+12	2.5e+12	0	0.685597	-0.0627384	0	7.61781e-09	-6.97097e-10	0
111	5e+24	1.25003e+12	2.74999e+12	0	0.680865	-0.190331	0	7.56524e-09	-2.1148e-09	0
112	5e+24	1.25003e+12	2.99999e+12	0	0.671256	-0.324539	0	7.45847e-09	-3.60601e-09	0
113	5e+24	1.25003e+12	3.24998e+12	0	0.656492	-0.470756	0	7.29442e-09	-5.23066e-09	0
114	5e+24	1.25003e+12	3.49997e+12	0	0.636193	-0.636193	0	7.06887e-09	-7.06887e-09	0
115	5e+24	1.25003e+12	3.74996e+12	0	0.609945	-0.831544	0	6.77721e-09	-9.23947e-09	0
116	5e+24	1.25003e+12	3.99995e+12	0	0.577434	-1.07454	0	6.41598e-09	-1.19395e-08	0
117	5e+24	1.25002e+12	4.24994e+12	0	0.538672	-1.39918	0	5.98528e-09	-1.55467e-08	0
118	5e+24	1.25002e+12	4.49992e+12	0	0.494287	-1.88768	0	5.49211e-09	-2.09748e-08	0
119	5e+24	1.25002e+12	4.74987e+12	0	0.445783	-2.87437	0	4.95319e-09	-3.19408e-08	0
120	5e+24	1.50002e+12	1.31236e+08	0	0.333448	2.91643	0	3.70502e-09	3.24082e-08	0
121	5e+24	1.50002e+12	2.50087e+11	0	0.367585	1.92732	0	4.0843e-09	2.14152e-08	0
122	5e+24	1.50002e+12	5.00065e+11	0	0.399184	1.43482	0	4.43541e-09	1.59428e-08	0
123	5e+24	1.50002e+12	7.5005e+11	0	0.427226	1.10527	0	4.74698e-09	1.2281e-08	0
124	5e+24	1.50002e+12	1.00004e+12	0	0.451145	0.85703	0	5.01276e-09	9.52266e-09	0
125	5e+24	1.50002e+12	1.25003e+12	0	0.470756	0.656492	0	5.23066e-09	7.29442e-09	0
126	5e+24	1.50002e+12	1.50002e+12	0	0.486115	0.486115	0	5.40132e-09	5.40132e-09	0
127	5e+24	1.50002e+12	1.75002e+12	0	0.497393	0.33525	0	5.52663e-09	3.72503e-09	0
128	5e+24	1.50002e+12	2.00001e+12	0	0.504781	0.196647	0	5.60872e-09	2.18498e-09	0
129	5e+24	1.50002e+12	2.25e+12	0	0.508433	0.0648246	0	5.6493e-09	7.20278e-10	0
130	5e+24	1.50002e+12	2.5e+12	0	0.508433	-0.0648246	0	5.6493e-09	-7.20278e-10	0
131	5e+24	1.50002e+12	2.74999e+12	0	0.504781	-0.196647	0	5.60872e-09	-2.18498e-09	0
132	5e+24	1.50002e+12	2.99998e+12	0	0.497393	-0.33525	0	5.52663e-09	-3.72503e-09	0
133	5e+24	1.50002e+12	3.24998e+12	0	0.486115	-0.486115	0	5.40132e-09	-5.40132e-09	0
134	5e+24	1.50002e+12	3.49997e+12	0	0.470756	-0.656492	0	5.23066e-09	-7.29442e-09	0
135	5e+24	1.50002e+12	3.74996e+12	0	0.451145	-0.85703	0	5.01276e-09	-9.52266e-09	0
136	5e+24	1.50002e+12	3.99995e+12	0	0.427226	-1.10527	0	4.74698e-09	-1.2281e-08	0
137	5e+24	1.50002e+12	4.24994e+12	0	0.399184	-1.43482	0	4.43541e-09	-1.59428e-08	0
138	5e+24	1.50002e+12	4.49991e+12	0	0.367585	-1.92732	0	4.0843e-09	-2.14152e-08	0
139	5e+24	1.50002e+12	4.74987e+12	0	0.333448	-2.91643	0	3.70502e-09	-3.24082e-08	0
140	5e+24	1.75001e+12	1.32536e+08	0	0.231752	2.94533	0	2.57504e-09	3.27292e-08	0
141	5e+24	1.75001e+12	2.50088e+11	0	0.254473	1.95472	0	2.8275e-09	2.17197e-08	0
142	5e+24	1.75001e+12	5.00066e+11	0	0.275647	1.45975	0	3.06276e-09	1.62197e-08	0
143	5e+24	1.75001e+12	7.50051e+11	0	0.294621	1.12706	0	3.27359e-09	1.25231e-08	0
144	5e+24	1.75001e+12	1.00004e+12	0	0.310984	0.875347	0	3.45539e-09	9.72618e-09	0
145	5e+24	1.75001e+12	1.25003e+12	0	0.324539	0.671256	0	3.60601e-09	7.45847e-09	0
146	5e+24	1.75002e+12	1.50002e+12	0	0.33525	0.497393	0	3.72503e-09	5.52663e-09	0
147	5e+24	1.75002e+12	1.75002e+12	0	0.34317	0.34317	0	3.81303e-09	3.81303e-09	0
148	5e+24	1.75002e+12	2.00001e+12	0	0.348384	0.201338	0	3.87096e-09	2.2371e-09	0
149	5e+24	1.75002e+12	2.25e+12	0	0.350969	0.0663775	0	3.89968e-09	7.37533e-10	0
150	5e+24	1.75002e+12	2.5e+12	0	0.350969	-0.0663775	0	3.89968e-09	-7.37533e-10	0
151	5e+24	1.75002e+12	2.74999e+12	0	0.348384	-0.201338	0	3.87096e-09	-2.2371e-09	0
152	5e+24	1.75002e+12	2.99998e+12	0	0.34317	-0.34317	0	3.81303e-09	-3.81303e-09	0
153	5e+24	1.75002e+12	3.24998e+12	0	0.33525	-0.497393	0	3.72503e-09	-5.52663e-09	0
154	5e+24	1.75001e+12	3.49997e+12	0	0.324539	-0.671256	0	3.60601e-09	-7.45847e-09	0
155	5e+24	1.75001e+12	3.74996e+12	0	0.310984	-0.875347	0	3.45539e-09	-9.72618e-09	0
156	5e+24	1.75001e+12	3.99995e+12	0	0.294621	-1.12706	0	3.27359e-09	-1.25231e-08	0
157	5e+24	1.75001e+12	4.24993e+12	0	0.275647	-1.45975	0	3.06276e-09	-1.62197e-08	0
158	5e+24	1.75001e+12	4.49991e+12	0	0.254473	-1.95472	0	2.8275e-09	-2.17197e-08	0
159	5e+24	1.75001e+12	4.74987e+12	0	0.231752	-2.94533	0	2.57504e-09	-3.27292e-08	0
160	5e+24	2.00001e+12	1.33353e+08	0	0.136648	2.96348	0	1.51832e-09	3.2931e-08	0
161	5e+24	2.00001e+12	2.50089e+11	0	0.149678	1.972	0	1.6631e-09	2.19117e-08	0
162	5e+24	2.00001e+12	5.00066e+11	0	0.161866	1.47557	0	1.79852e-09	1.63955e-08	0
163	5e+24	2.00001e+12	7.50051e+11	0	0.172849	1.14101	0	1.92056e-09	1.2678e-08	0
164	5e+24	2.00001e+12	1.00004e+12	0	0.182382	0.887174	0	2.02648e-09	9.8576e-09	0
165	5e+24	2.00001e+12	1.25003e+12	0	0.190331	0.680865	0	2.1148e-09	7.56524e-09	0
166	5e+24	2.00001e+12	1.50002e+12	0	0.196647	0.504781	0	2.18498e-09	5.60872e-09	0
167	5e+24	2.00001e+12	1.75002e+12	0	0.201338	0.348384	0	2.2371e-09	3.87096e-09	0
168	5e+24	2.00001e+12	2.00001e+12	0	0.204436	0.204436	0	2.27153e-09	2.27153e-09	0
169	5e+24	2.00001e+12	2.25e+12	0	0.205975	0.0674048	0	2.28862e-09	7.48947e-10	0
170	5e+24	2.00001e+12	2.5e+12	0	0.205975	-0.0674048	0	2.28862e-09	-7.48947e-10	0
171	5e+24	2.00001e+12	2.74999e+12	0	0.204436	-0.204436	0	2.27153e-09	-2.27153e-09	0
172	5e+24	2.00001e+12	2.99998e+12	0	0.201338	-0.348384	0	2.2371e-09	-3.87096e-09	0
173	5e+24	2.00001e+12	3.24998e+12	0	0.196647	-0.504781	0	2.18498e-09	-5.60872e-09	0
174	5e+24	2.00001e+12	3.49997e+12	0	0.190331	-0.680865	0	2.1148e-09	-7.56524e-09	0
175	5e+24	2.00001e+12	3.74996e+12	0	0.182382	-0.887174	0	2.02648e-09	-9.8576e-09	0
176	5e+24	2.00001e+12	3.99995e+12	0	0.172849	-1.14101	0	1.92056e-09	-1.2678e-08	0
177	5e+24	2.00001e+12	4.24993e+12	0	0.161866	-1.47557	0	1.79852e-09	-1.63955e-08	0
178	5e+24	2.00001e+12	4.49991e+12	0	0.149678	-1.972	0	1.6631e-09	-2.19117e-08	0
179	5e+24	2.00001e+12	4.74987e+12	0	0.136648	-2.96348	0	1.51832e-09	-3.2931e-08	0
180	5e+24	2.25e+12	1.33748e+08	0	0.0451639	2.97226	0	5.01826e-10	3.30284e-08	0
181	5e+24	2.25e+12	2.50089e+11	0	0.0494125	1.98036	0	5.49031e-10	2.20046e-08	0
182	5e+24	2.25e+12	5.00067e+11	0	0.0533929	1.48325	0	5.93257e-10	1.64809e-08	0
183	5e+24	2.25e+12	7.50052e+11	0	0.0569892	1.14781	0	6.33217e-10	1.27536e-08	0
184	5e+24	2.25e+12	1.00004e+12	0	0.0601201	0.892972	0	6.68005e-10	9.92202e-09	0
185	5e+24	2.25e+12	1.25003e+12	0	0.0627384	0.685597	0	6.97097e-10	7.61781e-09	0
186	5e+24	2.25e+12	1.50002e+12	0	0.0648246	0.508433	0	7.20278e-10	5.6493e-09	0
187	5e+24	2.25e+12	1.75002e+12	0	0.0663775	0.350969	0	7.37533e-10	3.89968e-09	0
188	5e+24	2.25e+12	2.00001e+12	0	0.0674048	0.205975	0	7.48947e-10	2.28862e-09	0
189	5e+24	2.25e+12	2.25e+12	0	0.0679155	0.0679155	0	7.54622e-10	7.54622e-10	0
190	5e+24	2.25e+12	2.5e+12	0	0.0679155	-0.0679155	0	7.54622e-10	-7.54622e-10	0
191	5e+24	2.25e+12	2.74999e+12	0	0.0674048	-0.205975	0	7.48947e-10	-2.28862e-09	0
192	5e+24	2.25e+12	2.99998e+12	0	0.0663775	-0.350969	0	7.37533e-10	-3.89968e-09	0
193	5e+24	2.25e+12	3.24998e+12	0	0.0648246	-0.508433	0	7.20278e-10	-5.6493e-09	0
194	5e+24	2.25e+12	3.49997e+12	0	0.0627384	-0.685597	0	6.97097e-10	-7.61781e-09	0
195	5e+24	2.25e+12	3.74996e+12	0	0.0601201	-0.892972	0	6.68005e-10	-9.92202e-09	0
196	5e+24	2.25e+12	3.99995e+12	0	0.0569892	-1.14781	0	6.33217e-10	-1.27536e-08	0
197	5e+24	2.25e+12	4.24993e+12	0	0.0533929	-1.48325	0	5.93257e-10	-1.64809e-08	0
198	5e+24	2.25e+12	4.49991e+12	0	0.0494125	-1.98036	0	5.49031e-10	-2.20046e-08	0
199	5e+24	2.25e+12	4.74987e+12	0	0.0451639	-2.97226	0	5.01826e-10	-3.30284e-08	0
200	5e+24	2.5e+12	1.33748e+08	0	-0.0451639	2.97226	0	-5.01826e-10	3.30284e-08	0
201	5e+24	2.5e+12	2.50089e+11	0	-0.0494125	1.98036	0	-5.49031e-10	2.20046e-08	0
202	5e+24	2.5e+12	5.00067e+11	0	-0.0533929	1.48325	0	-5.93257e-10	1.64809e-08	0
203	5e+24	2.5e+12	7.50052e+11	0	-0.0569892	1.14781	0	-6.33217e-10	1.27536e-08	0
204	5e+24	2.5e+12	1.00004e+12	0	-0.0601201	0.892972	0	-6.68005e-10	9.92202e-09	0
205	5e+24	2.5e+12	1.25003e+12	0	-0.0627384	0.685597	0	-6.97097e-10	7.61781e-09	0
206	5e+24	2.5e+12	1.50002e+12	0	-0.0648246	0.508433	0	-7.20278e-10	5.6493e-09	0
207	5e+24	2.5e+12	1.75002e+12	0	-0.0663775	0.350969	0	-7.37533e-10	3.89968e-09	0
208	5e+24	2.5e+12	2.00001e+12	0	-0.0674048	0.205975	0	-7.48947e-10	2.28862e-09	0
209	5e+24	2.5e+12	2.25e+12	0	-0.0679155	0.0679155	0	-7.54622e-10	7.54622e-10	0
210	5e+24	2.5e+12	2.5e+12	0	-0.0679155	-0.0679155	0	-7.54622e-10	-7.54622e-10	0
211	5e+24	2.5e+12	2.74999e+12	0	-0.0674048	-0.205975	0	-7.48947e-10	-2.28862e-09	0
212	5e+24	2.5e+12	2.99998e+12	0	-0.0663775	-0.350969	0	-7.37533e-10	-3.89968e-09	0
213	5e+24	2.5e+12	3.24998e+12	0	-0.0648246	-0.508433	0	-7.20278e-10	-5.6493e-09	0
214	5e+24	2.5e+12	3.49997e+12	0	-0.0627384	-0.685597	0	-6.97097e-10	-7.61781e-09	0
215	5e+24	2.5e+12	3.74996e+12	0	-0.0601201	-0.892972	0	-6.68005e-10	-9.92202e-09	0
216	5e+24	2.5e+12	3.99995e+12	0	-0.0569892	-1.14781	0	-6.33217e-10	-1.27536e-08	0
217	5e+24	2.5e+12	4.24993e+12	0	-0.0533929	-1.48325	0	-5.93257e-10	-1.64809e-08	0
218	5e+24	2.5e+12	4.49991e+12	0	-0.0494125	-1.98036	0	-5.49031e-10	-2.20046e-08	0
219	5e+24	2.5e+12	4.74987e+12	0	-0.0451639	-2.97226	0	-5.01826e-10	-3.30284e-08	0
220	5e+24	2.74999e+12	1.33353e+08	0	-0.136648	2.96348	0	-1.51832e-09	3.2931e-08	0
221	5e+24	2.74999e+12	2.50089e+11	0	-0.149678	1.972	0	-1.6631e-09	2.19117e-08	0
222	5e+24	2.74999e+12	5.00066e+11	0	-0.161866	1.47557	0	-1.79852e-09	1.63955e-08	0
223	5e+24	2.74999e+12	7.50051e+11	0	-0.172849	1.14101	0	-1.92056e-09	1.2678e-08	0
224	5e+24	2.74999e+12	1.00004e+12	0	-0.182382	0.887174	0	-2.02648e-09	9.8576e-09	0
225	5e+24	2.74999e+12	1.25003e+12	0	-0.190331	0.680865	0	-2.1148e-09	7.56524e-09	0
226	5e+24	2.74999e+12	1.50002e+12	0	-0.196647	0.504781	0	-2.18498e-09	5.60872e-09	0
227	5e+24	2.74999e+12	1.75002e+12	0	-0.201338	0.348384	0	-2.2371e-09	3.87096e-09	0
228	5e+24	2.74999e+12	2.00001e+12	0	-0.204436	0.204436	0	-2.27153e-09	2.27153e-09	0
229	5e+24	2.74999e+12	2.25e+12	0	-0.205975	0.0674048	0	-2.28862e-09	7.48947e-10	0
230	5e+24	2.74999e+12	2.5e+12	0	-0.205975	-0.0674048	0	-2.28862e-09	-7.48947e-10	0
231	5e+24	2.74999e+12	2.74999e+12	0	-0.204436	-0.204436	0	-2.27153e-09	-2.27153e-09	0
232	5e+24	2.74999e+12	2.99998e+12	0	-0.201338	-0.348384	0	-2.2371e-09	-3.87096e-09	0
233	5e+24	2.74999e+12	3.24998e+12	0	-0.196647	-0.504781	0	-2.18498e-09	-5.60872e-09	0
234	5e+24	2.74999e+12	3.49997e+12	0	-0.190331	-0.680865	0	-2.1148e-09	-7.56524e-09	0
235	5e+24	2.74999e+12	3.74996e+12	0	-0.182382	-0.887174	0	-2.02648e-09	-9.8576e-09	0
236	5e+24	2.74999e+12	3.99995e+12	0	-0.172849	-1.14101	0	-1.92056e-09	-1.2678e-08	0
237	5e+24	2.74999e+12	4.24993e+12	0	-0.161866	-1.47557	0	-1.79852e-09	-1.63955e-08	0
238	5e+24	2.74999e+12	4.49991e+12	0	-0.149678	-1.972	0	-1.6631e-09	-2.19117e-08	0
239	5e+24	2.74999e+12	4.74987e+12	0	-0.136648	-2.96348	0	-1.51832e-09	-3.2931e-08	0
240	5e+24	2.99999e+12	1.32536e+08	0	-0.231752	2.94533	0	-2.57504e-09	3.27292e-08	0
241	5e+24	2.99999e+12	2.50088e+11	0	-0.254473	1.95472	0	-2.8275e-09	2.17197e-08	0
242	5e+24	2.99999e+12	5.00066e+11	0	-0.275647	1.45975	0	-3.06276e-09	1.62197e-08	0
243	5e+24	2.99999e+12	7.50051e+11	0	-0.294621	1.12706	0	-3.27359e-09	1.25231e-08	0
244	5e+24	2.99999e+12	1.00004e+12	0	-0.310984	0.875347	0	-3.45539e-09	9.72618e-09	0
245	5e+24	2.99999e+12	1.25003e+12	0	-0.324539	0.671256	0	-3.60601e-09	7.45847e-09	0
246	5e+24	2.99998e+12	1.50002e+12	0	-0.33525	0.497393	0	-3.72503e-09	5.52663e-09	0
247	5e+24	2.99998e+12	1.75002e+12	0	-0.34317	0.34317	0	-3.81303e-09	3.81303e-09	0
248	5e+24	2.99998e+12	2.00001e+12	0	-0.348384	0.201338	0	-3.87096e-09	2.2371e-09	0
249	5e+24	2.99998e+12	2.25e+12	0	-0.350969	0.0663775	0	-3.89968e-09	7.37533e-10	0
250	5e+24	2.99998e+12	2.5e+12	0	-0.350969	-0.0663775	0	-3.89968e-09	-7.37533e-10	0
251	5e+24	2.99998e+12	2.74999e+12	0	-0.348384	-0.201338	0	-3.87096e-09	-2.2371e-09	0
252	5e+24	2.99998e+12	2.99998e+12	0	-0.34317	-0.34317	0	-3.81303e-09	-3.81303e-09	0
253	5e+24	2.99998e+12	3.24998e+12	0	-0.33525	-0.497393	0	-3.72503e-09	-5.52663e-09	0
254	5e+24	2.99999e+12	3.49997e+12	0	-0.324539	-0.671256	0	-3.60601e-09	-7.45847e-09	0
255	5e+24	2.99999e+12	3.74996e+12	0	-0.310984	-0.875347	0	-3.45539e-09	-9.72618e-09	0
256	5e+24	2.99999e+12	3.99995e+12	0	-0.294621	-1.12706	0	-3.27359e-09	-1.25231e-08	0
257	5e+24	2.99999e+12	4.24993e+12	0	-0.275647	-1.45975	0	-3.06276e-09	-1.62197e-08	0
258	5e+24	2.99999e+12	4.49991e+12	0	-0.254473	-1.95472	0	-2.8275e-09	-2.17197e-08	0
259	5e+24	2.99999e+12	4.74987e+12	0	-0.231752	-2.94533	0	-2.57504e-09	-3.27292e-08	0
260	5e+24	3.24998e+12	1.31236e+08	0	-0.333448	2.91643	0	-3.70502e-09	3.24082e-08	0
261	5e+24	3.24998e+12	2.50087e+11	0	-0.367585	1.92732	0	-4.0843e-09	2.14152e-08	0
262	5e+24	3.24998e+12	5.00065e+11	0	-0.399184	1.43482	0	-4.43541e-09	1.59428e-08	0
263	5e+24	3.24998e+12	7.5005e+11	0	-0.427226	1.10527	0	-4.74698e-09	1.2281e-08	0
264	5e+24	3.24998e+12	1.00004e+12	0	-0.451145	0.85703	0	-5.01276e-09	9.52266e-09	0
265	5e+24	3.24998e+12	1.25003e+12	0	-0.470756	0.656492	0	-5.23066e-09	7.29442e-09	0
266	5e+24	3.24998e+12	1.50002e+12	0	-0.486115	0.486115	0	-5.40132e-09	5.40132e-09	0
267	5e+24	3.24998e+12	1.75002e+12	0	-0.497393	0.33525	0	-5.52663e-09	3.72503e-09	0
268	5e+24	3.24998e+12	2.00001e+12	0	-0.504781	0.196647	0	-5.60872e-09	2.18498e-09	0
269	5e+24	3.24998e+12	2.25e+12	0	-0.508433	0.0648246	0	-5.6493e-09	7.20278e-10	0
270	5e+24	3.24998e+12	2.5e+12	0	-0.508433	-0.0648246	0	-5.6493e-09	-7.20278e-10	0
271	5e+24	3.24998e+12	2.74999e+12	0	-0.504781	-0.196647	0	-5.60872e-09	-2.18498e-09	0
272	5e+24	3.24998e+12	2.99998e+12	0	-0.497393	-0.33525	0	-5.52663e-09	-3.72503e-09	0
273	5e+24	3.24998e+12	3.24998e+12	0	-0.486115	-0.486115	0	-5.40132e-09	-5.40132e-09	0
274	5e+24	3.24998e+12	3.49997e+12	0	-0.470756	-0.656492	0	-5.23066e-09	-7.29442e-09	0
275	5e+24	3.24998e+12	3.74996e+12	0	-0.451145	-0.85703	0	-5.01276e-09	-9.52266e-09	0
276	5e+24	3.24998e+12	3.99995e+12	0	-0.427226	-1.10527	0	-4.74698e-09	-1.2281e-08	0
277	5e+24	3.24998e+12	4.24994e+12	0	-0.399184	-1.43482	0	-4.43541e-09	-1.59428e-08	0
278	5e+24	3.24998e+12	4.49991e+12	0	-0.367585	-1.92732	0	-4.0843e-09	-2.14152e-08	0
279	5e+24	3.24998e+12	4.74987e+12	0	-0.333448	-2.91643	0	-3.70502e-09	-3.24082e-08	0
280	5e+24	3.49998e+12	1.29343e+08	0	-0.445783	2.87437	0	-4.95319e-09	3.19408e-08	0
281	5e+24	3.49998e+12	2.50085e+11	0	-0.494287	1.88768	0	-5.49211e-09	2.09748e-08	0
282	5e+24	3.49998e+12	5.00063e+11	0	-0.538672	1.39918	0	-5.98528e-09	1.55467e-08	0
283	5e+24	3.49997e+12	7.50048e+11	0	-0.577434	1.07454	0	-6.41598e-09	1.19395e-08	0
284	5e+24	3.49997e+12	1.00004e+12	0	-0.609945	0.831544	0	-6.77721e-09	9.23947e-09	0
285	5e+24	3.49997e+12	1.25003e+12	0	-0.636193	0.636193	0	-7.06887e-09	7.06887e-09	0
286	5e+24	3.49997e+12	1.50002e+12	0	-0.656492	0.470756	0	-7.29442e-09	5.23066e-09	0
287	5e+24	3.49997e+12	1.75001e+12	0	-0.671256	0.324539	0	-7.45847e-09	3.60601e-09	0
288	5e+24	3.49997e+12	2.00001e+12	0	-0.680865	0.190331	0	-7.56524e-09	2.1148e-09	0
289	5e+24	3.49997e+12	2.25e+12	0	-0.685597	0.0627384	0	-7.61781e-09	6.97097e-10	0
290	5e+24	3.49997e+12	2.5e+12	0	-0.685597	-0.0627384	0	-7.61781e-09	-6.97097e-10	0
291	5e+24	3.49997e+12	2.74999e+12	0	-0.680865	-0.190331	0	-7.56524e-09	-2.1148e-09	0
292	5e+24	3.49997e+12	2.99999e+12	0	-0.671256	-0.324539	0	-7.45847e-09	-3.60601e-09	0
293	5e+24	3.49997e+12	3.24998e+12	0	-0.656492	-0.470756	0	-7.29442e-09	-5.23066e-09	0
294	5e+24	3.49997e+12	3.49997e+12	0	-0.636193	-0.636193	0	-7.06887e-09	-7.06887e-09	0
295	5e+24	3.49997e+12	3.74996e+12	0	-0.609945	-0.831544	0	-6.77721e-09	-9.23947e-09	0
296	5e+24	3.49997e+12	3.99995e+12	0	-0.577434	-1.07454	0	-6.41598e-09	-1.19395e-08	0
297	5e+24	3.49998e+12	4.24994e+12	0	-0.538672	-1.39918	0	-5.98528e-09	-1.55467e-08	0
298	5e+24	3.49998e+12	4.49992e+12	0	-0.494287	-1.88768	0	-5.49211e-09	-2.09748e-08	0
299	5e+24	3.49998e+12	4.74987e+12	0	-0.445783	-2.87437	0	-4.95319e-09	-3.19408e-08	0
300	5e+24	3.74997e+12	1.26669e+08	0	-0.574953	2.81494	0	-6.38845e-09	3.12806e-08	0
301	5e+24	3.74997e+12	2.50082e+11	0	-0.642877	1.83229	0	-7.14313e-09	2.03594e-08	0
302	5e+24	3.74997e+12	5.00061e+11	0	-0.703798	1.35033	0	-7.82004e-09	1.50039e-08	0
303	5e+24	3.74997e+12	7.50046e+11	0	-0.755644	1.03333	0	-8.39611e-09	1.14816e-08	0
304	5e+24	3.74996e+12	1.00004e+12	0	-0.798039	0.798039	0	-8.86719e-09	8.86719e-09	0
305	5e+24	3.74996e+12	1.25003e+12	0	-0.831544	0.609945	0	-9.23947e-09	6.77721e-09	0
306	5e+24	3.74996e+12	1.50002e+12	0	-0.85703	0.451145	0	-9.52266e-09	5.01276e-09	0
307	5e+24	3.74996e+12	1.75001e+12	0	-0.875347	0.310984	0	-9.72618e-09	3.45539e-09	0
308	5e+24	3.74996e+12	2.00001e+12	0	-0.887174	0.182382	0	-9.8576e-09	2.02648e-09	0
309	5e+24	3.74996e+12	2.25e+12	0	-0.892972	0.0601201	0	-9.92202e-09	6.68005e-10	0
310	5e+24	3.74996e+12	2.5e+12	0	-0.892972	-0.0601201	0	-9.92202e-09	-6.68005e-10	0
311	5e+24	3.74996e+12	2.74999e+12	0	-0.887174	-0.182382	0	-9.8576e-09	-2.02648e-09	0
312	5e+24	3.74996e+12	2.99999e+12	0	-0.875347	-0.310984	0	-9.72618e-09	-3.45539e-09	0
313	5e+24	3.74996e+12	3.24998e+12	0	-0.85703	-0.451145	0	-9.52266e-09	-5.01276e-09	0
314	5e+24	3.74996e+12	3.49997e+12	0	-0.831544	-0.609945	0	-9.23947e-09	-6.77721e-09	0
315	5e+24	3.74996e+12	3.74996e+12	0	-0.798039	-0.798039	0	-8.86719e-09	-8.86719e-09	0
316	5e+24	3.74997e+12	3.99995e+12	0	-0.755644	-1.03333	0	-8.39611e-09	-1.14816e-08	0
317	5e+24	3.74997e+12	4.24994e+12	0	-0.703798	-1.35033	0	-7.82004e-09	-1.50039e-08	0
318	5e+24	3.74997e+12	4.49992e+12	0	-0.642877	-1.83229	0	-7.14313e-09	-2.03594e-08	0
319	5e+24	3.74997e+12	4.74987e+12	0	-0.574953	-2.81494	0	-6.38845e-09	-3.12806e-08	0
320	5e+24	3.99997e+12	1.22871e+08	0	-0.731814	2.73055	0	-8.13139e-09	3.03429e-08	0
321	5e+24	3.99996e+12	2.50079e+11	0	-0.828262	1.75529	0	-9.20301e-09	1.95038e-08	0
322	5e+24	3.99996e+12	5.00058e+11	0	-0.911651	1.2846	0	-1.01296e-08	1.42736e-08	0
323	5e+24	3.99996e+12	7.50044e+11	0	-0.979691	0.979691	0	-1.08856e-08	1.08856e-08	0
324	5e+24	3.99995e+12	1.00003e+12	0	-1.03333	0.755644	0	-1.14816e-08	8.39611e-09	0
325	5e+24	3.99995e+12	1.25003e+12	0	-1.07454	0.577434	0	-1.19395e-08	6.41598e-09	0
326	5e+24	3.99995e+12	1.50002e+12	0	-1.10527	0.427226	0	-1.2281e-08	4.74698e-09	0
327	5e+24	3.99995e+12	1.75001e+12	0	-1.12706	0.294621	0	-1.25231e-08	3.27359e-09	0
328	5e+24	3.99995e+12	2.00001e+12	0	-1.14101	0.172849	0	-1.2678e-08	1.92056e-09	0
329	5e+24	3.99995e+12	2.25e+12	0	-1.14781	0.0569892	0	-1.27536e-08	6.33217e-10	0
330	5e+24	3.99995e+12	2.5e+12	0	-1.14781	-0.0569892	0	-1.27536e-08	-6.33217e-10	0
331	5e+24	3.99995e+12	2.74999e+12	0	-1.14101	-0.172849	0	-1.2678e-08	-1.92056e-09	0
332	5e+24	3.99995e+12	2.99999e+12	0	-1.12706	-0.294621	0	-1.25231e-08	-3.27359e-09	0
333	5e+24	3.99995e+12	3.24998e+12	0	-1.10527	-0.427226	0	-1.2281e-08	-4.74698e-09	0
334	5e+24	3.99995e+12	3.49997e+12	0	-1.07454	-0.577434	0	-1.19395e-08	-6.41598e-09	0
335	5e+24	3.99995e+12	3.74997e+12	0	-1.03333	-0.755644	0	-1.14816e-08	-8.39611e-09	0
336	5e+24	3.99996e+12	3.99996e+12	0	-0.979691	-0.979691	0	-1.08856e-08	-1.08856e-08	0
337	5e+24	3.99996e+12	4.24994e+12	0	-0.911651	-1.2846	0	-1.01296e-08	-1.42736e-08	0
338	5e+24	3.99996e+12	4.49992e+12	0	-0.828262	-1.75529	0	-9.20301e-09	-1.95038e-08	0
339	5e+24	3.99997e+12	4.74988e+12	0	-0.731814	-2.73055	0	-8.13139e-09	-3.03429e-08	0
340	5e+24	4.24996e+12	1.17263e+08	0	-0.93897	2.60592	0	-1.04332e-08	2.8958e-08	0
341	5e+24	4.24995e+12	2.50074e+11	0	-1.08196	1.64649	0	-1.2022e-08	1.82948e-08	0
342	5e+24	4.24995e+12	5.00054e+11	0	-1.19696	1.19696	0	-1.32998e-08	1.32998e-08	0
343	5e+24	4.24994e+12	7.50041e+11	0	-1.2846	0.911651	0	-1.42736e-08	1.01296e-08	0
344	5e+24	4.24994e+12	1.00003e+12	0	-1.35033	0.703798	0	-1.50039e-08	7.82004e-09	0
345	5e+24	4.24994e+12	1.25002e+12	0	-1.39918	0.538672	0	-1.55467e-08	5.98528e-09	0
346	5e+24	4.24994e+12	1.50002e+12	0	-1.43482	0.399184	0	-1.59428e-08	4.43541e-09	0
347	5e+24	4.24993e+12	1.75001e+12	0	-1.45975	0.275647	0	-1.62197e-08	3.06276e-09	0
348	5e+24	4.24993e+12	2.00001e+12	0	-1.47557	0.161866	0	-1.63955e-08	1.79852e-09	0
349	5e+24	4.24993e+12	2.25e+12	0	-1.48325	0.0533929	0	-1.64809e-08	5.93257e-10	0
350	5e+24	4.24993e+12	2.5e+12	0	-1.48325	-0.0533929	0	-1.64809e-08	-5.93257e-10	0
351	5e+24	4.24993e+12	2.74999e+12	0	-1.47557	-0.161866	0	-1.63955e-08	-1.79852e-09	0
352	5e+24	4.24993e+12	2.99999e+12	0	-1.45975	-0.275647	0	-1.62197e-08	-3.06276e-09	0
353	5e+24	4.24994e+12	3.24998e+12	0	-1.43482	-0.399184	0	-1.59428e-08	-4.43541e-09	0
354	5e+24	4.24994e+12	3.49998e+12	0	-1.39918	-0.538672	0	-1.55467e-08	-5.98528e-09	0
355	5e+24	4.24994e+12	3.74997e+12	0	-1.35033	-0.703798	0	-1.50039e-08	-7.82004e-09	0
356	5e+24	4.24994e+12	3.99996e+12	0	-1.2846	-0.911651	0	-1.42736e-08	-1.01296e-08	0
357	5e+24	4.24995e+12	4.24995e+12	0	-1.19696	-1.19696	0	-1.32998e-08	-1.32998e-08	0
358	5e+24	4.24995e+12	4.49993e+12	0	-1.08196	-1.64649	0	-1.2022e-08	-1.82948e-08	0
359	5e+24	4.24996e+12	4.74988e+12	0	-0.93897	-2.60592	0	-1.04332e-08	-2.8958e-08	0
360	5e+24	4.49994e+12	1.08176e+08	0	-1.25843	2.40397	0	-1.39829e-08	2.6714e-08	0
361	5e+24	4.49993e+12	2.50067e+11	0	-1.48824	1.48824	0	-1.65364e-08	1.65364e-08	0
362	5e+24	4.49993e+12	5.00049e+11	0	-1.64649	1.08196	0	-1.82948e-08	1.2022e-08	0
363	5e+24	4.49992e+12	7.50037e+11	0	-1.75529	0.828262	0	-1.95038e-08	9.20301e-09	0
364	5e+24	4.49992e+12	1.00003e+12	0	-1.83229	0.642877	0	-2.03594e-08	7.14313e-09	0
365	5e+24	4.49992e+12	1.25002e+12	0	-1.88768	0.494287	0	-2.09748e-08	5.49211e-09	0
366	5e+24	4.49991e+12	1.50002e+12	0	-1.92732	0.367585	0	-2.14152e-08	4.0843e-09	0
367	5e+24	4.49991e+12	1.75001e+12	0	-1.95472	0.254473	0	-2.17197e-08	2.8275e-09	0
368	5e+24	4.49991e+12	2.00001e+12	0	-1.972	0.149678	0	-2.19117e-08	1.6631e-09	0
369	5e+24	4.49991e+12	2.25e+12	0	-1.98036	0.0494125	0	-2.20046e-08	5.49031e-10	0
370	5e+24	4.49991e+12	2.5e+12	0	-1.98036	-0.0494125	0	-2.20046e-08	-5.49031e-10	0
371	5e+24	4.49991e+12	2.74999e+12	0	-1.972	-0.149678	0	-2.19117e-08	-1.6631e-09	0
372	5e+24	4.49991e+12	2.99999e+12	0	-1.95472	-0.254473	0	-2.17197e-08	-2.8275e-09	0
373	5e+24	4.49991e+12	3.24998e+12	0	-1.92732	-0.367585	0	-2.14152e-08	-4.0843e-09	0
374	5e+24	4.49992e+12	3.49998e+12	0	-1.88768	-0.494287	0	-2.09748e-08	-5.49211e-09	0
375	5e+24	4.49992e+12	3.74997e+12	0	-1.83229	-0.642877	0	-2.03594e-08	-7.14313e-09	0
376	5e+24	4.49992e+12	3.99996e+12	0	-1.75529	-0.828262	0	-1.95038e-08	-9.20301e-09	0
377	5e+24	4.49993e+12	4.24995e+12	0	-1.64649	-1.08196	0	-1.82948e-08	-1.2022e-08	0
378	5e+24	4.49993e+12	4.49993e+12	0	-1.48824	-1.48824	0	-1.65364e-08	-1.65364e-08	0
379	5e+24	4.49994e+12	4.74989e+12	0	-1.25843	-2.40397	0	-1.39829e-08	-2.6714e-08	0
380	5e+24	4.74991e+12	9.01529e+07	0	-2.00346	2.00346	0	-2.22633e-08	2.22633e-08	0
381	5e+24	4.74989e+12	2.50057e+11	0	-2.40397	1.25843	0	-2.6714e-08	1.39829e-08	0
382	5e+24	4.74988e+12	5.00042e+11	0	-2.60592	0.93897	0	-2.8958e-08	1.04332e-08	0
383	5e+24	4.74988e+12	7.50033e+11	0	-2.73055	0.731814	0	-3.03429e-08	8.13139e-09	0
384	5e+24	4.74987e+12	1.00003e+12	0	-2.81494	0.574953	0	-3.12806e-08	6.38845e-09	0
385	5e+24	4.74987e+12	1.25002e+12	0	-2.87437	0.445783	0	-3.19408e-08	4.95319e-09	0
386	5e+24	4.74987e+12	1.50002e+12	0	-2.91643	0.333448	0	-3.24082e-08	3.70502e-09	0
387	5e+24	4.74987e+12	1.75001e+12	0	-2.94533	0.231752	0	-3.27292e-08	2.57504e-09	0
388	5e+24	4.74987e+12	2.00001e+12	0	-2.96348	0.136648	0	-3.2931e-08	1.51832e-09	0
389	5e+24	4.74987e+12	2.25e+12	0	-2.97226	0.0451639	0	-3.30284e-08	5.01826e-10	0
390	5e+24	4.74987e+12	2.5e+12	0	-2.97226	-0.0451639	0	-3.30284e-08	-5.01826e-10	0
391	5e+24	4.74987e+12	2.74999e+12	0	-2.96348	-0.136648	0	-3.2931e-08	-1.51832e-09	0
392	5e+24	4.74987e+12	2.99999e+12	0	-2.94533	-0.231752	0	-3.27292e-08	-2.57504e-09	0
393	5e+24	4.74987e+12	3.24998e+12	0	-2.91643	-0.333448	0	-3.24082e-08	-3.70502e-09	0
394	5e+24	4.74987e+12	3.49998e+12	0	-2.87437	-0.445783	0	-3.19408e-08	-4.95319e-09	0
395	5e+24	4.74987e+12	3.74997e+12	0	-2.81494	-0.574953	0	-3.12806e-08	-6.38845e-09	0
396	5e+24	4.74988e+12	3.99997e+12	0	-2.73055	-0.731814	0	-3.03429e-08	-8.13139e-09	0
397	5e+24	4.74988e+12	4.24996e+12	0	-2.60592	-0.93897	0	-2.8958e-08	-1.04332e-08	0
398	5e+24	4.74989e+12	4.49994e+12	0	-2.40397	-1.25843	0	-2.6714e-08	-1.39829e-08	0
399	5e+24	4.74991e+12	4.74991e+12	0	-2.00346	-2.00346	0	-2.22633e-08	-2.22633e-08	0
