16
0	5e+24	25028.6	25028.6	0	0.00500573	0.00500573	0	5.00573e-10	5.00573e-10	0
1	5e+24	30514.5	1.25e+12	0	0.00610291	0.00119587	0	6.10291e-10	1.19587e-10	0
2	5e+24	30514.5	2.5e+12	0	0.00610291	-0.00119587	0	6.10291e-10	-1.19587e-10	0
3	5e+24	25028.6	3.75e+12	0	0.00500573	-0.00500573	0	5.00573e-10	-5.00573e-10	0
4	5e+24	1.25e+12	30514.5	0	0.00119587	0.00610291	0	1.19587e-10	6.10291e-10	0
5	5e+24	1.25e+12	1.25e+12	0	0.00148679	0.00148679	0	1.48679e-10	1.48679e-10	0
6	5e+24	1.25e+12	2.5e+12	0	0.00148679	-0.00148679	0	1.48679e-10	-1.48679e-10	0
7	5e+24	1.25e+12	3.75e+12	0	0.00119587	-0.00610291	0	1.19587e-10	-6.10291e-10	0
8	5e+24	2.5e+12	30514.5	0	-0.00119587	0.00610291	0	-1.19587e-10	6.10291e-10	0
9	5e+24	2.5e+12	1.25e+12	0	-0.00148679	0.00148679	0	-1.48679e-10	1.48679e-10	0
10	5e+24	2.5e+12	2.5e+12	0	-0.00148679	-0.00148679	0	-1.48679e-10	-1.48679e-10	0
11	5e+24	2.5e+12	3.75e+12	0	-0.00119587	-0.00610291	0	-1.19587e-10	-6.10291e-10	0
12	5e+24	3.75e+12	25028.6	0	-0.00500573	0.00500573	0	-5.00573e-10	5.00573e-10	0
13	5e+24	3.75e+12	1.25e+12	0	-0.00610291	0.00119587	0	-6.10291e-10	1.19587e-10	0
14	5e+24	3.75e+12	2.5e+12	0	-0.00610291	-0.00119587	0	-6.10291e-10	-1.19587e-10	0
15	5e+24	3.75e+12	3.75e+12	0	-0.00500573	-0.00500573	0	-5.00573e-10	-5.00573e-10	0
