16
0	5e+24	20273.2	20273.2	0	0.00450516	0.00450516	0	5.00573e-10	5.00573e-10	0
1	5e+24	24716.8	1.25e+12	0	0.00549262	0.00107629	0	6.10291e-10	1.19587e-10	0
2	5e+24	24716.8	2.5e+12	0	0.00549262	-0.00107629	0	6.10291e-10	-1.19587e-10	0
3	5e+24	20273.2	3.75e+12	0	0.00450516	-0.00450516	0	5.00573e-10	-5.00573e-10	0
4	5e+24	1.25e+12	24716.8	0	0.00107629	0.00549262	0	1.19587e-10	6.10291e-10	0
5	5e+24	1.25e+12	1.25e+12	0	0.00133811	0.00133811	0	1.48679e-10	1.48679e-10	0
6	5e+24	1.25e+12	2.5e+12	0	0.00133811	-0.00133811	0	1.48679e-10	-1.48679e-10	0
7	5e+24	1.25e+12	3.75e+12	0	0.00107629	-0.00549262	0	1.19587e-10	-6.10291e-10	0
8	5e+24	2.5e+12	24716.8	0	-0.00107629	0.00549262	0	-1.19587e-10	6.10291e-10	0
9	5e+24	2.5e+12	1.25e+12	0	-0.00133811	0.00133811	0	-1.48679e-10	1.48679e-10	0
10	5e+24	2.5e+12	2.5e+12	0	-0.00133811	-0.00133811	0	-1.48679e-10	-1.48679e-10	0
11	5e+24	2.5e+12	3.75e+12	0	-0.00107629	-0.00549262	0	-1.19587e-10	-6.10291e-10	0
12	5e+24	3.75e+12	20273.2	0	-0.00450516	0.00450516	0	-5.00573e-10	5.00573e-10	0
13	5e+24	3.75e+12	1.25e+12	0	-0.00549262	0.00107629	0	-6.10291e-10	1.19587e-10	0
14	5e+24	3.75e+12	2.5e+12	0	-0.00549262	-0.00107629	0	-6.10291e-10	-1.19587e-10	0
15	5e+24	3.75e+12	3.75e+12	0	-0.00450516	-0.00450516	0	-5.00573e-10	-5.00573e-10	0
