400
0	5e+24	1.11301e+08	1.11301e+08	0	2.22609	2.22609	0	2.22642e-08	2.22642e-08	0
1	5e+24	1.33551e+08	2.5007e+11	0	2.67112	1.39825	0	2.67152e-08	1.3983e-08	0
2	5e+24	1.4477e+08	5.00052e+11	0	2.89551	1.0433	0	2.89592e-08	1.04332e-08	0
3	5e+24	1.51694e+08	7.50041e+11	0	3.03399	0.813128	0	3.03441e-08	8.13143e-09	0
4	5e+24	1.56383e+08	1.00003e+12	0	3.12776	0.638838	0	3.12817e-08	6.38847e-09	0
5	5e+24	1.59684e+08	1.25002e+12	0	3.19378	0.495315	0	3.1942e-08	4.95321e-09	0
6	5e+24	1.62021e+08	1.50002e+12	0	3.24052	0.370499	0	3.24093e-08	3.70503e-09	0
7	5e+24	1.63626e+08	1.75001e+12	0	3.27263	0.257502	0	3.27304e-08	2.57505e-09	0
8	5e+24	1.64635e+08	2.00001e+12	0	3.2928	0.151831	0	3.29322e-08	1.51833e-09	0
9	5e+24	1.65122e+08	2.25e+12	0	3.30255	0.0501822	0	3.30296e-08	5.01828e-10	0
10	5e+24	1.65122e+08	2.5e+12	0	3.30255	-0.0501822	0	3.30296e-08	-5.01828e-10	0
11	5e+24	1.64635e+08	2.74999e+12	0	3.2928	-0.151831	0	3.29322e-08	-1.51833e-09	0
12	5e+24	1.63626e+08	2.99999e+12	0	3.27263	-0.257502	0	3.27304e-08	-2.57505e-09	0
13	5e+24	1.62021e+08	3.24998e+12	0	3.24052	-0.370499	0	3.24093e-08	-3.70503e-09	0
14	5e+24	1.59684e+08	3.49998e+12	0	3.19378	-0.495315	0	3.1942e-08	-4.95321e-09	0
15	5e+24	1.56383e+08	3.74997e+12	0	3.12776	-0.638838	0	3.12817e-08	-6.38847e-09	0
16	5e+24	1.51694e+08	3.99996e+12	0	3.03399	-0.813128	0	3.03441e-08	-8.13143e-09	0
17	5e+24	1.4477e+08	4.24995e+12	0	2.89551	-1.0433	0	2.89592e-08	-1.04332e-08	0
18	5e+24	1.33551e+08	4.49993e+12	0	2.67112	-1.39825	0	2.67152e-08	-1.3983e-08	0
19	5e+24	1.11301e+08	4.74989e+12	0	2.22609	-2.22609	0	2.22642e-08	-2.22642e-08	0
20	5e+24	2.5007e+11	1.33551e+08	0	1.39825	2.67112	0	1.3983e-08	2.67152e-08	0
21	5e+24	2.50083e+11	2.50083e+11	0	1.65361	1.65361	0	1.65366e-08	1.65366e-08	0
22	5e+24	2.50091e+11	5.0006e+11	0	1.82943	1.20218	0	1.8295e-08	1.20221e-08	0
23	5e+24	2.50098e+11	7.50046e+11	0	1.95033	0.920293	0	1.9504e-08	9.20304e-09	0
24	5e+24	2.50102e+11	1.00004e+12	0	2.03589	0.714308	0	2.03596e-08	7.14315e-09	0
25	5e+24	2.50105e+11	1.25003e+12	0	2.09742	0.549208	0	2.0975e-08	5.49212e-09	0
26	5e+24	2.50107e+11	1.50002e+12	0	2.14147	0.408428	0	2.14154e-08	4.08431e-09	0
27	5e+24	2.50109e+11	1.75001e+12	0	2.17192	0.282748	0	2.17199e-08	2.8275e-09	0
28	5e+24	2.5011e+11	2.00001e+12	0	2.19111	0.166309	0	2.19119e-08	1.6631e-09	0
29	5e+24	2.5011e+11	2.25e+12	0	2.20041	0.0549028	0	2.20048e-08	5.49032e-10	0
30	5e+24	2.5011e+11	2.5e+12	0	2.20041	-0.0549028	0	2.20048e-08	-5.49032e-10	0
31	5e+24	2.5011e+11	2.74999e+12	0	2.19111	-0.166309	0	2.19119e-08	-1.6631e-09	0
32	5e+24	2.50109e+11	2.99999e+12	0	2.17192	-0.282748	0	2.17199e-08	-2.8275e-09	0
33	5e+24	2.50107e+11	3.24998e+12	0	2.14147	-0.408428	0	2.14154e-08	-4.08431e-09	0
34	5e+24	2.50105e+11	3.49997e+12	0	2.09742	-0.549208	0	2.0975e-08	-5.49212e-09	0
35	5e+24	2.50102e+11	3.74996e+12	0	2.03589	-0.714308	0	2.03596e-08	-7.14315e-09	0
36	5e+24	2.50098e+11	3.99995e+12	0	1.95033	-0.920293	0	1.9504e-08	-9.20304e-09	0
37	5e+24	2.50091e+11	4.24994e+12	0	1.82943	-1.20218	0	1.8295e-08	-1.20221e-08	0
38	5e+24	2.50083e+11	4.49992e+12	0	1.65361	-1.65361	0	1.65366e-08	-1.65366e-08	0
39	5e+24	2.5007e+11	4.74987e+12	0	1.39825	-2.67112	0	1.3983e-08	-2.67152e-08	0
40	5e+24	5.00052e+11	1.4477e+08	0	1.0433	2.89551	0	1.04332e-08	2.89592e-08	0
41	5e+24	5.0006e+11	2.50091e+11	0	1.20218	1.82943	0	1.20221e-08	1.8295e-08	0
42	5e+24	5.00066e+11	5.00066e+11	0	1.32996	1.32996	0	1.32999e-08	1.32999e-08	0
43	5e+24	5.00071e+11	7.50051e+11	0	1.42734	1.01295	0	1.42737e-08	1.01296e-08	0
44	5e+24	5.00075e+11	1.00004e+12	0	1.50037	0.781999	0	1.5004e-08	7.82006e-09	0
45	5e+24	5.00078e+11	1.25003e+12	0	1.55465	0.598525	0	1.55468e-08	5.98529e-09	0
46	5e+24	5.0008e+11	1.50002e+12	0	1.59425	0.443538	0	1.59429e-08	4.43541e-09	0
47	5e+24	5.00081e+11	1.75002e+12	0	1.62195	0.306274	0	1.62198e-08	3.06276e-09	0
48	5e+24	5.00082e+11	2.00001e+12	0	1.63952	0.179851	0	1.63956e-08	1.79852e-09	0
49	5e+24	5.00082e+11	2.25e+12	0	1.64806	0.0593255	0	1.6481e-08	5.93258e-10	0
50	5e+24	5.00082e+11	2.5e+12	0	1.64806	-0.0593255	0	1.6481e-08	-5.93258e-10	0
51	5e+24	5.00082e+11	2.74999e+12	0	1.63952	-0.179851	0	1.63956e-08	-1.79852e-09	0
52	5e+24	5.00081e+11	2.99998e+12	0	1.62195	-0.306274	0	1.62198e-08	-3.06276e-09	0
53	5e+24	5.0008e+11	3.24998e+12	0	1.59425	-0.443538	0	1.59429e-08	-4.43541e-09	0
54	5e+24	5.00078e+11	3.49997e+12	0	1.55465	-0.598525	0	1.55468e-08	-5.98529e-09	0
55	5e+24	5.00075e+11	3.74996e+12	0	1.50037	-0.781999	0	1.5004e-08	-7.82006e-09	0
56	5e+24	5.00071e+11	3.99995e+12	0	1.42734	-1.01295	0	1.42737e-08	-1.01296e-08	0
57	5e+24	5.00066e+11	4.24993e+12	0	1.32996	-1.32996	0	1.32999e-08	-1.32999e-08	0
58	5e+24	5.0006e+11	4.49991e+12	0	1.20218	-1.82943	0	1.20221e-08	-1.8295e-08	0
59	5e+24	5.00052e+11	4.74986e+12	0	1.0433	-2.89551	0	1.04332e-08	-2.89592e-08	0
60	5e+24	7.50041e+11	1.51694e+08	0	0.813128	3.03399	0	8.13143e-09	3.03441e-08	0
61	5e+24	7.50046e+11	2.50098e+11	0	0.920293	1.95033	0	9.20304e-09	1.9504e-08	0
62	5e+24	7.50051e+11	5.00071e+11	0	1.01295	1.42734	0	1.01296e-08	1.42737e-08	0
63	5e+24	7.50054e+11	7.50054e+11	0	1.08855	1.08855	0	1.08856e-08	1.08856e-08	0
64	5e+24	7.50057e+11	1.00004e+12	0	1.14814	0.839605	0	1.14816e-08	8.39614e-09	0
65	5e+24	7.5006e+11	1.25003e+12	0	1.19394	0.641594	0	1.19396e-08	6.416e-09	0
66	5e+24	7.50061e+11	1.50002e+12	0	1.22808	0.474696	0	1.2281e-08	4.74699e-09	0
67	5e+24	7.50063e+11	1.75002e+12	0	1.25229	0.327357	0	1.25231e-08	3.27359e-09	0
68	5e+24	7.50063e+11	2.00001e+12	0	1.26779	0.192055	0	1.26781e-08	1.92056e-09	0
69	5e+24	7.50064e+11	2.25e+12	0	1.27535	0.0633214	0	1.27537e-08	6.33218e-10	0
70	5e+24	7.50064e+11	2.5e+12	0	1.27535	-0.0633214	0	1.27537e-08	-6.33218e-10	0
71	5e+24	7.50063e+11	2.74999e+12	0	1.26779	-0.192055	0	1.26781e-08	-1.92056e-09	0
72	5e+24	7.50063e+11	2.99998e+12	0	1.25229	-0.327357	0	1.25231e-08	-3.27359e-09	0
73	5e+24	7.50061e+11	3.24998e+12	0	1.22808	-0.474696	0	1.2281e-08	-4.74699e-09	0
74	5e+24	7.5006e+11	3.49997e+12	0	1.19394	-0.641594	0	1.19396e-08	-6.416e-09	0
75	5e+24	7.50057e+11	3.74996e+12	0	1.14814	-0.839605	0	1.14816e-08	-8.39614e-09	0
76	5e+24	7.50054e+11	3.99995e+12	0	1.08855	-1.08855	0	1.08856e-08	-1.08856e-08	0
77	5e+24	7.50051e+11	4.24993e+12	0	1.01295	-1.42734	0	1.01296e-08	-1.42737e-08	0
78	5e+24	7.50046e+11	4.4999e+12	0	0.920293	-1.95033	0	9.20304e-09	-1.9504e-08	0
79	5e+24	7.50041e+11	4.74985e+12	0	0.813128	-3.03399	0	8.13143e-09	-3.03441e-08	0
80	5e+24	1.00003e+12	1.56383e+08	0	0.638838	3.12776	0	6.38847e-09	3.12817e-08	0
81	5e+24	1.00004e+12	2.50102e+11	0	0.714308	2.03589	0	7.14315e-09	2.03596e-08	0
82	5e+24	1.00004e+12	5.00075e+11	0	0.781999	1.50037	0	7.82006e-09	1.5004e-08	0
83	5e+24	1.00004e+12	7.50057e+11	0	0.839605	1.14814	0	8.39614e-09	1.14816e-08	0
84	5e+24	1.00004e+12	1.00004e+12	0	0.886711	0.886711	0	8.86722e-09	8.86722e-09	0
85	5e+24	1.00005e+12	1.25003e+12	0	0.923939	0.677717	0	9.2395e-09	6.77723e-09	0
86	5e+24	1.00005e+12	1.50003e+12	0	0.952257	0.501273	0	9.52269e-09	5.01277e-09	0
87	5e+24	1.00005e+12	1.75002e+12	0	0.972609	0.345538	0	9.72622e-09	3.4554e-09	0
88	5e+24	1.00005e+12	2.00001e+12	0	0.98575	0.202647	0	9.85763e-09	2.02649e-09	0
89	5e+24	1.00005e+12	2.25e+12	0	0.992193	0.0668001	0	9.92206e-09	6.68006e-10	0
90	5e+24	1.00005e+12	2.5e+12	0	0.992193	-0.0668001	0	9.92206e-09	-6.68006e-10	0
91	5e+24	1.00005e+12	2.74999e+12	0	0.98575	-0.202647	0	9.85763e-09	-2.02649e-09	0
92	5e+24	1.00005e+12	2.99998e+12	0	0.972609	-0.345538	0	9.72622e-09	-3.4554e-09	0
93	5e+24	1.00005e+12	3.24997e+12	0	0.952257	-0.501273	0	9.52269e-09	-5.01277e-09	0
94	5e+24	1.00005e+12	3.49997e+12	0	0.923939	-0.677717	0	9.2395e-09	-6.77723e-09	0
95	5e+24	1.00004e+12	3.74996e+12	0	0.886711	-0.886711	0	8.86722e-09	-8.86722e-09	0
96	5e+24	1.00004e+12	3.99994e+12	0	0.839605	-1.14814	0	8.39614e-09	-1.14816e-08	0
97	5e+24	1.00004e+12	4.24992e+12	0	0.781999	-1.50037	0	7.82006e-09	-1.5004e-08	0
98	5e+24	1.00004e+12	4.4999e+12	0	0.714308	-2.03589	0	7.14315e-09	-2.03596e-08	0
99	5e+24	1.00003e+12	4.74984e+12	0	0.638838	-3.12776	0	6.38847e-09	-3.12817e-08	0
100	5e+24	1.25002e+12	1.59684e+08	0	0.495315	3.19378	0	4.95321e-09	3.1942e-08	0
101	5e+24	1.25003e+12	2.50105e+11	0	0.549208	2.09742	0	5.49212e-09	2.0975e-08	0
102	5e+24	1.25003e+12	5.00078e+11	0	0.598525	1.55465	0	5.98529e-09	1.55468e-08	0
103	5e+24	1.25003e+12	7.5006e+11	0	0.641594	1.19394	0	6.416e-09	1.19396e-08	0
104	5e+24	1.25003e+12	1.00005e+12	0	0.677717	0.923939	0	6.77723e-09	9.2395e-09	0
105	5e+24	1.25004e+12	1.25004e+12	0	0.706882	0.706882	0	7.06889e-09	7.06889e-09	0
106	5e+24	1.25004e+12	1.50003e+12	0	0.729437	0.523063	0	7.29444e-09	5.23068e-09	0
107	5e+24	1.25004e+12	1.75002e+12	0	0.745841	0.360599	0	7.45849e-09	3.60602e-09	0
108	5e+24	1.25004e+12	2.00001e+12	0	0.756518	0.211479	0	7.56526e-09	2.1148e-09	0
109	5e+24	1.25004e+12	2.25e+12	0	0.761775	0.0697094	0	7.61784e-09	6.97099e-10	0
110	5e+24	1.25004e+12	2.5e+12	0	0.761775	-0.0697094	0	7.61784e-09	-6.97099e-10	0
111	5e+24	1.25004e+12	2.74999e+12	0	0.756518	-0.211479	0	7.56526e-09	-2.1148e-09	0
112	5e+24	1.25004e+12	2.99998e+12	0	0.745841	-0.360599	0	7.45849e-09	-3.60602e-09	0
113	5e+24	1.25004e+12	3.24997e+12	0	0.729437	-0.523063	0	7.29444e-09	-5.23068e-09	0
114	5e+24	1.25004e+12	3.49996e+12	0	0.706882	-0.706882	0	7.06889e-09	-7.06889e-09	0
115	5e+24	1.25003e+12	3.74995e+12	0	0.677717	-0.923939	0	6.77723e-09	-9.2395e-09	0
116	5e+24	1.25003e+12	3.99994e+12	0	0.641594	-1.19394	0	6.416e-09	-1.19396e-08	0
117	5e+24	1.25003e+12	4.24992e+12	0	0.598525	-1.55465	0	5.98529e-09	-1.55468e-08	0
118	5e+24	1.25003e+12	4.4999e+12	0	0.549208	-2.09742	0	5.49212e-09	-2.0975e-08	0
119	5e+24	1.25002e+12	4.74984e+12	0	0.495315	-3.19378	0	4.95321e-09	-3.1942e-08	0
120	5e+24	1.50002e+12	1.62021e+08	0	0.370499	3.24052	0	3.70503e-09	3.24093e-08	0
121	5e+24	1.50002e+12	2.50107e+11	0	0.408428	2.14147	0	4.08431e-09	2.14154e-08	0
122	5e+24	1.50002e+12	5.0008e+11	0	0.443538	1.59425	0	4.43541e-09	1.59429e-08	0
123	5e+24	1.50002e+12	7.50061e+11	0	0.474696	1.22808	0	4.74699e-09	1.2281e-08	0
124	5e+24	1.50003e+12	1.00005e+12	0	0.501273	0.952257	0	5.01277e-09	9.52269e-09	0
125	5e+24	1.50003e+12	1.25004e+12	0	0.523063	0.729437	0	5.23068e-09	7.29444e-09	0
126	5e+24	1.50003e+12	1.50003e+12	0	0.540129	0.540129	0	5.40134e-09	5.40134e-09	0
127	5e+24	1.50003e+12	1.75002e+12	0	0.552659	0.372501	0	5.52665e-09	3.72504e-09	0
128	5e+24	1.50003e+12	2.00001e+12	0	0.560868	0.218496	0	5.60874e-09	2.18498e-09	0
129	5e+24	1.50003e+12	2.25e+12	0	0.564926	0.0720274	0	5.64932e-09	7.2028e-10	0
130	5e+24	1.50003e+12	2.5e+12	0	0.564926	-0.0720274	0	5.64932e-09	-7.2028e-10	0
131	5e+24	1.50003e+12	2.74999e+12	0	0.560868	-0.218496	0	5.60874e-09	-2.18498e-09	0
132	5e+24	1.50003e+12	2.99998e+12	0	0.552659	-0.372501	0	5.52665e-09	-3.72504e-09	0
133	5e+24	1.50003e+12	3.24997e+12	0	0.540129	-0.540129	0	5.40134e-09	-5.40134e-09	0
134	5e+24	1.50003e+12	3.49996e+12	0	0.523063	-0.729437	0	5.23068e-09	-7.29444e-09	0
135	5e+24	1.50003e+12	3.74995e+12	0	0.501273	-0.952257	0	5.01277e-09	-9.52269e-09	0
136	5e+24	1.50002e+12	3.99994e+12	0	0.474696	-1.22808	0	4.74699e-09	-1.2281e-08	0
137	5e+24	1.50002e+12	4.24992e+12	0	0.443538	-1.59425	0	4.43541e-09	-1.59429e-08	0
138	5e+24	1.50002e+12	4.49989e+12	0	0.408428	-2.14147	0	4.08431e-09	-2.14154e-08	0
139	5e+24	1.50002e+12	4.74984e+12	0	0.370499	-3.24052	0	3.70503e-09	-3.24093e-08	0
140	5e+24	1.75001e+12	1.63626e+08	0	0.257502	3.27263	0	2.57505e-09	3.27304e-08	0
141	5e+24	1.75001e+12	2.50109e+11	0	0.282748	2.17192	0	2.8275e-09	2.17199e-08	0
142	5e+24	1.75002e+12	5.00081e+11	0	0.306274	1.62195	0	3.06276e-09	1.62198e-08	0
143	5e+24	1.75002e+12	7.50063e+11	0	0.327357	1.25229	0	3.27359e-09	1.25231e-08	0
144	5e+24	1.75002e+12	1.00005e+12	0	0.345538	0.972609	0	3.4554e-09	9.72622e-09	0
145	5e+24	1.75002e+12	1.25004e+12	0	0.360599	0.745841	0	3.60602e-09	7.45849e-09	0
146	5e+24	1.75002e+12	1.50003e+12	0	0.372501	0.552659	0	3.72504e-09	5.52665e-09	0
147	5e+24	1.75002e+12	1.75002e+12	0	0.381301	0.381301	0	3.81304e-09	3.81304e-09	0
148	5e+24	1.75002e+12	2.00001e+12	0	0.387094	0.223709	0	3.87097e-09	2.23711e-09	0
149	5e+24	1.75002e+12	2.25e+12	0	0.389966	0.0737529	0	3.89969e-09	7.37535e-10	0
150	5e+24	1.75002e+12	2.5e+12	0	0.389966	-0.0737529	0	3.89969e-09	-7.37535e-10	0
151	5e+24	1.75002e+12	2.74999e+12	0	0.387094	-0.223709	0	3.87097e-09	-2.23711e-09	0
152	5e+24	1.75002e+12	2.99998e+12	0	0.381301	-0.381301	0	3.81304e-09	-3.81304e-09	0
153	5e+24	1.75002e+12	3.24997e+12	0	0.372501	-0.552659	0	3.72504e-09	-5.52665e-09	0
154	5e+24	1.75002e+12	3.49996e+12	0	0.360599	-0.745841	0	3.60602e-09	-7.45849e-09	0
155	5e+24	1.75002e+12	3.74995e+12	0	0.345538	-0.972609	0	3.4554e-09	-9.72622e-09	0
156	5e+24	1.75002e+12	3.99994e+12	0	0.327357	-1.25229	0	3.27359e-09	-1.25231e-08	0
157	5e+24	1.75002e+12	4.24992e+12	0	0.306274	-1.62195	0	3.06276e-09	-1.62198e-08	0
158	5e+24	1.75001e+12	4.49989e+12	0	0.282748	-2.17192	0	2.8275e-09	-2.17199e-08	0
159	5e+24	1.75001e+12	4.74984e+12	0	0.257502	-3.27263	0	2.57505e-09	-3.27304e-08	0
160	5e+24	2.00001e+12	1.64635e+08	0	0.151831	3.2928	0	1.51833e-09	3.29322e-08	0
161	5e+24	2.00001e+12	2.5011e+11	0	0.166309	2.19111	0	1.6631e-09	2.19119e-08	0
162	5e+24	2.00001e+12	5.00082e+11	0	0.179851	1.63952	0	1.79852e-09	1.63956e-08	0
163	5e+24	2.00001e+12	7.50063e+11	0	0.192055	1.26779	0	1.92056e-09	1.26781e-08	0
164	5e+24	2.00001e+12	1.00005e+12	0	0.202647	0.98575	0	2.02649e-09	9.85763e-09	0
165	5e+24	2.00001e+12	1.25004e+12	0	0.211479	0.756518	0	2.1148e-09	7.56526e-09	0
166	5e+24	2.00001e+12	1.50003e+12	0	0.218496	0.560868	0	2.18498e-09	5.60874e-09	0
167	5e+24	2.00001e+12	1.75002e+12	0	0.223709	0.387094	0	2.23711e-09	3.87097e-09	0
168	5e+24	2.00001e+12	2.00001e+12	0	0.227151	0.227151	0	2.27153e-09	2.27153e-09	0
169	5e+24	2.00001e+12	2.25e+12	0	0.228861	0.0748943	0	2.28863e-09	7.48949e-10	0
170	5e+24	2.00001e+12	2.5e+12	0	0.228861	-0.0748943	0	2.28863e-09	-7.48949e-10	0
171	5e+24	2.00001e+12	2.74999e+12	0	0.227151	-0.227151	0	2.27153e-09	-2.27153e-09	0
172	5e+24	2.00001e+12	2.99998e+12	0	0.223709	-0.387094	0	2.23711e-09	-3.87097e-09	0
173	5e+24	2.00001e+12	3.24997e+12	0	0.218496	-0.560868	0	2.18498e-09	-5.60874e-09	0
174	5e+24	2.00001e+12	3.49996e+12	0	0.211479	-0.756518	0	2.1148e-09	-7.56526e-09	0
175	5e+24	2.00001e+12	3.74995e+12	0	0.202647	-0.98575	0	2.02649e-09	-9.85763e-09	0
176	5e+24	2.00001e+12	3.99994e+12	0	0.192055	-1.26779	0	1.92056e-09	-1.26781e-08	0
177	5e+24	2.00001e+12	4.24992e+12	0	0.179851	-1.63952	0	1.79852e-09	-1.63956e-08	0
178	5e+24	2.00001e+12	4.49989e+12	0	0.166309	-2.19111	0	1.6631e-09	-2.19119e-08	0
179	5e+24	2.00001e+12	4.74984e+12	0	0.151831	-3.2928	0	1.51833e-09	-3.29322e-08	0
180	5e+24	2.25e+12	1.65122e+08	0	0.0501822	3.30255	0	5.01828e-10	3.30296e-08	0
181	5e+24	2.25e+12	2.5011e+11	0	0.0549028	2.20041	0	5.49032e-10	2.20048e-08	0
182	5e+24	2.25e+12	5.00082e+11	0	0.0593255	1.64806	0	5.93258e-10	1.6481e-08	0
183	5e+24	2.25e+12	7.50064e+11	0	0.0633214	1.27535	0	6.33218e-10	1.27537e-08	0
184	5e+24	2.25e+12	1.00005e+12	0	0.0668001	0.992193	0	6.68006e-10	9.92206e-09	0
185	5e+24	2.25e+12	1.25004e+12	0	0.0697094	0.761775	0	6.97099e-10	7.61784e-09	0
186	5e+24	2.25e+12	1.50003e+12	0	0.0720274	0.564926	0	7.2028e-10	5.64932e-09	0
187	5e+24	2.25e+12	1.75002e+12	0	0.0737529	0.389966	0	7.37535e-10	3.89969e-09	0
188	5e+24	2.25e+12	2.00001e+12	0	0.0748943	0.228861	0	7.48949e-10	2.28863e-09	0
189	5e+24	2.25e+12	2.25e+12	0	0.0754617	0.0754617	0	7.54624e-10	7.54624e-10	0
190	5e+24	2.25e+12	2.5e+12	0	0.0754617	-0.0754617	0	7.54624e-10	-7.54624e-10	0
191	5e+24	2.25e+12	2.74999e+12	0	0.0748943	-0.228861	0	7.48949e-10	-2.28863e-09	0
192	5e+24	2.25e+12	2.99998e+12	0	0.0737529	-0.389966	0	7.37535e-10	-3.89969e-09	0
193	5e+24	2.25e+12	3.24997e+12	0	0.0720274	-0.564926	0	7.2028e-10	-5.64932e-09	0
194	5e+24	2.25e+12	3.49996e+12	0	0.0697094	-0.761775	0	6.97099e-10	-7.61784e-09	0
195	5e+24	2.25e+12	3.74995e+12	0	0.0668001	-0.992193	0	6.68006e-10	-9.92206e-09	0
196	5e+24	2.25e+12	3.99994e+12	0	0.0633214	-1.27535	0	6.33218e-10	-1.27537e-08	0
197	5e+24	2.25e+12	4.24992e+12	0	0.0593255	-1.64806	0	5.93258e-10	-1.6481e-08	0
198	5e+24	2.25e+12	4.49989e+12	0	0.0549028	-2.20041	0	5.49032e-10	-2.20048e-08	0
199	5e+24	2.25e+12	4.74983e+12	0	0.0501822	-3.30255	0	5.01828e-10	-3.30296e-08	0
200	5e+24	2.5e+12	1.65122e+08	0	-0.0501822	3.30255	0	-5.01828e-10	3.30296e-08	0
201	5e+24	2.5e+12	2.5011e+11	0	-0.0549028	2.20041	0	-5.49032e-10	2.20048e-08	0
202	5e+24	2.5e+12	5.00082e+11	0	-0.0593255	1.64806	0	-5.93258e-10	1.6481e-08	0
203	5e+24	2.5e+12	7.50064e+11	0	-0.0633214	1.27535	0	-6.33218e-10	1.27537e-08	0
204	5e+24	2.5e+12	1.00005e+12	0	-0.0668001	0.992193	0	-6.68006e-10	9.92206e-09	0
205	5e+24	2.5e+12	1.25004e+12	0	-0.0697094	0.761775	0	-6.97099e-10	7.61784e-09	0
206	5e+24	2.5e+12	1.50003e+12	0	-0.0720274	0.564926	0	-7.2028e-10	5.64932e-09	0
207	5e+24	2.5e+12	1.75002e+12	0	-0.0737529	0.389966	0	-7.37535e-10	3.89969e-09	0
208	5e+24	2.5e+12	2.00001e+12	0	-0.0748943	0.228861	0	-7.48949e-10	2.28863e-09	0
209	5e+24	2.5e+12	2.25e+12	0	-0.0754617	0.0754617	0	-7.54624e-10	7.54624e-10	0
210	5e+24	2.5e+12	2.5e+12	0	-0.0754617	-0.0754617	0	-7.54624e-10	-7.54624e-10	0
211	5e+24	2.5e+12	2.74999e+12	0	-0.0748943	-0.228861	0	-7.48949e-10	-2.28863e-09	0
212	5e+24	2.5e+12	2.99998e+12	0	-0.0737529	-0.389966	0	-7.37535e-10	-3.89969e-09	0
213	5e+24	2.5e+12	3.24997e+12	0	-0.0720274	-0.564926	0	-7.2028e-10	-5.64932e-09	0
214	5e+24	2.5e+12	3.49996e+12	0	-0.0697094	-0.761775	0	-6.97099e-10	-7.61784e-09	0
215	5e+24	2.5e+12	3.74995e+12	0	-0.0668001	-0.992193	0	-6.68006e-10	-9.92206e-09	0
216	5e+24	2.5e+12	3.99994e+12	0	-0.0633214	-1.27535	0	-6.33218e-10	-1.27537e-08	0
217	5e+24	2.5e+12	4.24992e+12	0	-0.0593255	-1.64806	0	-5.93258e-10	-1.6481e-08	0
218	5e+24	2.5e+12	4.49989e+12	0	-0.0549028	-2.20041	0	-5.49032e-10	-2.20048e-08	0
219	5e+24	2.5e+12	4.74983e+12	0	-0.0501822	-3.30255	0	-5.01828e-10	-3.30296e-08	0
220	5e+24	2.74999e+12	1.64635e+08	0	-0.151831	3.2928	0	-1.51833e-09	3.29322e-08	0
221	5e+24	2.74999e+12	2.5011e+11	0	-0.166309	2.19111	0	-1.6631e-09	2.19119e-08	0
222	5e+24	2.74999e+12	5.00082e+11	0	-0.179851	1.63952	0	-1.79852e-09	1.63956e-08	0
223	5e+24	2.74999e+12	7.50063e+11	0	-0.192055	1.26779	0	-1.92056e-09	1.26781e-08	0
224	5e+24	2.74999e+12	1.00005e+12	0	-0.202647	0.98575	0	-2.02649e-09	9.85763e-09	0
225	5e+24	2.74999e+12	1.25004e+12	0	-0.211479	0.756518	0	-2.1148e-09	7.56526e-09	0
226	5e+24	2.74999e+12	1.50003e+12	0	-0.218496	0.560868	0	-2.18498e-09	5.60874e-09	0
227	5e+24	2.74999e+12	1.75002e+12	0	-0.223709	0.387094	0	-2.23711e-09	3.87097e-09	0
228	5e+24	2.74999e+12	2.00001e+12	0	-0.227151	0.227151	0	-2.27153e-09	2.27153e-09	0
229	5e+24	2.74999e+12	2.25e+12	0	-0.228861	0.0748943	0	-2.28863e-09	7.48949e-10	0
230	5e+24	2.74999e+12	2.5e+12	0	-0.228861	-0.0748943	0	-2.28863e-09	-7.48949e-10	0
231	5e+24	2.74999e+12	2.74999e+12	0	-0.227151	-0.227151	0	-2.27153e-09	-2.27153e-09	0
232	5e+24	2.74999e+12	2.99998e+12	0	-0.223709	-0.387094	0	-2.23711e-09	-3.87097e-09	0
233	5e+24	2.74999e+12	3.24997e+12	0	-0.218496	-0.560868	0	-2.18498e-09	-5.60874e-09	0
234	5e+24	2.74999e+12	3.49996e+12	0	-0.211479	-0.756518	0	-2.1148e-09	-7.56526e-09	0
235	5e+24	2.74999e+12	3.74995e+12	0	-0.202647	-0.98575	0	-2.02649e-09	-9.85763e-09	0
236	5e+24	2.74999e+12	3.99994e+12	0	-0.192055	-1.26779	0	-1.92056e-09	-1.26781e-08	0
237	5e+24	2.74999e+12	4.24992e+12	0	-0.179851	-1.63952	0	-1.79852e-09	-1.63956e-08	0
238	5e+24	2.74999e+12	4.49989e+12	0	-0.166309	-2.19111	0	-1.6631e-09	-2.19119e-08	0
239	5e+24	2.74999e+12	4.74984e+12	0	-0.151831	-3.2928	0	-1.51833e-09	-3.29322e-08	0
240	5e+24	2.99999e+12	1.63626e+08	0	-0.257502	3.27263	0	-2.57505e-09	3.27304e-08	0
241	5e+24	2.99999e+12	2.50109e+11	0	-0.282748	2.17192	0	-2.8275e-09	2.17199e-08	0
242	5e+24	2.99998e+12	5.00081e+11	0	-0.306274	1.62195	0	-3.06276e-09	1.62198e-08	0
243	5e+24	2.99998e+12	7.50063e+11	0	-0.327357	1.25229	0	-3.27359e-09	1.25231e-08	0
244	5e+24	2.99998e+12	1.00005e+12	0	-0.345538	0.972609	0	-3.4554e-09	9.72622e-09	0
245	5e+24	2.99998e+12	1.25004e+12	0	-0.360599	0.745841	0	-3.60602e-09	7.45849e-09	0
246	5e+24	2.99998e+12	1.50003e+12	0	-0.372501	0.552659	0	-3.72504e-09	5.52665e-09	0
247	5e+24	2.99998e+12	1.75002e+12	0	-0.381301	0.381301	0	-3.81304e-09	3.81304e-09	0
248	5e+24	2.99998e+12	2.00001e+12	0	-0.387094	0.223709	0	-3.87097e-09	2.23711e-09	0
249	5e+24	2.99998e+12	2.25e+12	0	-0.389966	0.0737529	0	-3.89969e-09	7.37535e-10	0
250	5e+24	2.99998e+12	2.5e+12	0	-0.389966	-0.0737529	0	-3.89969e-09	-7.37535e-10	0
251	5e+24	2.99998e+12	2.74999e+12	0	-0.387094	-0.223709	0	-3.87097e-09	-2.23711e-09	0
252	5e+24	2.99998e+12	2.99998e+12	0	-0.381301	-0.381301	0	-3.81304e-09	-3.81304e-09	0
253	5e+24	2.99998e+12	3.24997e+12	0	-0.372501	-0.552659	0	-3.72504e-09	-5.52665e-09	0
254	5e+24	2.99998e+12	3.49996e+12	0	-0.360599	-0.745841	0	-3.60602e-09	-7.45849e-09	0
255	5e+24	2.99998e+12	3.74995e+12	0	-0.345538	-0.972609	0	-3.4554e-09	-9.72622e-09	0
256	5e+24	2.99998e+12	3.99994e+12	0	-0.327357	-1.25229	0	-3.27359e-09	-1.25231e-08	0
257	5e+24	2.99998e+12	4.24992e+12	0	-0.306274	-1.62195	0	-3.06276e-09	-1.62198e-08	0
258	5e+24	2.99999e+12	4.49989e+12	0	-0.282748	-2.17192	0	-2.8275e-09	-2.17199e-08	0
259	5e+24	2.99999e+12	4.74984e+12	0	-0.257502	-3.27263	0	-2.57505e-09	-3.27304e-08	0
260	5e+24	3.24998e+12	1.62021e+08	0	-0.370499	3.24052	0	-3.70503e-09	3.24093e-08	0
261	5e+24	3.24998e+12	2.50107e+11	0	-0.408428	2.14147	0	-4.08431e-09	2.14154e-08	0
262	5e+24	3.24998e+12	5.0008e+11	0	-0.443538	1.59425	0	-4.43541e-09	1.59429e-08	0
263	5e+24	3.24998e+12	7.50061e+11	0	-0.474696	1.22808	0	-4.74699e-09	1.2281e-08	0
264	5e+24	3.24997e+12	1.00005e+12	0	-0.501273	0.952257	0	-5.01277e-09	9.52269e-09	0
265	5e+24	3.24997e+12	1.25004e+12	0	-0.523063	0.729437	0	-5.23068e-09	7.29444e-09	0
266	5e+24	3.24997e+12	1.50003e+12	0	-0.540129	0.540129	0	-5.40134e-09	5.40134e-09	0
267	5e+24	3.24997e+12	1.75002e+12	0	-0.552659	0.372501	0	-5.52665e-09	3.72504e-09	0
268	5e+24	3.24997e+12	2.00001e+12	0	-0.560868	0.218496	0	-5.60874e-09	2.18498e-09	0
269	5e+24	3.24997e+12	2.25e+12	0	-0.564926	0.0720274	0	-5.64932e-09	7.2028e-10	0
270	5e+24	3.24997e+12	2.5e+12	0	-0.564926	-0.0720274	0	-5.64932e-09	-7.2028e-10	0
271	5e+24	3.24997e+12	2.74999e+12	0	-0.560868	-0.218496	0	-5.60874e-09	-2.18498e-09	0
272	5e+24	3.24997e+12	2.99998e+12	0	-0.552659	-0.372501	0	-5.52665e-09	-3.72504e-09	0
273	5e+24	3.24997e+12	3.24997e+12	0	-0.540129	-0.540129	0	-5.40134e-09	-5.40134e-09	0
274	5e+24	3.24997e+12	3.49996e+12	0	-0.523063	-0.729437	0	-5.23068e-09	-7.29444e-09	0
275	5e+24	3.24997e+12	3.74995e+12	0	-0.501273	-0.952257	0	-5.01277e-09	-9.52269e-09	0
276	5e+24	3.24998e+12	3.99994e+12	0	-0.474696	-1.22808	0	-4.74699e-09	-1.2281e-08	0
277	5e+24	3.24998e+12	4.24992e+12	0	-0.443538	-1.59425	0	-4.43541e-09	-1.59429e-08	0
278	5e+24	3.24998e+12	4.49989e+12	0	-0.408428	-2.14147	0	-4.08431e-09	-2.14154e-08	0
279	5e+24	3.24998e+12	4.74984e+12	0	-0.370499	-3.24052	0	-3.70503e-09	-3.24093e-08	0
280	5e+24	3.49998e+12	1.59684e+08	0	-0.495315	3.19378	0	-4.95321e-09	3.1942e-08	0
281	5e+24	3.49997e+12	2.50105e+11	0	-0.549208	2.09742	0	-5.49212e-09	2.0975e-08	0
282	5e+24	3.49997e+12	5.00078e+11	0	-0.598525	1.55465	0	-5.98529e-09	1.55468e-08	0
283	5e+24	3.49997e+12	7.5006e+11	0	-0.641594	1.19394	0	-6.416e-09	1.19396e-08	0
284	5e+24	3.49997e+12	1.00005e+12	0	-0.677717	0.923939	0	-6.77723e-09	9.2395e-09	0
285	5e+24	3.49996e+12	1.25004e+12	0	-0.706882	0.706882	0	-7.06889e-09	7.06889e-09	0
286	5e+24	3.49996e+12	1.50003e+12	0	-0.729437	0.523063	0	-7.29444e-09	5.23068e-09	0
287	5e+24	3.49996e+12	1.75002e+12	0	-0.745841	0.360599	0	-7.45849e-09	3.60602e-09	0
288	5e+24	3.49996e+12	2.00001e+12	0	-0.756518	0.211479	0	-7.56526e-09	2.1148e-09	0
289	5e+24	3.49996e+12	2.25e+12	0	-0.761775	0.0697094	0	-7.61784e-09	6.97099e-10	0
290	5e+24	3.49996e+12	2.5e+12	0	-0.761775	-0.0697094	0	-7.61784e-09	-6.97099e-10	0
291	5e+24	3.49996e+12	2.74999e+12	0	-0.756518	-0.211479	0	-7.56526e-09	-2.1148e-09	0
292	5e+24	3.49996e+12	2.99998e+12	0	-0.745841	-0.360599	0	-7.45849e-09	-3.60602e-09	0
293	5e+24	3.49996e+12	3.24997e+12	0	-0.729437	-0.523063	0	-7.29444e-09	-5.23068e-09	0
294	5e+24	3.49996e+12	3.49996e+12	0	-0.706882	-0.706882	0	-7.06889e-09	-7.06889e-09	0
295	5e+24	3.49997e+12	3.74995e+12	0	-0.677717	-0.923939	0	-6.77723e-09	-9.2395e-09	0
296	5e+24	3.49997e+12	3.99994e+12	0	-0.641594	-1.19394	0	-6.416e-09	-1.19396e-08	0
297	5e+24	3.49997e+12	4.24992e+12	0	-0.598525	-1.55465	0	-5.98529e-09	-1.55468e-08	0
298	5e+24	3.49997e+12	4.4999e+12	0	-0.549208	-2.09742	0	-5.49212e-09	-2.0975e-08	0
299	5e+24	3.49998e+12	4.74984e+12	0	-0.495315	-3.19378	0	-4.95321e-09	-3.1942e-08	0
300	5e+24	3.74997e+12	1.56383e+08	0	-0.638838	3.12776	0	-6.38847e-09	3.12817e-08	0
301	5e+24	3.74996e+12	2.50102e+11	0	-0.714308	2.03589	0	-7.14315e-09	2.03596e-08	0
302	5e+24	3.74996e+12	5.00075e+11	0	-0.781999	1.50037	0	-7.82006e-09	1.5004e-08	0
303	5e+24	3.74996e+12	7.50057e+11	0	-0.839605	1.14814	0	-8.39614e-09	1.14816e-08	0
304	5e+24	3.74996e+12	1.00004e+12	0	-0.886711	0.886711	0	-8.86722e-09	8.86722e-09	0
305	5e+24	3.74995e+12	1.25003e+12	0	-0.923939	0.677717	0	-9.2395e-09	6.77723e-09	0
306	5e+24	3.74995e+12	1.50003e+12	0	-0.952257	0.501273	0	-9.52269e-09	5.01277e-09	0
307	5e+24	3.74995e+12	1.75002e+12	0	-0.972609	0.345538	0	-9.72622e-09	3.4554e-09	0
308	5e+24	3.74995e+12	2.00001e+12	0	-0.98575	0.202647	0	-9.85763e-09	2.02649e-09	0
309	5e+24	3.74995e+12	2.25e+12	0	-0.992193	0.0668001	0	-9.92206e-09	6.68006e-10	0
310	5e+24	3.74995e+12	2.5e+12	0	-0.992193	-0.0668001	0	-9.92206e-09	-6.68006e-10	0
311	5e+24	3.74995e+12	2.74999e+12	0	-0.98575	-0.202647	0	-9.85763e-09	-2.02649e-09	0
312	5e+24	3.74995e+12	2.99998e+12	0	-0.972609	-0.345538	0	-9.72622e-09	-3.4554e-09	0
313	5e+24	3.74995e+12	3.24997e+12	0	-0.952257	-0.501273	0	-9.52269e-09	-5.01277e-09	0
314	5e+24	3.74995e+12	3.49997e+12	0	-0.923939	-0.677717	0	-9.2395e-09	-6.77723e-09	0
315	5e+24	3.74996e+12	3.74996e+12	0	-0.886711	-0.886711	0	-8.86722e-09	-8.86722e-09	0
316	5e+24	3.74996e+12	3.99994e+12	0	-0.839605	-1.14814	0	-8.39614e-09	-1.14816e-08	0
317	5e+24	3.74996e+12	4.24992e+12	0	-0.781999	-1.50037	0	-7.82006e-09	-1.5004e-08	0
318	5e+24	3.74996e+12	4.4999e+12	0	-0.714308	-2.03589	0	-7.14315e-09	-2.03596e-08	0
319	5e+24	3.74997e+12	4.74984e+12	0	-0.638838	-3.12776	0	-6.38847e-09	-3.12817e-08	0
320	5e+24	3.99996e+12	1.51694e+08	0	-0.813128	3.03399	0	-8.13143e-09	3.03441e-08	0
321	5e+24	3.99995e+12	2.50098e+11	0	-0.920293	1.95033	0	-9.20304e-09	1.9504e-08	0
322	5e+24	3.99995e+12	5.00071e+11	0	-1.01295	1.42734	0	-1.01296e-08	1.42737e-08	0
323	5e+24	3.99995e+12	7.50054e+11	0	-1.08855	1.08855	0	-1.08856e-08	1.08856e-08	0
324	5e+24	3.99994e+12	1.00004e+12	0	-1.14814	0.839605	0	-1.14816e-08	8.39614e-09	0
325	5e+24	3.99994e+12	1.25003e+12	0	-1.19394	0.641594	0	-1.19396e-08	6.416e-09	0
326	5e+24	3.99994e+12	1.50002e+12	0	-1.22808	0.474696	0	-1.2281e-08	4.74699e-09	0
327	5e+24	3.99994e+12	1.75002e+12	0	-1.25229	0.327357	0	-1.25231e-08	3.27359e-09	0
328	5e+24	3.99994e+12	2.00001e+12	0	-1.26779	0.192055	0	-1.26781e-08	1.92056e-09	0
329	5e+24	3.99994e+12	2.25e+12	0	-1.27535	0.0633214	0	-1.27537e-08	6.33218e-10	0
330	5e+24	3.99994e+12	2.5e+12	0	-1.27535	-0.0633214	0	-1.27537e-08	-6.33218e-10	0
331	5e+24	3.99994e+12	2.74999e+12	0	-1.26779	-0.192055	0	-1.26781e-08	-1.92056e-09	0
332	5e+24	3.99994e+12	2.99998e+12	0	-1.25229	-0.327357	0	-1.25231e-08	-3.27359e-09	0
333	5e+24	3.99994e+12	3.24998e+12	0	-1.22808	-0.474696	0	-1.2281e-08	-4.74699e-09	0
334	5e+24	3.99994e+12	3.49997e+12	0	-1.19394	-0.641594	0	-1.19396e-08	-6.416e-09	0
335	5e+24	3.99994e+12	3.74996e+12	0	-1.14814	-0.839605	0	-1.14816e-08	-8.39614e-09	0
336	5e+24	3.99995e+12	3.99995e+12	0	-1.08855	-1.08855	0	-1.08856e-08	-1.08856e-08	0
337	5e+24	3.99995e+12	4.24993e+12	0	-1.01295	-1.42734	0	-1.01296e-08	-1.42737e-08	0
338	5e+24	3.99995e+12	4.4999e+12	0	-0.920293	-1.95033	0	-9.20304e-09	-1.9504e-08	0
339	5e+24	3.99996e+12	4.74985e+12	0	-0.813128	-3.03399	0	-8.13143e-09	-3.03441e-08	0
340	5e+24	4.24995e+12	1.4477e+08	0	-1.0433	2.89551	0	-1.04332e-08	2.89592e-08	0
341	5e+24	4.24994e+12	2.50091e+11	0	-1.20218	1.82943	0	-1.20221e-08	1.8295e-08	0
342	5e+24	4.24993e+12	5.00066e+11	0	-1.32996	1.32996	0	-1.32999e-08	1.32999e-08	0
343	5e+24	4.24993e+12	7.50051e+11	0	-1.42734	1.01295	0	-1.42737e-08	1.01296e-08	0
344	5e+24	4.24992e+12	1.00004e+12	0	-1.50037	0.781999	0	-1.5004e-08	7.82006e-09	0
345	5e+24	4.24992e+12	1.25003e+12	0	-1.55465	0.598525	0	-1.55468e-08	5.98529e-09	0
346	5e+24	4.24992e+12	1.50002e+12	0	-1.59425	0.443538	0	-1.59429e-08	4.43541e-09	0
347	5e+24	4.24992e+12	1.75002e+12	0	-1.62195	0.306274	0	-1.62198e-08	3.06276e-09	0
348	5e+24	4.24992e+12	2.00001e+12	0	-1.63952	0.179851	0	-1.63956e-08	1.79852e-09	0
349	5e+24	4.24992e+12	2.25e+12	0	-1.64806	0.0593255	0	-1.6481e-08	5.93258e-10	0
350	5e+24	4.24992e+12	2.5e+12	0	-1.64806	-0.0593255	0	-1.6481e-08	-5.93258e-10	0
351	5e+24	4.24992e+12	2.74999e+12	0	-1.63952	-0.179851	0	-1.63956e-08	-1.79852e-09	0
352	5e+24	4.24992e+12	2.99998e+12	0	-1.62195	-0.306274	0	-1.62198e-08	-3.06276e-09	0
353	5e+24	4.24992e+12	3.24998e+12	0	-1.59425	-0.443538	0	-1.59429e-08	-4.43541e-09	0
354	5e+24	4.24992e+12	3.49997e+12	0	-1.55465	-0.598525	0	-1.55468e-08	-5.98529e-09	0
355	5e+24	4.24992e+12	3.74996e+12	0	-1.50037	-0.781999	0	-1.5004e-08	-7.82006e-09	0
356	5e+24	4.24993e+12	3.99995e+12	0	-1.42734	-1.01295	0	-1.42737e-08	-1.01296e-08	0
357	5e+24	4.24993e+12	4.24993e+12	0	-1.32996	-1.32996	0	-1.32999e-08	-1.32999e-08	0
358	5e+24	4.24994e+12	4.49991e+12	0	-1.20218	-1.82943	0	-1.20221e-08	-1.8295e-08	0
359	5e+24	4.24995e+12	4.74986e+12	0	-1.0433	-2.89551	0	-1.04332e-08	-2.89592e-08	0
360	5e+24	4.49993e+12	1.33551e+08	0	-1.39825	2.67112	0	-1.3983e-08	2.67152e-08	0
361	5e+24	4.49992e+12	2.50083e+11	0	-1.65361	1.65361	0	-1.65366e-08	1.65366e-08	0
362	5e+24	4.49991e+12	5.0006e+11	0	-1.82943	1.20218	0	-1.8295e-08	1.20221e-08	0
363	5e+24	4.4999e+12	7.50046e+11	0	-1.95033	0.920293	0	-1.9504e-08	9.20304e-09	0
364	5e+24	4.4999e+12	1.00004e+12	0	-2.03589	0.714308	0	-2.03596e-08	7.14315e-09	0
365	5e+24	4.4999e+12	1.25003e+12	0	-2.09742	0.549208	0	-2.0975e-08	5.49212e-09	0
366	5e+24	4.49989e+12	1.50002e+12	0	-2.14147	0.408428	0	-2.14154e-08	4.08431e-09	0
367	5e+24	4.49989e+12	1.75001e+12	0	-2.17192	0.282748	0	-2.17199e-08	2.8275e-09	0
368	5e+24	4.49989e+12	2.00001e+12	0	-2.19111	0.166309	0	-2.19119e-08	1.6631e-09	0
369	5e+24	4.49989e+12	2.25e+12	0	-2.20041	0.0549028	0	-2.20048e-08	5.49032e-10	0
370	5e+24	4.49989e+12	2.5e+12	0	-2.20041	-0.0549028	0	-2.20048e-08	-5.49032e-10	0
371	5e+24	4.49989e+12	2.74999e+12	0	-2.19111	-0.166309	0	-2.19119e-08	-1.6631e-09	0
372	5e+24	4.49989e+12	2.99999e+12	0	-2.17192	-0.282748	0	-2.17199e-08	-2.8275e-09	0
373	5e+24	4.49989e+12	3.24998e+12	0	-2.14147	-0.408428	0	-2.14154e-08	-4.08431e-09	0
374	5e+24	4.4999e+12	3.49997e+12	0	-2.09742	-0.549208	0	-2.0975e-08	-5.49212e-09	0
375	5e+24	4.4999e+12	3.74996e+12	0	-2.03589	-0.714308	0	-2.03596e-08	-7.14315e-09	0
376	5e+24	4.4999e+12	3.99995e+12	0	-1.95033	-0.920293	0	-1.9504e-08	-9.20304e-09	0
377	5e+24	4.49991e+12	4.24994e+12	0	-1.82943	-1.20218	0	-1.8295e-08	-1.20221e-08	0
378	5e+24	4.49992e+12	4.49992e+12	0	-1.65361	-1.65361	0	-1.65366e-08	-1.65366e-08	0
379	5e+24	4.49993e+12	4.74987e+12	0	-1.39825	-2.67112	0	-1.3983e-08	-2.67152e-08	0
380	5e+24	4.74989e+12	1.11301e+08	0	-2.22609	2.22609	0	-2.22642e-08	2.22642e-08	0
381	5e+24	4.74987e+12	2.5007e+11	0	-2.67112	1.39825	0	-2.67152e-08	1.3983e-08	0
382	5e+24	4.74986e+12	5.00052e+11	0	-2.89551	1.0433	0	-2.89592e-08	1.04332e-08	0
383	5e+24	4.74985e+12	7.50041e+11	0	-3.03399	0.813128	0	-3.03441e-08	8.13143e-09	0
384	5e+24	4.74984e+12	1.00003e+12	0	-3.12776	0.638838	0	-3.12817e-08	6.38847e-09	0
385	5e+24	4.74984e+12	1.25002e+12	0	-3.19378	0.495315	0	-3.1942e-08	4.95321e-09	0
386	5e+24	4.74984e+12	1.50002e+12	0	-3.24052	0.370499	0	-3.24093e-08	3.70503e-09	0
387	5e+24	4.74984e+12	1.75001e+12	0	-3.27263	0.257502	0	-3.27304e-08	2.57505e-09	0
388	5e+24	4.74984e+12	2.00001e+12	0	-3.2928	0.151831	0	-3.29322e-08	1.51833e-09	0
389	5e+24	4.74983e+12	2.25e+12	0	-3.30255	0.0501822	0	-3.30296e-08	5.01828e-10	0
390	5e+24	4.74983e+12	2.5e+12	0	-3.30255	-0.0501822	0	-3.30296e-08	-5.01828e-10	0
391	5e+24	4.74984e+12	2.74999e+12	0	-3.2928	-0.151831	0	-3.29322e-08	-1.51833e-09	0
392	5e+24	4.74984e+12	2.99999e+12	0	-3.27263	-0.257502	0	-3.27304e-08	-2.57505e-09	0
393	5e+24	4.74984e+12	3.24998e+12	0	-3.24052	-0.370499	0	-3.24093e-08	-3.70503e-09	0
394	5e+24	4.74984e+12	3.49998e+12	0	-3.19378	-0.495315	0	-3.1942e-08	-4.95321e-09	0
395	5e+24	4.74984e+12	3.74997e+12	0	-3.12776	-0.638838	0	-3.12817e-08	-6.38847e-09	0
396	5e+24	4.74985e+12	3.99996e+12	0	-3.03399	-0.813128	0	-3.03441e-08	-8.13143e-09	0
397	5e+24	4.74986e+12	4.24995e+12	0	-2.89551	-1.0433	0	-2.89592e-08	-1.04332e-08	0
398	5e+24	4.74987e+12	4.49993e+12	0	-2.67112	-1.39825	0	-2.67152e-08	-1.3983e-08	0
399	5e+24	4.74989e+12	4.74989e+12	0	-2.22609	-2.22609	0	-2.22642e-08	-2.22642e-08	0
